ordre_2
-7.46213e-09
-9.83426e-08
-1.00418e-07
2.1283e-07
8.32532e-07
1.68923e-06
2.89126e-06
4.72312e-06
7.59529e-06
1.2084e-05
1.90296e-05
2.96627e-05
4.57675e-05
6.9899e-05
0.000105671
0.00015813
0.000234235
0.000343454
0.000498502
0.000716228
0.00101865
0.00143413
0.00199869
0.00275739
0.00376573
0.00509098
0.00681329
0.00902647
0.0118382
0.0153697
0.0197541
0.0251342
0.0316583
0.0394757
0.0487297
0.0595497
0.0720428
0.0862838
0.102305
0.120087
0.139549
0.160543
0.182849
0.206173
0.230151
0.254352
0.278291
0.301446
0.323271
0.343219
0.360766
0.375433
0.386805
0.394553
0.398451
0.398385
0.394356
0.386487
0.375011
0.360259
0.34265
0.322665
0.30083
0.277689
0.253784
0.229638
0.205728
0.18248
0.160256
0.139344
0.119961
0.102251
0.0862929
0.0721047
0.0596531
0.0488636
0.0396297
0.031823
0.0253015
0.0199177
0.0155246
0.0119809
0.00915475
0.0069262
0.00518842
0.00384829
0.00282614
0.00205501
0.00147954
0.00105472
0.000744468
0.000520297
0.000360043
0.000246693
0.000167363
0.000112425
7.47786e-05
4.92339e-05
3.21862e-05
2.03677e-05
1.50139e-05
