ordre_1
1.13428e-11
2.11435e-10
1.88917e-09
1.08061e-08
4.46629e-08
1.43073e-07
3.73284e-07
8.26287e-07
1.61077e-06
2.86401e-06
4.79149e-06
7.72681e-06
1.21967e-05
1.89912e-05
2.92564e-05
4.463e-05
6.7429e-05
0.0001009
0.000149543
0.000219518
0.000319154
0.000459579
0.000655464
0.000925906
0.00129543
0.00179512
0.00246377
0.00334918
0.00450928
0.00601322
0.00794215
0.0103896
0.0134615
0.0172751
0.0219572
0.0276418
0.0344658
0.0425641
0.0520632
0.0630741
0.075684
0.0899478
0.105879
0.123442
0.142544
0.163031
0.184682
0.207211
0.230269
0.253449
0.2763
0.298336
0.319055
0.337954
0.354557
0.368424
0.379179
0.386523
0.390248
0.390248
0.386523
0.379179
0.368424
0.354557
0.337954
0.319054
0.298336
0.2763
0.253449
0.230269
0.207211
0.184682
0.163031
0.142544
0.123442
0.105879
0.0899478
0.075684
0.0630741
0.0520632
0.0425641
0.0344658
0.0276418
0.0219572
0.0172751
0.0134615
0.0103896
0.00794215
0.00601322
0.00450928
0.00334918
0.00246377
0.00179511
0.00129543
0.000925906
0.000655464
0.000459579
0.000319154
0.000219518
0.000149543
0.0001009
