ordre_1
1.45187e-09
1.69005e-08
9.30208e-08
3.26311e-07
8.36898e-07
1.72483e-06
3.09004e-06
5.12757e-06
8.21385e-06
1.29449e-05
2.01826e-05
3.11592e-05
4.76378e-05
7.21235e-05
0.000108134
0.000160548
0.000236052
0.000343692
0.000495554
0.000707575
0.00100049
0.00140093
0.00194258
0.00266748
0.00362732
0.00488462
0.00651382
0.00860207
0.0112494
0.0145687
0.0186841
0.0237293
0.0298442
0.0371703
0.0458453
0.0559958
0.0677296
0.0811267
0.0962303
0.113037
0.131491
0.151471
0.172794
0.195205
0.218381
0.241936
0.265431
0.288379
0.31027
0.330582
0.348804
0.364458
0.377117
0.386428
0.392124
0.394041
0.392124
0.386428
0.377117
0.364458
0.348804
0.330582
0.31027
0.288379
0.265431
0.241936
0.218381
0.195205
0.172794
0.151471
0.131491
0.113037
0.0962303
0.0811267
0.0677296
0.0559958
0.0458453
0.0371703
0.0298442
0.0237293
0.0186841
0.0145687
0.0112494
0.00860206
0.00651382
0.00488461
0.00362732
0.00266748
0.00194258
0.00140093
0.00100049
0.000707575
0.000495553
0.000343691
0.000236051
0.000160548
0.000108134
7.21235e-05
4.76378e-05
3.11591e-05
2.01826e-05
