ordre_2
3.7118e-07
1.33633e-06
2.40195e-06
3.9054e-06
6.28639e-06
1.00178e-05
1.58043e-05
2.46841e-05
3.81677e-05
5.84268e-05
8.85453e-05
0.000132849
0.000197328
0.000290176
0.000422449
0.000608874
0.000868805
0.00122733
0.00171649
0.00237665
0.00325786
0.00442124
0.00594021
0.0079014
0.0104053
0.0135659
0.0175102
0.0223759
0.0283086
0.0354572
0.0439683
0.0539789
0.0656082
0.0789483
0.0940541
0.110934
0.129539
0.149758
0.171409
0.194235
0.217909
0.242033
0.266152
0.28976
0.312322
0.333289
0.352123
0.368319
0.381425
0.391066
0.396962
0.398937
0.396932
0.391009
0.381342
0.368215
0.352003
0.333157
0.312185
0.289624
0.266021
0.241913
0.217802
0.194144
0.171336
0.149704
0.129503
0.110914
0.0940493
0.0789564
0.0656269
0.0540056
0.0440006
0.0354928
0.0283457
0.0224128
0.0175457
0.013599
0.0104354
0.0079282
0.00596356
0.00444121
0.00327463
0.0023905
0.00172774
0.00123633
0.000875908
0.000614395
0.000426681
0.000293376
0.000199716
0.000134607
8.98234e-05
5.93443e-05
3.88182e-05
2.51396e-05
1.61194e-05
1.02332e-05
6.43187e-06
3.98849e-06
2.69556e-06
