ordre_1
2.83569e-12
5.85301e-11
5.80846e-10
3.69897e-09
1.70411e-08
6.08013e-08
1.76023e-07
4.28982e-07
9.09157e-07
1.72796e-06
3.03257e-06
5.04345e-06
8.11045e-06
1.27778e-05
1.98589e-05
3.05335e-05
4.64863e-05
7.00971e-05
0.000104693
0.000154876
0.000226933
0.000329351
0.000473444
0.000674103
0.000950677
0.00132797
0.00183736
0.00251796
0.00341785
0.00459524
0.00611947
0.00807179
0.0105457
0.0136469
0.0174922
0.0222078
0.0279267
0.0347844
0.0429143
0.0524412
0.0634739
0.0760975
0.0903647
0.106287
0.123827
0.142891
0.163322
0.184902
0.207343
0.2303
0.253367
0.276097
0.298007
0.3186
0.33738
0.353873
0.367646
0.378326
0.385618
0.389317
0.389317
0.385618
0.378326
0.367646
0.353873
0.33738
0.3186
0.298007
0.276097
0.253367
0.230299
0.207343
0.184902
0.163322
0.142891
0.123827
0.106287
0.0903647
0.0760975
0.0634739
0.0524412
0.0429143
0.0347844
0.0279267
0.0222078
0.0174922
0.0136469
0.0105457
0.00807179
0.00611947
0.00459524
0.00341785
0.00251796
0.00183736
0.00132797
0.000950677
0.000674103
0.000473444
0.000329351
0.000226933
0.000154876
