ordre_1
1.81484e-10
2.65702e-09
1.85098e-08
8.21908e-08
2.63974e-07
6.63435e-07
1.38769e-06
2.55113e-06
4.32394e-06
7.0074e-06
1.10983e-05
1.73445e-05
2.6826e-05
4.10871e-05
6.23221e-05
9.36197e-05
0.000139277
0.000205203
0.000299416
0.00043267
0.000619197
0.000877586
0.0012318
0.00171231
0.00235731
0.00321395
0.00433964
0.00580309
0.00768522
0.0100796
0.0130926
0.0168421
0.0214566
0.0270718
0.0338272
0.0418608
0.0513029
0.0622685
0.0748494
0.0891047
0.105053
0.122661
0.14184
0.162437
0.184231
0.206936
0.230198
0.253608
0.276705
0.298995
0.319968
0.339111
0.355936
0.369995
0.380902
0.388352
0.392131
0.392131
0.388352
0.380902
0.369995
0.355936
0.339111
0.319968
0.298995
0.276705
0.253608
0.230198
0.206936
0.184231
0.162436
0.14184
0.122661
0.105053
0.0891047
0.0748494
0.0622685
0.0513029
0.0418608
0.0338272
0.0270718
0.0214566
0.0168421
0.0130926
0.0100796
0.00768521
0.00580308
0.00433964
0.00321395
0.0023573
0.00171231
0.0012318
0.000877586
0.000619196
0.00043267
0.000299416
0.000205203
0.000139277
9.36196e-05
6.23221e-05
4.10871e-05
