ordre_2
1.11962e-09
2.10709e-08
1.34693e-08
-7.72979e-08
-1.70305e-07
-9.46332e-08
2.35076e-07
7.96621e-07
1.5926e-06
2.7481e-06
4.52069e-06
7.30002e-06
1.16508e-05
1.83998e-05
2.87581e-05
4.44842e-05
6.81015e-05
0.000103186
0.000154739
0.000229668
0.000337385
0.00049055
0.000705954
0.00100557
0.00141772
0.00197842
0.00273275
0.00373629
0.00505642
0.00677348
0.00898156
0.0117887
0.0153164
0.0196984
0.0250779
0.0316039
0.039426
0.048688
0.0595197
0.0720283
0.0862884
0.102332
0.120139
0.139628
0.16065
0.182983
0.206332
0.230331
0.254547
0.278496
0.301652
0.323469
0.343402
0.360926
0.375561
0.386895
0.394602
0.398456
0.398344
0.394274
0.386366
0.374857
0.36008
0.342454
0.322461
0.300625
0.277492
0.253602
0.229475
0.205589
0.182369
0.160172
0.139287
0.119929
0.102242
0.0863034
0.0721312
0.0596919
0.0489111
0.0396826
0.0318783
0.0253568
0.0199711
0.0155745
0.0120264
0.0091954
0.00696172
0.00521887
0.00387393
0.00284737
0.00207231
0.00149343
0.0010657
0.000753028
0.000526878
0.000365031
0.000250442
0.000170055
0.000114758
7.47163e-05
5.73562e-05
