ordre_1
9.07422e-11
1.41925e-09
1.05834e-08
5.03503e-08
1.73083e-07
4.63704e-07
1.02556e-06
1.96941e-06
3.43754e-06
5.66567e-06
9.05286e-06
1.42214e-05
2.20852e-05
3.39566e-05
5.17046e-05
7.79709e-05
0.000116449
0.00017224
0.00025231
0.000366043
0.000525933
0.000748391
0.00105469
0.00147206
0.00203481
0.00278563
0.00377679
0.00507136
0.00674415
0.00888242
0.0115861
0.0149674
0.0191494
0.0242642
0.0304495
0.037844
0.0465819
0.0567857
0.0685589
0.0819771
0.0970786
0.113857
0.13225
0.152138
0.173334
0.195583
0.218567
0.241903
0.265156
0.28785
0.309482
0.329539
0.347523
0.362965
0.375448
0.384627
0.390241
0.392131
0.390241
0.384627
0.375448
0.362965
0.347523
0.329539
0.309482
0.28785
0.265156
0.241903
0.218567
0.195583
0.173334
0.152138
0.13225
0.113857
0.0970786
0.081977
0.0685589
0.0567857
0.0465819
0.037844
0.0304495
0.0242642
0.0191494
0.0149673
0.0115861
0.00888242
0.00674415
0.00507136
0.00377679
0.00278563
0.00203481
0.00147206
0.00105469
0.000748391
0.000525933
0.000366043
0.000252309
0.00017224
0.000116448
7.79708e-05
5.17046e-05
