ordre_2
1.32846e-08
6.9182e-11
-9.57728e-08
-1.52104e-07
2.79032e-08
4.93462e-07
1.19456e-06
2.17087e-06
3.62032e-06
5.87561e-06
9.41292e-06
1.49211e-05
2.34096e-05
3.63513e-05
5.58702e-05
8.49924e-05
0.000127974
0.000190728
0.000281357
0.000410822
0.000593759
0.000849434
0.00120286
0.00168605
0.00233937
0.00321295
0.00436807
0.00587839
0.00783093
0.0103266
0.0134802
0.0174193
0.0222824
0.0282161
0.03537
0.0438916
0.0539185
0.0655702
0.078939
0.0940794
0.110999
0.129648
0.149913
0.171609
0.194479
0.218191
0.242347
0.266486
0.290104
0.312661
0.333609
0.35241
0.36856
0.381608
0.391184
0.397007
0.398907
0.39683
0.390839
0.381112
0.367936
0.351689
0.332822
0.311842
0.289287
0.265703
0.241624
0.21755
0.193934
0.171171
0.149585
0.129428
0.11088
0.094051
0.078988
0.0656822
0.0540784
0.0440851
0.0355838
0.0284386
0.022504
0.0176322
0.013679
0.0105075
0.00799183
0.0060186
0.00448794
0.00331363
0.00242252
0.00175362
0.00125694
0.000892072
0.000626898
0.000436219
0.000300556
0.000205049
0.000138525
9.26236e-05
6.15274e-05
3.94971e-05
2.97036e-05
