ordre_1
2.26855e-11
4.00184e-10
3.37816e-09
1.82341e-08
7.10916e-08
2.15055e-07
5.31514e-07
1.12106e-06
2.10048e-06
3.62754e-06
5.95543e-06
9.49819e-06
1.48952e-05
2.30871e-05
3.54258e-05
5.38342e-05
8.10238e-05
0.000120777
0.00017831
0.000260726
0.000377583
0.000541575
0.000769353
0.00108246
0.00150841
0.00208183
0.00284572
0.00385265
0.00516592
0.00686052
0.00902378
0.0117555
0.0151675
0.0193826
0.0245318
0.0307518
0.0381799
0.0469484
0.0571781
0.0689702
0.0823979
0.0974977
0.114261
0.132624
0.152465
0.173597
0.195767
0.218655
0.241882
0.265016
0.287584
0.309088
0.329021
0.346888
0.362226
0.374622
0.383736
0.38931
0.391186
0.38931
0.383736
0.374622
0.362226
0.346888
0.329021
0.309088
0.287584
0.265016
0.241882
0.218655
0.195767
0.173597
0.152465
0.132624
0.114261
0.0974977
0.0823979
0.0689702
0.057178
0.0469484
0.0381799
0.0307518
0.0245318
0.0193826
0.0151675
0.0117555
0.00902377
0.00686052
0.00516592
0.00385264
0.00284571
0.00208182
0.0015084
0.00108246
0.000769352
0.000541575
0.000377582
0.000260726
0.00017831
0.000120777
8.10237e-05
