ordre_1
5.67139e-12
1.11389e-10
1.0503e-09
6.34765e-09
2.77345e-08
9.38681e-08
2.58179e-07
5.99786e-07
1.21853e-06
2.23739e-06
3.82775e-06
6.25915e-06
9.96176e-06
1.55939e-05
2.41238e-05
3.69432e-05
5.60295e-05
8.41647e-05
0.000125222
0.000184531
0.000269336
0.000389367
0.000557522
0.000790685
0.00111067
0.00154527
0.00212944
0.00290648
0.00392923
0.00526125
0.00697768
0.00916589
0.0119256
0.0153683
0.0196161
0.0247995
0.0310538
0.038515
0.0473137
0.0575687
0.0693791
0.0828159
0.0979135
0.114661
0.132993
0.152788
0.173857
0.195947
0.21874
0.241859
0.264875
0.287318
0.308695
0.328505
0.346256
0.36149
0.373801
0.382851
0.388385
0.390248
0.388385
0.382851
0.373801
0.36149
0.346256
0.328504
0.308695
0.287318
0.264875
0.241859
0.21874
0.195947
0.173857
0.152788
0.132993
0.114661
0.0979135
0.0828159
0.0693791
0.0575687
0.0473137
0.038515
0.0310538
0.0247995
0.0196161
0.0153683
0.0119256
0.00916589
0.00697768
0.00526125
0.00392923
0.00290647
0.00212944
0.00154527
0.00111067
0.000790685
0.000557521
0.000389366
0.000269336
0.00018453
0.000125222
