ordre_1
1.8584e-07
8.6239e-07
1.96729e-06
3.38216e-06
5.44665e-06
8.68464e-06
1.37108e-05
2.14318e-05
3.317e-05
5.08299e-05
7.71225e-05
0.000115859
0.000172333
0.000253802
0.000370093
0.000534335
0.000763844
0.00108115
0.00151514
0.00210238
0.00288839
0.00392908
0.00529193
0.00705709
0.00931808
0.0121819
0.0157687
0.0202098
0.025646
0.0322229
0.0400866
0.0493768
0.0602193
0.0727172
0.0869418
0.102922
0.120636
0.140003
0.160874
0.18303
0.206182
0.229968
0.253964
0.277694
0.300643
0.322274
0.342049
0.359452
0.37401
0.385314
0.393039
0.39696
0.39696
0.393039
0.385314
0.37401
0.359452
0.342049
0.322274
0.300643
0.277694
0.253964
0.229968
0.206182
0.18303
0.160874
0.140003
0.120636
0.102922
0.0869418
0.0727172
0.0602193
0.0493768
0.0400866
0.0322229
0.0256459
0.0202098
0.0157687
0.0121819
0.00931808
0.00705709
0.00529192
0.00392908
0.00288839
0.00210238
0.00151514
0.00108115
0.000763844
0.000534334
0.000370092
0.000253802
0.000172333
0.000115859
7.71224e-05
5.08298e-05
3.31699e-05
2.14318e-05
1.37107e-05
8.68463e-06
5.44665e-06
3.38216e-06
