ordre_2
-1.4013e-45
-2.8026e-45
-2.8026e-45
-1.4013e-45
0
1.4013e-45
1.4013e-45
0
-1.4013e-45
-2.8026e-45
-2.8026e-45
-1.4013e-45
0
1.4013e-45
1.4013e-45
2.8026e-45
1.4013e-45
0
-1.4013e-45
-2.8026e-45
-4.2039e-45
-5.60519e-45
-5.60519e-45
-4.2039e-45
-2.8026e-45
-1.4013e-45
-1.4013e-45
-0
-0
-1.4013e-45
-2.8026e-45
-4.2039e-45
-5.60519e-45
-7.00649e-45
-7.00649e-45
-5.60519e-45
-4.2039e-45
-2.8026e-45
-1.4013e-45
-1.4013e-45
-2.8026e-45
-4.2039e-45
-5.60519e-45
-7.00649e-45
-7.00649e-45
-8.40779e-45
-9.80909e-45
-1.12104e-44
-1.26117e-44
-1.4013e-44
-1.4013e-44
-1.4013e-44
-1.26117e-44
-1.12104e-44
-9.80909e-45
-8.40779e-45
-8.40779e-45
-7.00649e-45
-5.60519e-45
-4.2039e-45
-2.8026e-45
-2.8026e-45
-4.2039e-45
-5.60519e-45
-7.00649e-45
-8.40779e-45
-9.80909e-45
-1.12104e-44
-1.26117e-44
-1.12104e-44
-1.4013e-45
9.80909e-45
-4.2039e-45
-2.94273e-44
-1.12104e-44
5.32493e-44
3.22299e-44
-1.61149e-43
-2.11596e-43
2.52234e-43
6.33387e-43
-3.33509e-43
-1.79226e-42
-1.45735e-43
4.33702e-42
2.77457e-42
-8.94729e-42
-1.22375e-41
1.40186e-41
4.00603e-41
-8.28728e-42
-1.11826e-40
-4.93593e-41
2.76679e-40
2.67771e-40
-6.11738e-40
-8.48793e-40
1.17612e-39
1.88416e-39
-1.70026e-39
-2.07042e-39
