ordre_2
-1.4013e-45
-2.8026e-45
-2.8026e-45
-1.4013e-45
0
1.4013e-45
1.4013e-45
0
-1.4013e-45
-2.8026e-45
-2.8026e-45
-1.4013e-45
0
1.4013e-45
1.4013e-45
2.8026e-45
1.4013e-45
0
-1.4013e-45
-2.8026e-45
-4.2039e-45
-5.60519e-45
-5.60519e-45
-4.2039e-45
-2.8026e-45
-1.4013e-45
-1.4013e-45
-0
-0
-1.4013e-45
-2.8026e-45
-4.2039e-45
-4.2039e-45
0
8.40779e-45
7.00649e-45
-1.82169e-44
-2.66247e-44
3.36312e-44
6.5861e-44
-8.96831e-44
-2.34017e-43
1.52742e-43
6.96445e-43
-1.79366e-43
-1.98984e-42
-2.57839e-43
5.35156e-42
2.81521e-42
-1.34118e-41
-1.30937e-41
3.07557e-41
4.82145e-41
-6.16627e-41
-1.55738e-40
9.46899e-41
4.55716e-40
-4.05676e-41
-1.21874e-39
-4.71904e-40
2.95926e-39
2.67691e-39
-6.35648e-39
-1.01289e-38
1.12228e-38
3.18532e-38
-1.20273e-38
-8.77554e-38
-1.67289e-38
2.13535e-37
1.60516e-37
-4.48372e-37
-6.57633e-37
7.45185e-37
2.07376e-36
-6.32842e-37
-5.51488e-36
-1.76731e-36
1.25005e-35
1.20968e-35
-2.30772e-35
-4.42573e-35
2.82277e-35
1.25928e-34
1.20318e-35
-2.95178e-34
-2.18503e-34
5.5068e-34
8.79306e-34
-6.50701e-34
-2.53853e-33
-4.65564e-34
5.93008e-33
5.94356e-33
-1.14286e-32
-2.27034e-32
1.78216e-32
5.95392e-32
-2.13314e-32
-1.02432e-31
1.50597e-32
