ordre_2
-2.17792e-16
2.63021e-17
1.89911e-15
2.39502e-16
-8.81422e-15
-3.65848e-15
3.21687e-14
2.57785e-14
-9.69537e-14
-1.3041e-13
2.30591e-13
5.22916e-13
-3.42507e-13
-1.69582e-12
-2.61889e-13
4.31285e-12
4.07891e-12
-7.52695e-12
-1.66115e-11
3.08588e-12
4.21203e-11
3.43557e-11
-6.00206e-11
-1.39581e-10
-2.30778e-11
2.69917e-10
3.63413e-10
-1.11998e-10
-8.64028e-10
-8.81614e-10
5.0357e-10
2.33346e-09
2.28191e-09
-1.00344e-09
-5.49326e-09
-6.35638e-09
-2.09362e-10
1.03161e-08
1.65578e-08
9.93119e-09
-9.93904e-09
-3.19857e-08
-3.92081e-08
-2.00231e-08
2.23098e-08
6.89815e-08
9.44928e-08
7.96632e-08
2.11754e-08
-6.71403e-08
-1.60843e-07
-2.34755e-07
-2.70874e-07
-2.61049e-07
-2.04038e-07
-9.86245e-08
6.52543e-08
3.16489e-07
7.14736e-07
1.36676e-06
2.45096e-06
4.25493e-06
7.23266e-06
1.20892e-05
1.99028e-05
3.2297e-05
5.16773e-05
8.15522e-05
0.00012696
0.000195023
0.000295653
0.000442415
0.00065358
0.000953355
0.00137329
0.00195381
0.00274583
0.00381235
0.00522986
0.0070895
0.00949765
0.0125759
0.0164598
0.0212969
0.027243
0.034457
0.0430945
0.0532993
0.065195
0.0788721
0.0943855
0.111719
0.130853
0.151518
0.173928
0.196514
0.222794
0.240774
0.284149
0.252419
0.434539
