ordre_1
1.4013e-45
2.8026e-45
4.2039e-45
5.60519e-45
7.00649e-45
8.40779e-45
9.80909e-45
1.12104e-44
1.26117e-44
1.4013e-44
1.54143e-44
1.68156e-44
1.82169e-44
1.96182e-44
2.10195e-44
2.24208e-44
2.38221e-44
2.52234e-44
3.78351e-44
1.73761e-43
1.5092e-42
1.37748e-41
1.20805e-40
1.0095e-39
8.04493e-39
6.12382e-38
4.45955e-37
3.11144e-36
2.08267e-35
1.33911e-34
8.28055e-34
4.9297e-33
2.82843e-32
1.5655e-31
8.36624e-31
4.32066e-30
2.15803e-29
1.04323e-28
4.88465e-28
2.2167e-27
9.75623e-27
4.167e-26
1.72816e-25
6.96318e-25
2.72723e-24
1.03883e-23
3.85029e-23
1.3892e-22
4.88152e-22
1.67129e-21
5.57739e-21
1.81497e-20
5.76148e-20
1.78479e-19
5.39742e-19
1.59398e-18
4.59862e-18
1.29648e-17
3.57302e-17
9.62896e-17
2.53824e-16
6.54682e-16
1.65274e-15
4.08496e-15
9.88802e-15
2.34477e-14
5.44867e-14
1.24111e-13
2.77198e-13
6.07246e-13
1.30517e-12
2.75317e-12
5.70166e-12
1.15962e-11
2.31697e-11
4.54953e-11
8.78228e-11
1.66725e-10
3.11396e-10
5.72415e-10
1.03602e-09
1.84701e-09
3.24486e-09
5.62003e-09
9.60049e-09
1.6183e-08
2.69299e-08
4.42616e-08
7.1885e-08
1.15418e-07
1.83285e-07
2.88006e-07
4.48006e-07
6.90166e-07
1.05338e-06
1.59344e-06
2.38976e-06
3.55449e-06
5.24475e-06
7.67896e-06
1.11585e-05
