ordre_2
1.57348e-14
-1.06855e-13
-1.58094e-13
5.53539e-13
9.13824e-13
-1.84031e-12
-4.22056e-12
3.97805e-12
1.59213e-11
-1.57011e-12
-4.74332e-11
-3.25501e-11
1.00115e-10
1.73417e-10
-8.64037e-11
-5.05815e-10
-3.29383e-10
7.85734e-10
1.63293e-09
2.84833e-10
-3.03822e-09
-4.53266e-09
-1.5071e-10
8.45418e-09
1.24967e-08
3.32979e-09
-1.69181e-08
-3.25158e-08
-2.46599e-08
1.17773e-08
5.95727e-08
8.70239e-08
6.73903e-08
-3.99645e-09
-1.06224e-07
-2.03532e-07
-2.61564e-07
-2.58646e-07
-1.86563e-07
-4.19161e-08
1.87463e-07
5.37274e-07
1.08213e-06
1.95422e-06
3.36993e-06
5.67026e-06
9.38175e-06
1.53059e-05
2.46467e-05
3.9188e-05
6.15359e-05
9.54436e-05
0.000146237
0.000221363
0.00033108
0.000489309
0.000714655
0.0010316
0.00147187
0.00207586
0.00289423
0.00398942
0.00543698
0.0073267
0.00976317
0.0128657
0.0167673
0.0216125
0.027554
0.034748
0.0433472
0.0534938
0.0653099
0.0788875
0.0942787
0.111485
0.130446
0.151037
0.173058
0.196232
0.220211
0.244577
0.268854
0.292521
0.315032
0.335834
0.35439
0.370203
0.382839
0.391942
0.397257
0.398638
0.396061
0.389589
0.379514
0.365818
0.350018
0.328647
0.315764
0.265575
0.335462
