ordre_2
3.96181e-37
-8.65117e-37
-3.56898e-36
4.92228e-36
1.78593e-35
-2.01725e-35
-7.49081e-35
6.99259e-35
2.87104e-34
-2.12442e-34
-1.03723e-33
5.58102e-34
3.57839e-33
-1.16292e-33
-1.185e-32
1.17018e-33
3.76999e-32
5.43866e-33
-1.14985e-31
-4.72857e-32
3.34551e-31
2.39418e-31
-9.205e-31
-9.96995e-31
2.35909e-30
3.6957e-30
-5.47103e-30
-1.25531e-29
1.07365e-29
3.95125e-29
-1.40389e-29
-1.15466e-28
-1.07182e-29
3.1146e-28
1.69923e-28
-7.63267e-28
-8.1969e-28
1.63866e-27
2.99405e-27
-2.79355e-27
-9.31378e-27
2.30767e-27
2.54072e-26
8.21574e-27
-6.04476e-26
-5.60244e-26
1.20045e-25
2.13607e-25
-1.69635e-25
-6.38601e-25
1.38134e-26
1.58353e-24
1.00996e-24
-3.18558e-24
-4.62056e-24
4.48893e-24
1.42479e-23
-5.44282e-25
-3.4236e-23
-2.39026e-23
6.2624e-23
1.03307e-22
-6.63324e-23
-2.90683e-22
-7.66901e-23
6.04355e-22
6.64354e-22
-8.2461e-22
-2.18339e-21
1.27104e-23
4.88401e-21
4.18229e-21
-7.14143e-21
-1.54957e-20
1.78281e-21
3.53248e-20
2.83934e-20
-4.98726e-20
-1.07378e-19
5.05812e-21
2.32584e-19
2.13351e-19
-2.80883e-19
-7.21978e-19
-1.32097e-19
1.36056e-18
1.64672e-18
-1.09694e-18
-4.49023e-18
-2.47533e-18
6.52845e-18
1.18584e-17
-6.48636e-19
-2.34934e-17
-2.43933e-17
1.58658e-17
7.29046e-17
5.28285e-17
-1.22993e-16
-1.73236e-16
1.05397e-16
