ordre_2
-1.4013e-45
-2.8026e-45
-2.8026e-45
-1.4013e-45
0
1.4013e-45
1.4013e-45
0
-1.4013e-45
-2.8026e-45
-2.8026e-45
-1.4013e-45
0
1.4013e-45
1.4013e-45
2.8026e-45
-0
-1.4013e-44
-1.26117e-44
2.52234e-44
2.66247e-44
-8.12753e-44
-1.09301e-43
2.20004e-43
3.74147e-43
-5.74532e-43
-1.26677e-42
1.37047e-42
4.08619e-42
-2.9147e-42
-1.2749e-41
4.76161e-42
3.82274e-41
-1.97863e-42
-1.09944e-40
-2.99345e-41
3.0145e-40
1.8701e-40
-7.807e-40
-8.01368e-40
1.87832e-39
2.92167e-39
-4.06184e-39
-9.60849e-39
7.27131e-39
2.91217e-38
-7.6154e-39
-8.1867e-38
-1.48789e-38
2.12753e-37
1.35065e-37
-5.03777e-37
-5.91546e-37
1.04891e-36
2.05801e-36
-1.73911e-36
-6.22859e-36
1.37316e-36
1.68184e-35
5.21559e-36
-4.04319e-35
-3.50301e-35
8.39951e-35
1.35335e-34
-1.36759e-34
-4.18828e-34
1.02497e-34
1.10801e-33
3.99267e-34
-2.51405e-33
-2.51349e-33
4.65883e-33
9.07717e-33
-5.70125e-33
-2.57917e-32
-2.74319e-33
6.0715e-32
4.66244e-32
-1.14898e-31
-1.8927e-31
1.44855e-31
5.51215e-31
4.23593e-32
-1.27881e-30
-1.01128e-30
2.29899e-30
4.01018e-30
-2.47978e-30
-1.09604e-29
-2.46582e-30
2.25992e-29
2.40256e-29
-3.12013e-29
-8.64505e-29
3.61647e-30
2.28835e-28
1.36224e-28
-4.8217e-28
-4.4778e-28
7.26985e-28
5.58319e-28
