ordre_2
-1.26573e-19
2.75386e-19
1.14234e-18
-1.42627e-18
-5.70124e-18
4.80475e-18
2.34774e-17
-1.09461e-17
-8.56993e-17
6.53517e-18
2.80924e-16
9.71586e-17
-8.1739e-16
-6.85766e-16
2.03454e-15
3.07231e-15
-3.92298e-15
-1.08228e-14
3.66149e-15
3.10929e-14
1.21883e-14
-7.06316e-14
-8.4099e-14
1.08699e-13
2.93273e-13
-1.35941e-14
-7.04137e-13
-6.00531e-13
1.05715e-12
2.36177e-12
-3.83649e-14
-5.21411e-12
-5.29795e-12
5.49563e-12
1.70763e-11
7.5745e-12
-2.62428e-11
-4.56799e-11
-2.07202e-12
8.68493e-11
1.11184e-10
-2.53047e-11
-2.41064e-10
-2.68114e-10
8.33283e-11
5.95432e-10
6.71982e-10
-1.01826e-10
-1.30566e-09
-1.71457e-09
-3.24023e-10
2.35904e-09
4.10074e-09
2.49377e-09
-2.63868e-09
-8.08353e-09
-8.86621e-09
-2.05396e-09
9.97727e-09
1.96914e-08
1.86362e-08
3.40025e-09
-2.07106e-08
-4.11282e-08
-4.42726e-08
-2.31927e-08
1.77365e-08
6.36975e-08
9.54051e-08
9.70792e-08
6.26195e-08
-2.51683e-09
-8.39512e-08
-1.63791e-07
-2.26269e-07
-2.61489e-07
-2.66275e-07
-2.42278e-07
-1.92229e-07
-1.1529e-07
-1.49491e-09
1.74951e-07
4.67153e-07
9.69479e-07
1.85068e-06
3.37541e-06
6.01567e-06
1.04136e-05
1.7854e-05
2.96001e-05
4.93362e-05
7.81049e-05
0.000128219
0.00019109
0.000317307
0.000428306
0.000764488
0.000844082
0.00186761
0.00124805
0.00491905
