ordre_2
1.75756e-33
-1.16593e-32
-1.6214e-32
6.78e-32
8.4794e-32
-2.88915e-31
-3.77171e-31
1.0652e-30
1.5461e-30
-3.56208e-30
-5.99277e-30
1.09585e-29
2.21651e-29
-3.0917e-29
-7.84409e-29
7.82658e-29
2.65521e-28
-1.67064e-28
-8.57682e-28
2.38365e-28
2.63243e-27
1.8616e-28
-7.62348e-27
-3.33377e-27
2.05932e-26
1.76166e-26
-5.08427e-26
-7.07879e-26
1.1005e-25
2.44498e-25
-1.86756e-25
-7.52211e-25
1.31636e-25
2.07586e-24
7.31026e-25
-5.07599e-24
-4.69011e-24
1.05519e-23
1.81561e-23
-1.63673e-23
-5.60382e-23
6.97609e-24
1.45118e-22
7.54796e-23
-3.10477e-22
-3.92705e-22
4.93328e-22
1.29633e-21
-2.79114e-22
-3.31351e-21
-1.75185e-21
6.55894e-21
9.08048e-21
-8.39873e-21
-2.76915e-20
-2.49609e-21
6.16856e-20
5.60753e-20
-9.36987e-20
-2.05437e-19
3.51376e-20
4.88828e-19
3.50695e-19
-7.66126e-19
-1.45861e-18
3.38281e-19
3.47154e-18
2.52056e-18
-5.04115e-18
-1.01971e-17
7.63649e-19
2.21873e-17
2.0448e-17
-2.55468e-17
-6.8194e-17
-1.76216e-17
1.20883e-16
1.62681e-16
-7.12089e-17
-4.02576e-16
-2.9415e-16
4.75956e-16
1.10551e-15
3.01776e-16
-1.81224e-15
-2.64699e-15
4.48137e-16
5.58441e-15
5.6717e-15
-3.84101e-15
-1.52349e-14
-1.12477e-14
1.49549e-14
3.89319e-14
1.93002e-14
-4.32388e-14
-9.18901e-14
-5.1903e-14
1.4541e-13
2.404e-13
-9.89994e-14
