ordre_2
-1.28408e-37
-2.32847e-37
1.13579e-36
1.43997e-36
-5.47984e-36
-6.77961e-36
2.17607e-35
2.86173e-35
-7.75005e-35
-1.13424e-34
2.54955e-34
4.29351e-34
-7.82007e-34
-1.56245e-33
2.2307e-33
5.47808e-33
-5.82752e-33
-1.85034e-32
1.33972e-32
6.0119e-32
-2.40775e-32
-1.87357e-31
1.55222e-32
5.57515e-31
1.35286e-31
-1.57295e-30
-9.38025e-31
4.15996e-30
4.21418e-30
-1.01074e-29
-1.5812e-29
2.16522e-29
5.28049e-29
-3.6615e-29
-1.60346e-28
2.61632e-29
4.44371e-28
1.42928e-28
-1.11312e-27
-9.37705e-28
2.44752e-27
3.73973e-27
-4.36015e-27
-1.20653e-26
4.46594e-27
3.34161e-26
8.08665e-27
-7.9756e-26
-6.85497e-26
1.5744e-25
2.69287e-25
-2.18201e-25
-8.04762e-25
4.01239e-27
1.96404e-24
1.3278e-24
-3.81827e-24
-5.86816e-24
4.92823e-24
1.75014e-23
1.2126e-24
-4.02282e-23
-3.32311e-23
6.81238e-23
1.2981e-22
-5.47173e-23
-3.41025e-22
-1.5069e-22
6.50189e-22
8.78494e-22
-7.23347e-22
-2.57631e-21
-6.04291e-22
5.17306e-21
5.87593e-21
-6.10499e-21
-1.82896e-20
-3.38394e-21
3.63445e-20
4.10081e-20
-3.91398e-20
-1.24278e-19
-3.62758e-20
2.26518e-19
2.97136e-19
-1.78811e-19
-7.93083e-19
-4.31041e-19
1.1889e-18
2.11245e-18
-2.51627e-19
-4.55836e-18
-4.14741e-18
4.53459e-18
1.27769e-17
6.42476e-18
-1.96297e-17
-3.91693e-17
1.11704e-17
8.17722e-17
6.20151e-18
