ordre_2
-3.69884e-12
3.78366e-13
3.12178e-11
1.10901e-11
-1.3045e-10
-1.21907e-10
3.60768e-10
6.69706e-10
-4.70947e-10
-2.30008e-09
-1.174e-09
4.36729e-09
8.01245e-09
4.40006e-10
-1.66027e-08
-2.46132e-08
-4.21131e-09
4.00031e-08
7.35475e-08
5.61288e-08
-2.43772e-08
-1.38238e-07
-2.30468e-07
-2.50789e-07
-1.722e-07
1.32058e-08
3.15183e-07
7.70469e-07
1.46485e-06
2.55383e-06
4.28939e-06
7.06128e-06
1.14607e-05
1.83737e-05
2.91134e-05
4.56016e-05
7.06155e-05
0.000108114
0.000163663
0.000244982
0.00036262
0.000530795
0.000768386
0.0011001
0.00155778
0.00218181
0.00302266
0.00414227
0.00561542
0.00753075
0.00999134
0.0131146
0.0170314
0.0218838
0.0278219
0.0349992
0.0435664
0.0536639
0.0654127
0.0789051
0.0941942
0.111284
0.130119
0.150578
0.172468
0.195521
0.219394
0.243677
0.267902
0.291552
0.314084
0.334948
0.353605
0.369556
0.382358
0.391652
0.397171
0.398759
0.396378
0.390106
0.380134
0.36676
0.350369
0.331417
0.310411
0.287887
0.264384
0.240427
0.216509
0.193071
0.170497
0.1491
0.129125
0.110743
0.0940627
0.0791144
0.0659381
0.0542786
0.0448355
0.0344037
0.03482
