ordre_2
-1.4013e-45
-2.8026e-45
-2.8026e-45
-1.4013e-45
0
1.4013e-45
1.4013e-45
0
-1.4013e-45
-2.8026e-45
-2.8026e-45
-1.4013e-45
0
1.4013e-45
1.4013e-45
2.8026e-45
1.4013e-45
0
-1.4013e-45
-2.8026e-45
-4.2039e-45
-5.60519e-45
-5.60519e-45
-4.2039e-45
-2.8026e-45
-1.4013e-45
-1.4013e-45
-0
-0
-1.4013e-45
-2.8026e-45
-4.2039e-45
-5.60519e-45
-7.00649e-45
-7.00649e-45
-5.60519e-45
-4.2039e-45
-2.8026e-45
-1.4013e-45
-1.4013e-45
-2.8026e-45
-4.2039e-45
-5.60519e-45
-7.00649e-45
-7.00649e-45
-8.40779e-45
-9.80909e-45
-1.12104e-44
-1.26117e-44
-1.4013e-44
-1.4013e-44
-1.4013e-44
-1.26117e-44
-1.26117e-44
-2.24208e-44
-2.38221e-44
-5.60519e-45
1.12104e-44
-9.80909e-45
-4.48416e-44
4.2039e-45
1.17709e-43
3.92364e-44
-3.0268e-43
-2.60642e-43
6.41795e-43
9.51482e-43
-1.23174e-42
-3.08566e-42
1.64232e-42
8.77213e-42
2.46629e-43
-2.23535e-41
-1.23552e-41
5.03122e-41
5.8458e-41
-9.54971e-41
-2.00631e-40
1.28786e-40
5.78359e-40
4.38887e-42
-1.44778e-39
-8.36459e-40
3.11025e-39
3.84199e-39
-5.32205e-39
-1.24275e-38
4.98871e-39
3.29551e-38
1.07857e-38
-7.36511e-38
-8.20732e-38
1.35516e-37
3.10861e-37
-1.86539e-37
-9.02511e-37
1.26828e-37
2.09492e-36
1.60064e-37
-3.40109e-36
-3.73678e-37
