ordre_1
1.4013e-45
2.8026e-45
4.2039e-45
5.60519e-45
7.00649e-45
8.40779e-45
9.80909e-45
1.12104e-44
1.26117e-44
1.4013e-44
1.54143e-44
1.68156e-44
1.82169e-44
1.96182e-44
2.10195e-44
2.24208e-44
2.38221e-44
2.52234e-44
2.94273e-44
7.00649e-44
4.7504e-43
4.24313e-42
3.74665e-41
3.16223e-40
2.54619e-39
1.95844e-38
1.44119e-37
1.01615e-36
6.87389e-36
4.46691e-35
2.79176e-34
1.67993e-33
9.74294e-33
5.4512e-32
2.94502e-31
1.53761e-30
7.76456e-30
3.79512e-29
1.79673e-28
8.24489e-28
3.66952e-27
1.58498e-26
6.64782e-26
2.70905e-25
1.07317e-24
4.13478e-24
1.55017e-23
5.65786e-23
2.01124e-22
6.96627e-22
2.35203e-21
7.74394e-21
2.48729e-20
7.79646e-20
2.38579e-19
7.12986e-19
2.08158e-18
5.939e-18
1.65646e-17
4.51787e-17
1.20533e-16
3.14655e-16
8.03982e-16
2.01128e-15
4.92767e-15
1.18272e-14
2.78175e-14
6.4133e-14
1.44977e-13
3.21439e-13
6.99215e-13
1.49269e-12
3.12829e-12
6.43817e-12
1.30159e-11
2.58577e-11
5.04958e-11
9.69666e-11
1.83167e-10
3.40483e-10
6.23062e-10
1.12287e-09
1.99373e-09
3.48919e-09
6.02135e-09
1.0251e-08
1.72241e-08
2.85761e-08
4.68345e-08
7.58623e-08
1.21501e-07
1.92499e-07
3.01826e-07
4.68546e-07
7.20429e-07
1.09759e-06
1.6575e-06
2.48187e-06
3.68587e-06
5.43074e-06
7.94029e-06
