ordre_1
1.4013e-45
1.96182e-44
1.22894e-42
5.4348e-41
1.78999e-39
4.68171e-38
1.01291e-36
1.86448e-35
2.98063e-34
4.20378e-33
5.29579e-32
6.01902e-31
6.22317e-30
5.89383e-29
5.14331e-28
4.15672e-27
3.12494e-26
2.1938e-25
1.44314e-24
8.92278e-24
5.19955e-23
2.86272e-22
1.49249e-21
7.38335e-21
3.47228e-20
1.55505e-19
6.64243e-19
2.71023e-18
1.05772e-17
3.95351e-17
1.41696e-16
4.87513e-16
1.61187e-15
5.12662e-15
1.57002e-14
4.63401e-14
1.31938e-13
3.62678e-13
9.63325e-13
2.47447e-12
6.15176e-12
1.48141e-11
3.45826e-11
7.83242e-11
1.72245e-10
3.68103e-10
7.65131e-10
1.5482e-09
3.05237e-09
5.86916e-09
1.10171e-08
2.02094e-08
3.62653e-08
6.37313e-08
1.09805e-07
1.85694e-07
3.08582e-07
5.04476e-07
8.12256e-07
1.28943e-06
2.02021e-06
3.12682e-06
4.78509e-06
7.24585e-06
1.08639e-05
1.6137e-05
2.3757e-05
3.46781e-05
5.02034e-05
7.2097e-05
0.000102725
0.000145231
0.000203751
0.000283676
0.000391959
0.000537485
0.000731488
0.000988021
0.00132448
0.00176218
0.00232692
0.00304956
0.00396663
0.00512076
0.0065611
0.00834351
0.0105306
0.0131913
0.0164004
0.0202374
0.0247849
0.030127
0.0363462
0.0435208
0.0517215
0.0610072
0.0714215
0.0829877
0.0957054
0.109546
0.124451
