ordre_2
-1.4013e-45
-2.8026e-45
-2.8026e-45
-1.4013e-45
0
1.4013e-45
1.4013e-45
0
-1.4013e-45
-2.8026e-45
-2.8026e-45
-1.4013e-45
0
1.4013e-45
1.4013e-45
2.8026e-45
1.4013e-45
0
-1.4013e-45
-2.8026e-45
-4.2039e-45
-5.60519e-45
-5.60519e-45
-4.2039e-45
-2.8026e-45
-1.4013e-45
-1.4013e-45
-0
-0
-1.4013e-45
-2.8026e-45
-4.2039e-45
-5.60519e-45
-7.00649e-45
-7.00649e-45
-5.60519e-45
-4.2039e-45
-2.8026e-45
-1.4013e-45
-1.4013e-45
-2.8026e-45
-4.2039e-45
-5.60519e-45
-7.00649e-45
-7.00649e-45
-8.40779e-45
-9.80909e-45
-4.2039e-45
8.40779e-45
7.00649e-45
-1.68156e-44
-1.82169e-44
2.8026e-44
3.64338e-44
-8.82818e-44
-1.66755e-43
1.44334e-43
4.90454e-43
-1.70958e-43
-1.38028e-42
-1.7236e-43
3.55229e-42
2.09774e-42
-8.32371e-42
-9.46577e-42
1.70706e-41
3.29669e-41
-2.77303e-41
-9.9076e-41
2.05613e-41
2.64628e-40
8.64195e-41
-6.2792e-40
-5.57539e-40
1.28415e-39
2.11675e-39
-2.04226e-39
-6.47413e-39
1.3875e-39
1.70036e-38
6.51027e-39
-3.85342e-38
-3.89212e-38
7.21113e-38
1.38038e-37
-9.22653e-38
-3.87062e-37
-2.44426e-38
8.98987e-37
6.85551e-37
-1.67491e-36
-2.99358e-36
2.0947e-36
9.47365e-36
2.35756e-37
-2.47784e-35
-1.06256e-35
5.36968e-35
3.30129e-35
-8.36789e-35
-4.0505e-35
