ordre_2
-2.82192e-38
-2.17718e-36
1.60717e-37
1.28923e-35
1.04346e-37
-5.6683e-35
-5.89936e-36
2.18872e-34
4.89781e-35
-7.80655e-34
-2.88865e-34
2.62391e-33
1.43313e-33
-8.3762e-33
-6.35238e-33
2.54226e-32
2.58885e-32
-7.30512e-32
-9.85145e-32
1.96647e-31
3.53031e-31
-4.8534e-31
-1.19643e-30
1.04691e-30
3.83868e-30
-1.71157e-30
-1.16389e-29
5.90573e-31
3.31751e-29
1.1386e-29
-8.79938e-29
-6.83214e-29
2.12995e-28
2.81066e-28
-4.51519e-28
-9.69693e-28
7.48955e-28
2.95427e-27
-5.04882e-28
-8.04773e-27
-2.90176e-27
1.94105e-26
1.8159e-26
-3.98235e-26
-6.92551e-26
6.10332e-26
2.11623e-25
-2.54919e-26
-5.45605e-25
-2.79342e-25
1.1725e-24
1.45105e-24
-1.91169e-24
-4.82198e-24
1.3339e-24
1.255e-23
5.66347e-24
-2.58686e-23
-3.22652e-23
3.72063e-23
1.03625e-22
-8.08997e-24
-2.46943e-22
-1.74342e-22
4.29523e-22
7.43563e-22
-3.72309e-22
-1.98965e-21
-8.21928e-22
3.7625e-21
5.0495e-21
-3.97125e-21
-1.46164e-20
-4.23708e-21
2.81143e-20
3.46905e-20
-2.89598e-20
-1.01429e-19
-3.30667e-20
1.84559e-19
2.46618e-19
-1.50357e-19
-6.63942e-19
-3.41411e-19
1.03808e-18
1.74787e-18
-3.56022e-19
-3.93067e-18
-3.36333e-18
4.4417e-18
1.15338e-17
3.18931e-18
-1.95534e-17
-2.65737e-17
7.58648e-18
5.98904e-17
6.25542e-17
-6.4601e-17
-2.10277e-16
4.76482e-18
2.56556e-16
