ordre_2
-1.96979e-13
-1.01486e-12
1.41711e-12
6.08493e-12
-3.80856e-12
-2.57375e-11
-1.09221e-12
8.41662e-11
6.3477e-11
-1.96394e-10
-3.43948e-10
2.05442e-10
1.07724e-09
6.28076e-10
-1.83209e-09
-3.57066e-09
-4.08914e-10
6.99121e-09
1.02865e-08
7.51846e-10
-1.84796e-08
-2.95566e-08
-1.37153e-08
2.87506e-08
7.17701e-08
7.86692e-08
2.808e-08
-6.97494e-08
-1.77523e-07
-2.50544e-07
-2.55872e-07
-1.78732e-07
-1.42908e-08
2.49211e-07
6.49091e-07
1.26606e-06
2.2438e-06
3.81606e-06
6.34791e-06
1.03981e-05
1.68106e-05
2.68437e-05
4.23507e-05
6.60239e-05
0.00010172
0.000154887
0.000233107
0.000346788
0.000510001
0.00074149
0.00106585
0.00151486
0.00212893
0.00295861
0.00406608
0.00552652
0.00742912
0.00987773
0.0129907
0.0168999
0.0217487
0.0276884
0.034874
0.0434571
0.0535789
0.0653611
0.0788958
0.0942356
0.111383
0.130281
0.150806
0.172761
0.195875
0.219801
0.244126
0.268377
0.292036
0.314558
0.335392
0.353999
0.369881
0.3826
0.391799
0.397216
0.398701
0.39622
0.389855
0.379804
0.366366
0.349928
0.33095
0.309938
0.287425
0.263947
0.240045
0.216128
0.192938
0.169727
0.15096
0.121695
0.137089
