ordre_1
1.8765e-35
1.83223e-33
8.85738e-32
2.8264e-30
6.6971e-29
1.25678e-27
1.94559e-26
2.55545e-25
2.90691e-24
2.90907e-23
2.59301e-22
2.07932e-21
1.51247e-20
1.00485e-19
6.13371e-19
3.45748e-18
1.80772e-17
8.80092e-17
4.0036e-16
1.70703e-15
6.84091e-15
2.58326e-14
9.21331e-14
3.11018e-13
9.95741e-13
3.02908e-12
8.77104e-12
2.4216e-11
6.38523e-11
1.61053e-10
3.89189e-10
9.02482e-10
2.01136e-09
4.31537e-09
8.92771e-09
1.78403e-08
3.4497e-08
6.46665e-08
1.17743e-07
2.08649e-07
3.60584e-07
6.08986e-07
1.00719e-06
1.63449e-06
2.60767e-06
4.09715e-06
6.34969e-06
9.71966e-06
1.47119e-05
2.20392e-05
3.26992e-05
4.80743e-05
7.00621e-05
0.000101241
0.000145078
0.000206189
0.000290654
0.000406395
0.000563626
0.000775374
0.00105806
0.00143217
0.00192291
0.002561
0.00338334
0.00443371
0.00576337
0.00743145
0.00950514
0.0120596
0.0151774
0.0189475
0.0234637
0.0288226
0.0351206
0.0424505
0.0508976
0.0605349
0.0714181
0.0835806
0.097028
0.111734
0.127634
0.144626
0.162563
0.181257
0.200477
0.219954
0.239385
0.25844
0.276771
0.294022
0.30984
0.323887
0.335852
0.345464
0.352496
0.356785
0.358226
0.356785
0.352496
