ordre_1
1.4013e-45
2.8026e-45
4.2039e-45
5.60519e-45
7.00649e-45
8.40779e-45
9.80909e-45
1.12104e-44
1.26117e-44
1.4013e-44
1.54143e-44
1.68156e-44
1.82169e-44
1.96182e-44
2.10195e-44
2.24208e-44
2.38221e-44
2.52234e-44
2.66247e-44
2.8026e-44
2.94273e-44
3.08286e-44
3.22299e-44
3.36312e-44
3.50325e-44
3.64338e-44
3.78351e-44
3.92364e-44
4.06377e-44
4.2039e-44
4.90454e-44
1.12104e-43
5.87144e-43
3.85077e-42
2.5463e-41
1.63854e-40
1.02168e-39
6.17263e-39
3.6156e-38
2.05464e-37
1.13347e-36
6.07402e-36
3.16359e-35
1.60239e-34
7.89704e-34
3.78871e-33
1.77034e-32
8.0605e-32
3.57765e-31
1.54863e-30
6.54018e-30
2.69582e-29
1.08496e-28
4.26497e-28
1.63813e-27
6.14972e-27
2.25724e-26
8.10308e-26
2.84579e-25
9.78058e-25
3.29046e-24
1.08392e-23
3.49706e-23
1.10531e-22
3.42336e-22
1.03923e-21
3.09291e-21
9.02649e-21
2.58384e-20
7.25611e-20
1.99954e-19
5.40798e-19
1.43586e-18
3.74327e-18
9.58388e-18
2.4103e-17
5.9556e-17
1.44609e-16
3.45114e-16
8.09685e-16
1.86785e-15
4.23765e-15
9.457e-15
2.07641e-14
4.48637e-14
9.5408e-14
1.99745e-13
4.11773e-13
8.36039e-13
1.67216e-12
3.2954e-12
6.40058e-12
1.2255e-11
2.31366e-11
4.30807e-11
7.91365e-11
1.43449e-10
2.56664e-10
4.53418e-10
7.91088e-10
1.36355e-09
