ordre_2
-1.4013e-45
-2.8026e-45
-2.8026e-45
-1.4013e-45
0
1.4013e-45
1.4013e-45
0
-1.4013e-45
-2.8026e-45
-2.8026e-45
-1.4013e-45
0
1.4013e-45
1.4013e-45
2.8026e-45
1.4013e-45
0
-1.4013e-45
-2.8026e-45
-4.2039e-45
-5.60519e-45
-5.60519e-45
-4.2039e-45
-2.8026e-45
-1.4013e-45
-1.4013e-45
-0
-0
-1.4013e-45
-2.8026e-45
-1.4013e-45
7.00649e-45
8.40779e-45
-9.80909e-45
-2.8026e-44
9.80909e-45
5.74532e-44
-3.22299e-44
-1.93379e-43
1.12104e-44
5.32493e-43
1.52742e-43
-1.42512e-42
-9.40271e-43
3.57751e-42
3.94746e-42
-8.25085e-42
-1.40228e-41
1.67511e-41
4.48163e-41
-2.64173e-41
-1.31642e-40
1.36416e-41
3.57072e-40
1.23791e-40
-8.89149e-40
-7.38336e-40
1.99083e-39
2.8858e-39
-3.79945e-39
-9.3809e-39
5.16797e-39
2.68674e-38
4.99885e-40
-6.87193e-38
-3.76072e-38
1.55111e-37
1.79839e-37
-2.94086e-37
-6.18081e-37
3.91643e-37
1.77436e-36
4.60214e-38
-4.39378e-36
-2.71517e-36
9.24121e-36
1.23089e-35
-1.51399e-35
-3.96425e-35
1.2032e-35
1.04614e-34
3.77988e-35
-2.30291e-34
-2.39889e-34
3.98767e-34
8.28441e-34
-3.91775e-34
-2.18762e-33
-6.4822e-34
4.59129e-33
5.20635e-33
-7.0653e-33
-1.91457e-32
4.60748e-33
5.33915e-32
1.49057e-32
-1.19315e-31
-6.18763e-32
1.88546e-31
8.10819e-32
