ordre_2
-1.9416e-34
4.23872e-34
1.74927e-33
-2.39763e-33
-8.75325e-33
9.7186e-33
3.66921e-32
-3.30668e-32
-1.40382e-31
9.72855e-32
5.053e-31
-2.40196e-31
-1.73215e-30
4.24848e-31
5.6786e-30
2.09385e-34
-1.77976e-29
-4.73675e-30
5.31234e-29
2.99652e-29
-1.49862e-28
-1.37132e-28
3.94163e-28
5.37045e-28
-9.42298e-28
-1.89205e-27
1.93535e-27
6.10949e-27
-2.8561e-27
-1.81713e-26
-2.11764e-28
4.95547e-26
2.38999e-26
-1.21938e-25
-1.24535e-25
2.60528e-25
4.64935e-25
-4.34048e-25
-1.44926e-24
3.09855e-25
3.90478e-24
1.49919e-24
-9.01674e-24
-9.29993e-24
1.68062e-23
3.38808e-23
-1.96402e-23
-9.64125e-23
-1.68852e-23
2.22963e-22
1.9647e-22
-3.96452e-22
-7.55808e-22
3.86926e-22
2.07368e-21
6.63356e-22
-4.32986e-21
-4.92369e-21
6.08432e-21
1.6193e-20
-6.53782e-22
-3.72636e-20
-2.98172e-20
5.81628e-20
1.16641e-19
-2.69736e-20
-2.80953e-19
-1.92796e-19
4.37191e-19
8.19545e-19
-1.79641e-19
-1.92492e-18
-1.45042e-18
2.68062e-18
5.66702e-18
-3.2208e-20
-1.18365e-17
-1.1851e-17
1.23205e-17
3.6944e-17
1.329e-17
-6.0875e-17
-9.13088e-17
2.41283e-17
2.07991e-16
1.79311e-16
-2.12255e-16
-5.86788e-16
-2.45637e-16
8.55314e-16
1.45861e-15
4.14639e-17
-2.76124e-15
-3.22837e-15
1.32535e-15
7.27201e-15
7.37807e-15
-5.13991e-15
-2.40365e-14
-7.87386e-15
2.80271e-14
