ordre_1
6.44762e-25
4.03882e-23
1.24615e-21
2.52482e-20
3.77857e-19
4.45492e-18
4.30977e-17
3.51855e-16
2.47456e-15
1.52292e-14
8.30417e-14
4.05259e-13
1.78496e-12
7.14615e-12
2.6166e-11
8.8101e-11
2.74107e-10
7.91583e-10
2.13073e-09
5.36725e-09
1.27018e-08
2.83507e-08
5.99191e-08
1.20403e-07
2.30998e-07
4.24989e-07
7.53173e-07
1.29159e-06
2.15277e-06
3.50221e-06
5.58233e-06
8.74669e-06
1.35078e-05
2.06023e-05
3.10792e-05
4.64159e-05
6.867e-05
0.000100675
0.000146291
0.000210715
0.000300867
0.000425859
0.000597549
0.000831187
0.00114616
0.00156678
0.00212322
0.00285235
0.00379868
0.00501517
0.0065639
0.00851653
0.0109544
0.0139681
0.0176569
0.0221267
0.0274881
0.0338533
0.0413319
0.0500262
0.0600257
0.0714014
0.0841986
0.0984312
0.114075
0.131063
0.149278
0.168557
0.18868
0.209382
0.230347
0.251222
0.271622
0.291141
0.309368
0.325896
0.340342
0.352358
0.361648
0.367977
0.371183
0.371183
0.367977
0.361648
0.352358
0.340342
0.325896
0.309368
0.291141
0.271622
0.251222
0.230347
0.209382
0.18868
0.168557
0.149278
0.131063
0.114075
0.0984312
0.0841986
0.0714014
