ordre_1
3.30118e-22
1.77077e-20
4.66777e-19
8.06087e-18
1.02582e-16
1.02601e-15
8.40076e-15
5.79137e-14
3.43157e-13
1.77549e-12
8.12283e-12
3.31988e-11
1.22269e-10
4.08812e-10
1.24915e-09
3.50905e-09
9.11354e-09
2.2001e-08
4.96319e-08
1.05187e-07
2.10586e-07
4.00511e-07
7.27864e-07
1.27147e-06
2.14743e-06
3.5262e-06
5.65787e-06
8.90874e-06
1.38126e-05
2.11408e-05
3.19963e-05
4.79377e-05
7.11419e-05
0.000104614
0.000152456
0.0002202
0.00031523
0.000447278
0.000629032
0.000876824
0.00121143
0.00165894
0.00225169
0.00302925
0.00403934
0.00533868
0.0069937
0.00908093
0.011687
0.0149083
0.0188497
0.0236228
0.0293434
0.036128
0.0440889
0.0533295
0.0639382
0.0759815
0.0894971
0.104488
0.120914
0.13869
0.157676
0.177683
0.198463
0.219721
0.241112
0.262255
0.282739
0.302137
0.320022
0.33598
0.349626
0.360622
0.368688
0.373613
0.375269
0.373613
0.368688
0.360622
0.349626
0.33598
0.320022
0.302137
0.282739
0.262255
0.241112
0.219721
0.198463
0.177683
0.157676
0.13869
0.120914
0.104488
0.0894971
0.0759815
0.0639382
0.0533295
0.0440889
0.036128
0.0293434
