ordre_1
1.4013e-45
2.8026e-45
4.2039e-45
5.60519e-45
7.00649e-45
8.40779e-45
9.80909e-45
1.12104e-44
1.26117e-44
1.4013e-44
1.54143e-44
1.68156e-44
1.82169e-44
1.96182e-44
2.10195e-44
2.24208e-44
2.38221e-44
2.52234e-44
2.66247e-44
2.8026e-44
2.94273e-44
3.08286e-44
3.22299e-44
3.36312e-44
3.50325e-44
3.64338e-44
3.78351e-44
3.92364e-44
4.06377e-44
4.2039e-44
4.34403e-44
4.48416e-44
4.62428e-44
4.76441e-44
4.90454e-44
5.04467e-44
5.1848e-44
5.32493e-44
5.46506e-44
5.60519e-44
5.74532e-44
5.88545e-44
6.02558e-44
6.16571e-44
8.26766e-44
2.12997e-43
9.43074e-43
4.97181e-42
2.65784e-41
1.39603e-40
7.16752e-40
3.59516e-39
1.76206e-38
8.44146e-38
3.95419e-37
1.81169e-36
8.1215e-36
3.56327e-35
1.53057e-34
6.4383e-34
2.65294e-33
1.07111e-32
4.2385e-32
1.64424e-31
6.25458e-31
2.33356e-30
8.54128e-30
3.06767e-29
1.08136e-28
3.74197e-28
1.27141e-27
4.24241e-27
1.39049e-26
4.47743e-26
1.41671e-25
4.40552e-25
1.34666e-24
4.04702e-24
1.19592e-23
3.47563e-23
9.93564e-23
2.79421e-22
7.73195e-22
2.1055e-21
5.64313e-21
1.48885e-20
3.8673e-20
9.89138e-20
2.49149e-19
6.18124e-19
1.51066e-18
3.63745e-18
8.63025e-18
2.01794e-17
4.65061e-17
1.05655e-16
2.36652e-16
5.22673e-16
1.13844e-15
2.44577e-15
5.18329e-15
