ordre_1
1.4013e-45
2.8026e-45
4.2039e-45
5.60519e-45
7.00649e-45
8.40779e-45
9.80909e-45
1.12104e-44
1.26117e-44
1.4013e-44
1.54143e-44
1.68156e-44
1.82169e-44
1.96182e-44
2.10195e-44
2.24208e-44
4.90454e-44
3.41917e-43
3.39535e-42
3.3278e-41
3.09613e-40
2.73019e-39
2.2862e-38
1.82162e-37
1.38368e-36
1.00367e-35
6.96327e-35
4.62738e-34
2.94947e-33
1.80546e-32
1.06261e-31
6.01967e-31
3.28574e-30
1.7297e-29
8.78977e-29
4.31539e-28
2.04855e-27
9.4099e-27
4.1855e-26
1.80396e-25
7.53885e-25
3.05666e-24
1.20311e-23
4.59966e-23
1.70897e-22
6.17387e-22
2.16972e-21
7.42126e-21
2.47159e-20
8.0184e-20
2.5351e-19
7.81399e-19
2.34906e-18
6.89004e-18
1.97252e-17
5.51374e-17
1.5054e-16
4.01598e-16
1.04715e-15
2.66966e-15
6.65692e-15
1.62407e-14
3.87789e-14
9.06536e-14
2.07548e-13
4.65521e-13
1.02328e-12
2.20509e-12
4.66001e-12
9.66118e-12
1.96567e-11
3.92634e-11
7.70243e-11
1.48456e-10
2.81239e-10
5.23888e-10
9.60008e-10
1.73132e-09
3.07428e-09
5.37747e-09
9.27025e-09
1.57579e-08
2.6425e-08
4.37387e-08
7.14941e-08
1.15465e-07
1.84343e-07
2.91081e-07
4.548e-07
7.0347e-07
1.07766e-06
1.63569e-06
2.46076e-06
3.67061e-06
5.4305e-06
7.97062e-06
1.16091e-05
1.6782e-05
2.40828e-05
3.43121e-05
4.85418e-05
