ordre_2
-1.4013e-45
-2.8026e-45
-2.8026e-45
-1.4013e-45
0
1.4013e-45
1.4013e-45
0
-1.4013e-45
-2.8026e-45
-2.8026e-45
-1.4013e-45
0
1.4013e-45
1.4013e-45
2.8026e-45
1.4013e-45
0
-1.4013e-45
-2.8026e-45
-4.2039e-45
-5.60519e-45
-5.60519e-45
-4.2039e-45
-2.8026e-45
-1.4013e-45
-1.4013e-45
-0
-0
-1.4013e-45
-2.8026e-45
-4.2039e-45
-5.60519e-45
-7.00649e-45
-7.00649e-45
-8.40779e-45
-1.12104e-44
-9.80909e-45
4.2039e-45
1.26117e-44
-1.68156e-44
-4.2039e-44
2.94273e-44
1.17709e-43
-4.62428e-44
-3.57331e-43
-2.24208e-44
9.59889e-43
4.21791e-43
-2.45788e-42
-2.14118e-42
5.76354e-42
8.16817e-42
-1.20147e-41
-2.70296e-41
2.02179e-41
8.08633e-41
-1.69515e-41
-2.21285e-40
-5.87817e-41
5.52357e-40
4.19542e-40
-1.23372e-39
-1.70072e-39
2.33684e-39
5.57781e-39
-3.12254e-39
-1.59288e-38
-4.86029e-40
4.02929e-38
2.31906e-38
-8.91288e-38
-1.08233e-37
1.62753e-37
3.64086e-37
-1.9506e-37
-1.01985e-36
-1.23462e-37
2.44762e-36
1.80063e-36
-4.91957e-36
-7.49619e-36
7.38681e-36
2.29708e-35
-3.55278e-36
-5.7597e-35
-2.8038e-35
1.1749e-34
1.44113e-34
-1.71634e-34
-4.67475e-34
4.57897e-35
1.21274e-33
8.22763e-34
-2.65675e-33
-3.73409e-33
4.95739e-33
1.04202e-32
-7.58439e-33
-1.84397e-32
6.76431e-33
