ordre_2
6.15988e-31
4.56856e-29
-2.88098e-30
-2.69228e-28
-1.12709e-29
1.17289e-27
1.99069e-28
-4.46059e-27
-1.47617e-27
1.55366e-26
8.23985e-27
-5.03858e-26
-3.91206e-26
1.52529e-25
1.65785e-25
-4.27772e-25
-6.41764e-25
1.08888e-24
2.29514e-24
-2.39674e-24
-7.61516e-24
3.93911e-24
2.341e-23
-1.17713e-24
-6.61854e-23
-2.71265e-23
1.69249e-22
1.57203e-22
-3.77596e-22
-6.18968e-22
6.68828e-22
2.00179e-21
-6.0314e-22
-5.53957e-21
-1.78819e-21
1.30152e-20
1.27665e-20
-2.43746e-20
-4.79687e-20
2.76446e-20
1.368e-19
2.97414e-20
-3.08848e-19
-2.99479e-19
5.09175e-19
1.09847e-18
-3.33912e-19
-2.82282e-18
-1.51974e-18
5.21978e-18
7.84711e-18
-5.09681e-18
-2.20427e-17
-8.09551e-18
4.15228e-17
5.55949e-17
-3.92086e-17
-1.57223e-16
-6.52902e-17
2.72816e-16
4.05545e-16
-1.7218e-16
-1.02139e-15
-6.83284e-16
1.40121e-15
2.86451e-15
1.82746e-16
-5.58974e-15
-6.43013e-15
4.07524e-15
1.72447e-14
1.13679e-14
-2.07232e-14
-4.58293e-14
-1.33635e-14
7.18645e-14
1.10625e-13
-2.75854e-15
-2.10324e-13
-2.52254e-13
7.63063e-14
5.57484e-13
5.63789e-13
-2.90024e-13
-1.38436e-12
-1.2779e-12
7.77805e-13
3.27262e-12
3.0039e-12
-1.63872e-12
-7.38832e-12
-7.28846e-12
2.42437e-12
1.57813e-11
1.8053e-11
-1.40907e-12
-2.95219e-11
-4.29401e-11
-1.88746e-11
7.25004e-11
7.4309e-11
