ordre_1
1.65059e-22
9.0189e-21
2.42242e-19
4.26382e-18
5.53213e-17
5.64297e-16
4.71339e-15
3.31572e-14
2.00536e-13
1.05932e-12
4.94916e-12
2.06608e-11
7.77338e-11
2.6554e-10
8.28979e-10
2.3791e-09
6.3113e-09
1.55573e-08
3.58165e-08
7.74097e-08
1.57887e-07
3.05548e-07
5.64188e-07
9.99666e-07
1.70945e-06
2.83682e-06
4.59204e-06
7.28331e-06
1.13607e-05
1.74767e-05
2.65686e-05
3.9967e-05
5.95398e-05
8.7878e-05
0.000128535
0.000186328
0.000267715
0.000381254
0.000538155
0.000752928
0.00104413
0.00143518
0.00195531
0.00264047
0.0035343
0.00468901
0.00616619
0.00803732
0.010384
0.0132977
0.016879
0.0212362
0.0264831
0.0327357
0.0401084
0.0487092
0.0586339
0.0699598
0.0827393
0.0969925
0.112701
0.129802
0.148183
0.16768
0.188073
0.209092
0.230417
0.251684
0.272497
0.292438
0.31108
0.328001
0.342803
0.355124
0.364655
0.37115
0.374441
0.374441
0.37115
0.364655
0.355124
0.342803
0.328001
0.31108
0.292438
0.272497
0.251684
0.230417
0.209092
0.188073
0.16768
0.148183
0.129802
0.112701
0.0969925
0.0827393
0.0699598
0.0586339
0.0487092
0.0401084
0.0327357
