ordre_2
1.16424e-38
8.99626e-37
-6.67791e-38
-5.32818e-36
-3.6242e-38
2.34341e-35
2.38003e-36
-9.05373e-35
-1.98888e-35
3.23193e-34
1.1762e-34
-1.08765e-33
-5.84663e-34
3.47829e-33
2.59618e-33
-1.0584e-32
-1.06009e-32
3.05254e-32
4.04302e-32
-8.26237e-32
-1.45271e-31
2.05709e-31
4.93931e-31
-4.50872e-31
-1.59118e-30
7.67647e-31
4.84913e-30
-4.28606e-31
-1.39136e-29
-4.19363e-30
3.72361e-29
2.70021e-29
-9.13109e-29
-1.13871e-28
1.97769e-28
3.9928e-28
-3.4386e-28
-1.23418e-27
3.03146e-28
3.41546e-27
9.73873e-28
-8.4059e-27
-7.08012e-27
1.7794e-26
2.82208e-26
-2.91946e-26
-8.87969e-26
2.06147e-26
2.35579e-25
9.46882e-26
-5.25455e-25
-5.71694e-25
9.177e-25
2.00764e-24
-8.75047e-25
-5.45701e-24
-1.70046e-24
1.18572e-23
1.25746e-23
-1.89094e-23
-4.36318e-23
1.15562e-23
1.10557e-22
5.85652e-23
-2.09347e-22
-3.00554e-22
2.36747e-22
8.75909e-22
1.8672e-22
-1.81496e-21
-1.95168e-21
2.37332e-21
6.37906e-21
3.52665e-22
-1.36821e-20
-1.30265e-20
1.79155e-20
4.45566e-20
2.73013e-21
-9.27605e-20
-9.35368e-20
1.07078e-19
3.00556e-19
6.84444e-20
-5.5985e-19
-6.9804e-19
4.54464e-19
1.8935e-18
1.01806e-18
-2.81216e-18
-5.01908e-18
4.92532e-19
1.04922e-17
9.91675e-18
-8.97597e-18
-2.99912e-17
-1.96149e-17
4.82981e-17
9.08909e-17
-4.32764e-17
-1.2036e-16
