ordre_2
-1.63438e-32
-8.8507e-32
1.41021e-31
5.31698e-31
-6.45309e-31
-2.39149e-30
2.34401e-30
9.5113e-30
-7.23717e-30
-3.51186e-29
1.87687e-29
1.22619e-28
-3.62566e-29
-4.07528e-28
1.69519e-29
1.28993e-27
3.01104e-28
-3.87396e-27
-2.09491e-27
1.09487e-26
9.88668e-27
-2.86871e-26
-3.92257e-26
6.77041e-26
1.38677e-25
-1.34661e-25
-4.45985e-25
1.78612e-25
1.31082e-24
1.24818e-25
-3.49726e-24
-2.07289e-24
8.28783e-24
9.8495e-24
-1.65136e-23
-3.48797e-23
2.30815e-23
1.03289e-22
2.35838e-24
-2.61034e-22
-1.68324e-22
5.47275e-22
7.74309e-22
-8.4023e-22
-2.46995e-21
3.4758e-22
6.23137e-21
3.62339e-21
-1.22671e-20
-1.7715e-20
1.55955e-20
5.35448e-20
5.44981e-21
-1.19718e-19
-1.09091e-19
1.8448e-19
4.01405e-19
-7.77442e-20
-9.67568e-19
-6.67759e-19
1.55584e-18
2.86199e-18
-8.11645e-19
-6.97175e-18
-4.73473e-18
1.0515e-17
2.01523e-17
-2.82677e-18
-4.52711e-17
-3.89338e-17
5.5271e-17
1.36687e-16
2.65454e-17
-2.51994e-16
-3.18458e-16
1.71127e-16
8.22994e-16
5.50829e-16
-1.02877e-15
-2.22475e-15
-4.72617e-16
3.79832e-15
5.24818e-15
-1.25978e-15
-1.14978e-14
-1.11116e-14
8.54334e-15
3.10896e-14
2.15563e-14
-3.13285e-14
-7.81404e-14
-4.00654e-14
9.3137e-14
1.90327e-13
6.81465e-14
-2.37529e-13
-4.32175e-13
-2.16517e-13
6.775e-13
1.15368e-12
-4.19794e-13
