ordre_2
-1.4013e-45
-2.8026e-45
-2.8026e-45
-1.4013e-45
0
1.4013e-45
1.4013e-45
0
-1.4013e-45
-2.8026e-45
-2.8026e-45
-1.4013e-45
0
1.4013e-45
1.4013e-45
2.8026e-45
1.4013e-45
0
-1.4013e-45
-2.8026e-45
-4.2039e-45
-5.60519e-45
-5.60519e-45
-4.2039e-45
-2.8026e-45
-1.4013e-45
-1.4013e-45
-0
-0
-1.4013e-45
-2.8026e-45
-4.2039e-45
-5.60519e-45
-7.00649e-45
-7.00649e-45
-5.60519e-45
-4.2039e-45
-2.8026e-45
-1.4013e-45
-1.4013e-45
-2.8026e-45
-4.2039e-45
-5.60519e-45
-7.00649e-45
-7.00649e-45
-8.40779e-45
-9.80909e-45
-1.12104e-44
-1.26117e-44
-1.4013e-44
-1.4013e-44
-1.4013e-44
-1.26117e-44
-1.12104e-44
-9.80909e-45
-8.40779e-45
-8.40779e-45
-7.00649e-45
-5.60519e-45
-7.00649e-45
-1.82169e-44
-2.38221e-44
-8.40779e-45
1.4013e-44
-1.4013e-44
-7.84727e-44
-2.38221e-44
1.79366e-43
1.38729e-43
-4.03574e-43
-5.68927e-43
7.45491e-43
1.81608e-42
-1.00753e-42
-5.19601e-42
-2.03188e-43
1.30965e-41
7.60625e-42
-2.90643e-41
-3.53253e-41
5.38267e-41
1.18815e-40
-6.86104e-41
-3.33475e-40
-1.90689e-41
8.01468e-40
5.20135e-40
-1.60377e-39
-2.29837e-39
2.33463e-39
7.43352e-39
-6.75343e-40
-2.03008e-38
-1.09745e-38
4.87063e-38
5.04116e-38
-1.02661e-37
-1.4169e-37
1.78903e-37
2.51867e-37
-1.74696e-37
