ordre_2
-1.4013e-45
-2.8026e-45
-2.8026e-45
-1.4013e-45
0
1.4013e-45
1.4013e-45
0
-1.4013e-45
-2.8026e-45
-2.8026e-45
-1.4013e-45
0
1.4013e-45
1.4013e-45
2.8026e-45
1.4013e-45
0
-1.4013e-45
-2.8026e-45
-4.2039e-45
-5.60519e-45
-5.60519e-45
-4.2039e-45
-2.8026e-45
-1.4013e-45
-1.4013e-45
-0
-0
-1.4013e-45
-2.8026e-45
-4.2039e-45
-5.60519e-45
-7.00649e-45
-7.00649e-45
-5.60519e-45
-4.2039e-45
-2.8026e-45
-1.4013e-45
-1.4013e-45
-2.8026e-45
-4.2039e-45
-5.60519e-45
-7.00649e-45
-7.00649e-45
-8.40779e-45
-9.80909e-45
-1.12104e-44
-1.26117e-44
-1.4013e-44
-1.4013e-44
-1.4013e-44
-1.26117e-44
-1.12104e-44
-9.80909e-45
-8.40779e-45
-8.40779e-45
-7.00649e-45
-5.60519e-45
-4.2039e-45
-2.8026e-45
-2.8026e-45
-4.2039e-45
-5.60519e-45
-7.00649e-45
-8.40779e-45
-9.80909e-45
-1.12104e-44
-1.26117e-44
-1.4013e-44
-1.54143e-44
-1.54143e-44
-1.96182e-44
-1.68156e-44
-5.60519e-45
9.80909e-45
-5.60519e-45
-4.06377e-44
-1.12104e-44
8.54792e-44
6.16571e-44
-2.10195e-43
-3.01279e-43
3.1249e-43
8.60397e-43
-3.27904e-43
-2.32475e-42
-6.45999e-43
5.29971e-42
5.17359e-42
-1.02001e-41
-2.06411e-41
1.48285e-41
6.45802e-41
-9.43074e-42
-1.71044e-40
-2.88794e-41
3.7755e-40
1.18809e-40
-5.97249e-40
-1.54754e-40
