ordre_2
0
2.10195e-44
-0
-1.1911e-43
-1.4013e-45
5.24086e-43
3.50325e-44
-2.03749e-42
-3.16693e-43
7.37223e-42
1.98984e-42
-2.52528e-41
-1.02225e-41
8.28658e-41
4.67725e-41
-2.61383e-40
-1.96877e-40
7.9294e-40
7.76733e-40
-2.30702e-39
-2.90328e-39
6.39661e-39
1.03474e-38
-1.67019e-38
-3.52929e-38
4.01404e-38
1.15385e-37
-8.44214e-38
-3.61546e-37
1.33126e-37
1.08372e-36
-2.6044e-38
-3.09509e-36
-1.00048e-36
8.36236e-36
5.86646e-36
-2.11082e-35
-2.44049e-35
4.86192e-35
8.66742e-35
-9.70141e-35
-2.76768e-34
1.42923e-34
8.08769e-34
-1.84945e-35
-2.16731e-33
-9.68417e-34
5.26914e-33
5.12074e-33
-1.12682e-32
-1.90681e-32
1.94569e-32
5.95342e-32
-1.83737e-32
-1.62668e-31
-4.2741e-32
3.89749e-31
3.30033e-31
-7.92107e-31
-1.29358e-30
1.21035e-30
3.95297e-30
-5.77826e-31
-1.01223e-29
-4.96208e-30
2.1623e-29
2.61161e-29
-3.53892e-29
-8.67353e-29
2.68525e-29
2.26506e-28
9.22707e-29
-4.74761e-28
-5.54843e-28
7.2391e-28
1.83006e-27
-3.54829e-28
-4.53521e-27
-2.57329e-27
8.55202e-27
1.24763e-26
-9.97067e-27
-3.63175e-26
-6.10904e-27
7.75863e-26
7.68953e-26
-1.12879e-25
-2.66156e-25
3.57428e-26
6.17982e-25
4.30012e-25
-9.54742e-25
-1.76985e-24
3.62753e-25
4.45534e-24
3.58263e-24
-8.23361e-24
-1.44169e-23
1.12412e-23
2.86431e-23
-8.75624e-24
