ordre_2
-1.4013e-45
-2.8026e-45
-4.2039e-45
-1.4013e-45
1.12104e-44
0
-5.1848e-44
-7.00649e-45
1.8357e-43
3.64338e-44
-6.3619e-43
-2.0459e-43
2.13418e-42
9.83712e-43
-6.89999e-42
-4.32861e-42
2.14511e-41
1.7683e-41
-6.41949e-41
-6.81493e-41
1.84261e-40
2.49937e-40
-5.03498e-40
-8.76662e-40
1.29221e-39
2.94929e-39
-3.03375e-39
-9.52661e-39
6.13014e-39
2.95306e-38
-8.65899e-39
-8.76527e-38
-3.79287e-39
2.48053e-37
9.61609e-38
-6.64278e-37
-5.10402e-37
1.66144e-36
2.04905e-36
-3.78582e-36
-7.14147e-36
7.43312e-36
2.2541e-35
-1.05192e-35
-6.5376e-35
-8.28551e-37
1.74377e-34
8.28625e-35
-4.22994e-34
-4.21779e-34
9.04924e-34
1.55391e-33
-1.56983e-33
-4.8399e-33
1.51817e-33
1.32593e-32
3.29089e-33
-3.20184e-32
-2.62529e-32
6.6132e-32
1.04254e-31
-1.05078e-31
-3.22964e-31
6.74283e-32
8.42187e-31
3.54152e-31
-1.85049e-30
-2.04326e-30
3.20326e-30
7.05658e-30
-3.1019e-30
-1.90998e-29
-5.4681e-30
4.19855e-29
4.21462e-29
-7.02112e-29
-1.49573e-28
5.83094e-29
3.93552e-28
1.5197e-28
-8.03819e-28
-9.55162e-28
1.13176e-27
3.07199e-27
-2.1182e-28
-7.22558e-27
-5.20972e-27
1.23821e-26
2.14872e-26
-1.06364e-26
-5.54762e-26
-2.33862e-26
9.9309e-26
1.47567e-25
-9.03119e-26
-4.58459e-25
-1.37257e-25
1.03586e-24
7.40251e-25
-1.61078e-24
-1.01708e-24
