ordre_1
1.4013e-45
2.8026e-45
4.2039e-45
5.60519e-45
7.00649e-45
8.40779e-45
9.80909e-45
1.12104e-44
6.5861e-44
1.03976e-42
1.66236e-41
2.41623e-40
3.20078e-39
3.89024e-38
4.36373e-37
4.54055e-36
4.40201e-35
3.99184e-34
3.39757e-33
2.72248e-32
2.05948e-31
1.47442e-30
1.00122e-29
6.462e-29
3.97145e-28
2.32818e-27
1.30393e-26
6.98712e-26
3.587e-25
1.76645e-24
8.35436e-24
3.79878e-23
1.66241e-22
7.00834e-22
2.84883e-21
1.11754e-20
4.23407e-20
1.55054e-19
5.49229e-19
1.8831e-18
6.2536e-18
2.01279e-17
6.28266e-17
1.90292e-16
5.59599e-16
1.59864e-15
4.43887e-15
1.19859e-14
3.14895e-14
8.05338e-14
2.00596e-13
4.86867e-13
1.15202e-12
2.65876e-12
5.98806e-12
1.31673e-11
2.82836e-11
5.93775e-11
1.21896e-10
2.44836e-10
4.8142e-10
9.2723e-10
1.75036e-09
3.24051e-09
5.88747e-09
1.05042e-08
1.84167e-08
3.17532e-08
5.38767e-08
9.00267e-08
1.48258e-07
2.40805e-07
3.86033e-07
6.1123e-07
9.56535e-07
1.48045e-06
2.26748e-06
3.43866e-06
5.16592e-06
7.69143e-06
1.13536e-05
1.66214e-05
2.41393e-05
3.47857e-05
4.97476e-05
7.06154e-05
9.95011e-05
0.000139185
0.000193295
0.000266519
0.000364864
0.000495951
0.000669358
0.000897005
0.00119358
0.00157699
0.00206887
0.00269502
0.00348593
0.00447717
0.00570976
