ordre_2
-1.22965e-34
8.15494e-34
1.13309e-33
-4.74914e-33
-5.91454e-33
2.02914e-32
2.62558e-32
-7.51285e-32
-1.0747e-31
2.52849e-31
4.16401e-31
-7.85443e-31
-1.54188e-30
2.24961e-30
5.47323e-30
-5.84059e-30
-1.86255e-29
1.31057e-29
6.06519e-29
-2.1759e-29
-1.8832e-28
3.69915e-30
5.54292e-28
1.83548e-28
-1.5322e-27
-1.10416e-27
3.91483e-27
4.69373e-27
-8.96906e-27
-1.68844e-26
1.71573e-26
5.39848e-26
-2.10567e-26
-1.55586e-25
-2.11821e-26
4.02428e-25
2.66794e-25
-9.1143e-25
-1.19581e-24
1.68488e-24
4.04302e-24
-1.92546e-24
-1.14172e-23
-2.14578e-24
2.72731e-23
2.27514e-23
-5.27184e-23
-9.09345e-23
6.75379e-23
2.67505e-22
2.3945e-23
-6.25573e-22
-5.09989e-22
1.10981e-21
2.0335e-21
-1.05899e-21
-5.56031e-21
-1.89994e-21
1.13089e-20
1.34793e-20
-1.47413e-20
-4.27795e-20
-2.7919e-21
9.34478e-20
8.70087e-20
-1.30735e-19
-3.07596e-19
9.84102e-21
6.78627e-19
6.03753e-19
-8.97957e-19
-2.13936e-18
-1.30628e-19
4.40156e-18
4.57252e-18
-4.69632e-18
-1.42027e-17
-4.61348e-18
2.45188e-17
3.4708e-17
-1.37473e-17
-8.46794e-17
-6.23189e-17
1.02519e-16
2.3513e-16
5.44072e-17
-4.02655e-16
-5.54673e-16
1.58304e-16
1.25091e-15
1.13784e-15
-1.08915e-15
-3.45312e-15
-1.89624e-15
4.09017e-15
8.24953e-15
3.59168e-15
-1.27259e-14
-2.44611e-14
7.34799e-15
3.36954e-14
