ordre_2
-4.78763e-39
1.0456e-38
4.31263e-38
-5.97017e-38
-2.15807e-37
2.46272e-37
9.05457e-37
-8.63012e-37
-3.47378e-36
2.66996e-36
1.25753e-35
-7.2493e-36
-4.35388e-35
1.6276e-35
1.4499e-34
-2.30694e-35
-4.65123e-34
-3.27481e-35
1.43556e-33
4.59592e-34
-4.2472e-33
-2.54919e-33
1.19663e-32
1.11184e-32
-3.17524e-32
-4.26461e-32
7.77956e-32
1.49461e-31
-1.69007e-31
-4.86152e-31
2.92068e-31
1.47538e-30
-2.198e-31
-4.17068e-30
-1.16637e-30
1.08861e-29
8.03364e-30
-2.57134e-29
-3.36342e-29
5.24845e-29
1.15073e-28
-8.07389e-29
-3.43556e-28
3.07118e-29
9.08675e-28
4.1674e-28
-2.10289e-27
-2.25851e-27
4.04133e-27
8.0926e-27
-5.31927e-27
-2.35058e-26
-1.33628e-27
5.74111e-26
4.0123e-26
-1.14698e-25
-1.73908e-25
1.61636e-25
5.30717e-25
-2.08769e-26
-1.28482e-24
-8.67064e-25
2.41735e-24
3.81865e-24
-2.8326e-24
-1.10538e-23
-1.86032e-24
2.41275e-23
2.31921e-23
-3.68646e-23
-8.24927e-23
1.65509e-23
1.99895e-22
1.29278e-22
-3.3817e-22
-5.75931e-22
2.52858e-22
1.49012e-21
7.57896e-22
-2.57939e-21
-3.96958e-21
1.97111e-21
1.03611e-20
5.3844e-21
-1.70457e-20
-2.7541e-20
9.58926e-21
6.72177e-20
4.58222e-20
-9.58991e-20
-1.90233e-19
1.18178e-20
3.93953e-19
3.72667e-19
-3.66685e-19
-1.20632e-18
-6.37501e-19
2.28446e-18
3.27783e-18
-2.76716e-18
-4.4537e-18
