ordre_2
-1.4013e-45
-2.8026e-45
-2.8026e-45
-1.4013e-45
0
1.4013e-45
1.4013e-45
0
-1.4013e-45
-2.8026e-45
-2.8026e-45
-1.4013e-45
0
1.4013e-45
1.4013e-45
2.8026e-45
1.4013e-45
0
-1.4013e-45
-2.8026e-45
-4.2039e-45
-5.60519e-45
-5.60519e-45
-4.2039e-45
-2.8026e-45
-1.4013e-45
-1.4013e-45
-0
-0
-1.4013e-45
-2.8026e-45
-4.2039e-45
-5.60519e-45
-7.00649e-45
-7.00649e-45
-5.60519e-45
-4.2039e-45
-2.8026e-45
-1.4013e-45
-1.4013e-45
-2.8026e-45
-4.2039e-45
-5.60519e-45
-7.00649e-45
-7.00649e-45
-8.40779e-45
-9.80909e-45
-1.12104e-44
-1.26117e-44
-1.4013e-44
-1.4013e-44
-1.4013e-44
-1.26117e-44
-1.12104e-44
-9.80909e-45
-8.40779e-45
-8.40779e-45
-7.00649e-45
-5.60519e-45
-4.2039e-45
-5.60519e-45
-1.4013e-44
-2.52234e-44
-1.82169e-44
8.40779e-45
8.40779e-45
-6.02558e-44
-8.26766e-44
9.52883e-44
2.52234e-43
-1.33123e-43
-7.24471e-43
-3.50325e-44
1.82169e-42
1.00753e-42
-4.15065e-42
-4.80786e-42
7.93555e-42
1.65213e-41
-1.1059e-41
-4.7888e-41
1.38448e-42
1.2069e-40
6.36105e-41
-2.61468e-40
-3.04593e-40
4.51968e-40
1.01152e-39
-4.32022e-40
-2.77416e-39
-8.95662e-40
6.56225e-39
6.90931e-39
-1.3488e-38
-2.58404e-38
2.38345e-38
7.20745e-38
-3.5242e-38
-1.50642e-37
3.96286e-38
1.61341e-37
