ordre_2
-2.24208e-44
4.62428e-44
1.91978e-43
-2.64845e-43
-9.51482e-43
1.10843e-42
3.9909e-42
-3.97548e-42
-1.53344e-41
1.27728e-41
5.57352e-41
-3.69635e-41
-1.94329e-40
9.41336e-41
6.54391e-40
-1.93389e-40
-2.13414e-39
2.03286e-40
6.74268e-39
8.02602e-40
-2.06073e-38
-7.26061e-39
6.07267e-38
3.72516e-38
-1.71618e-37
-1.57509e-37
4.61076e-37
5.96656e-37
-1.16032e-36
-2.08946e-36
2.65943e-36
6.85866e-36
-5.20336e-36
-2.12212e-35
6.92576e-36
6.19127e-35
4.40553e-36
-1.69583e-34
-8.02284e-35
4.31532e-34
4.00239e-34
-9.9828e-34
-1.5194e-33
1.99931e-33
4.9797e-33
-2.99002e-33
-1.46192e-32
7.67842e-34
3.87559e-32
1.75805e-32
-9.1773e-32
-9.36077e-32
1.86732e-31
3.41549e-31
-2.88959e-31
-1.03112e-30
1.44943e-31
2.6853e-30
1.21364e-30
-5.99317e-30
-6.65175e-30
1.07782e-29
2.31471e-29
-1.18768e-29
-6.43066e-29
-1.28182e-29
1.47757e-28
1.29609e-28
-2.68317e-28
-4.94664e-28
2.98068e-28
1.38623e-27
2.7879e-28
-3.07085e-27
-2.89045e-27
5.05984e-27
1.05093e-26
-3.83378e-27
-2.72296e-26
-1.21237e-26
5.30213e-26
6.93517e-26
-6.53568e-26
-2.0962e-25
-2.34633e-26
4.53041e-25
4.29948e-25
-6.58689e-25
-1.50845e-24
2.01336e-25
3.43557e-24
2.50561e-24
-4.9762e-24
-1.02073e-23
7.05341e-25
2.56584e-23
2.16799e-23
-4.7881e-23
-7.15584e-23
6.32214e-23
8.91692e-23
