ordre_2
-1.4013e-45
-2.8026e-45
-2.8026e-45
-1.4013e-45
-0
-8.40779e-45
-7.00649e-45
1.82169e-44
2.38221e-44
-6.72623e-44
-9.3887e-44
2.08793e-43
3.36312e-43
-6.62814e-43
-1.21352e-42
1.97023e-42
4.23893e-42
-5.51691e-42
-1.44194e-41
1.43717e-41
4.76526e-41
-3.38119e-41
-1.52998e-40
6.61707e-41
4.762e-40
-7.59602e-41
-1.4328e-39
-1.68834e-40
4.15075e-39
1.70709e-39
-1.15078e-38
-8.49976e-39
3.02465e-38
3.41957e-38
-7.41689e-38
-1.22269e-37
1.64521e-37
4.01743e-37
-3.06591e-37
-1.22919e-36
3.60949e-37
3.51412e-36
4.59613e-37
-9.35152e-36
-5.25262e-36
2.28759e-35
2.42913e-35
-4.99904e-35
-8.77427e-35
9.07946e-35
2.74893e-34
-1.03498e-34
-7.69869e-34
-1.213e-34
1.93242e-33
1.32666e-33
-4.25968e-33
-5.70316e-33
7.72348e-33
1.87968e-32
-8.87786e-33
-5.24633e-32
-8.34944e-33
1.26189e-31
9.6563e-32
-2.54168e-31
-3.95389e-31
3.78218e-31
1.20883e-30
-1.47769e-31
-3.03637e-30
-1.64038e-30
6.23622e-30
8.15136e-30
-9.37648e-30
-2.59325e-29
4.18556e-30
6.43835e-29
3.60785e-29
-1.25216e-28
-1.75811e-28
1.61815e-28
5.29513e-28
2.66822e-29
-1.20484e-27
-9.92358e-28
2.00833e-27
3.8248e-27
-1.59949e-27
-9.76902e-27
-4.24077e-27
1.76719e-26
2.50015e-26
-1.64045e-26
-7.64697e-26
-2.82218e-26
1.74708e-25
1.7151e-25
-3.06529e-25
-3.74267e-25
2.95083e-25
