ordre_1
1.4013e-45
2.8026e-45
4.2039e-45
5.60519e-45
2.66247e-44
6.55808e-43
1.5965e-41
3.32534e-40
6.02134e-39
9.62718e-38
1.37605e-36
1.776e-35
2.08699e-34
2.24841e-33
2.23393e-32
2.05736e-31
1.76408e-30
1.41376e-29
1.06262e-28
7.51369e-28
5.01176e-27
3.16129e-26
1.88994e-25
1.07307e-24
5.79716e-24
2.98506e-23
1.46732e-22
6.89554e-22
3.10219e-21
1.33774e-20
5.53597e-20
2.20094e-19
8.41525e-19
3.09736e-18
1.09846e-17
3.75684e-17
1.24013e-16
3.95424e-16
1.21882e-15
3.63422e-15
1.04903e-14
2.93332e-14
7.95091e-14
2.09046e-13
5.33472e-13
1.3222e-12
3.18472e-12
7.4594e-12
1.70007e-11
3.77255e-11
8.1562e-11
1.71913e-10
3.53501e-10
7.09634e-10
1.39171e-09
2.66844e-09
5.00602e-09
9.19603e-09
1.65554e-08
2.92336e-08
5.06766e-08
8.6319e-08
1.44602e-07
2.38456e-07
3.8744e-07
6.20799e-07
9.81802e-07
1.53384e-06
2.36893e-06
3.6195e-06
5.47449e-06
8.20126e-06
1.21749e-05
1.79175e-05
2.61493e-05
3.78553e-05
5.43713e-05
7.74925e-05
0.00010961
0.000153877
0.000214421
0.000296581
0.000407209
0.000555009
0.000750926
0.00100859
0.00134478
0.00177996
0.00233883
0.00305079
0.00395051
0.00507837
0.00648074
0.00821024
0.0103257
0.0128918
0.0159787
0.0196608
0.0240157
0.0291223
0.0350583
