ordre_2
4.75019e-39
2.5794e-38
-4.13741e-38
-1.54922e-37
1.93261e-37
6.97255e-37
-7.27778e-37
-2.78094e-36
2.38935e-36
1.03372e-35
-6.93193e-36
-3.65483e-35
1.72667e-35
1.24001e-34
-3.26062e-35
-4.0504e-34
1.62614e-35
1.27373e-33
2.54703e-34
-3.84642e-33
-1.78874e-33
1.10969e-32
8.53481e-33
-3.03184e-32
-3.45228e-32
7.72688e-32
1.25816e-31
-1.78483e-31
-4.23034e-31
3.49525e-31
1.32457e-30
-4.57527e-31
-3.86735e-30
-3.43755e-31
1.04723e-29
5.52953e-30
-2.59267e-29
-2.68654e-29
5.68465e-29
9.91091e-29
-1.01735e-28
-3.12748e-28
1.05267e-28
8.71153e-28
1.95905e-28
-2.13995e-27
-1.70118e-27
4.49152e-27
6.93203e-27
-7.24006e-27
-2.17857e-26
4.73283e-27
5.71407e-26
2.45577e-26
-1.24837e-25
-1.42015e-25
2.09666e-25
4.86248e-25
-1.71938e-25
-1.28738e-24
-4.99979e-25
2.70177e-24
3.14937e-24
-4.03589e-24
-1.03971e-23
1.52489e-24
2.5291e-23
1.6163e-23
-4.53627e-23
-7.31599e-23
4.40937e-23
2.0172e-22
6.76107e-23
-3.95753e-22
-4.86206e-22
4.62388e-22
1.47549e-21
2.75669e-22
-2.98618e-21
-3.27507e-21
3.51197e-21
1.02831e-20
1.95334e-21
-2.01665e-20
-2.31418e-20
2.0638e-20
6.85568e-20
2.35668e-20
-1.20347e-19
-1.68916e-19
8.34836e-20
4.29769e-19
2.54257e-19
-5.83242e-19
-1.12456e-18
-1.40225e-19
2.40233e-18
2.98503e-18
-3.22045e-18
-7.2065e-18
2.25932e-18
