ordre_2
-3.03353e-39
2.00999e-38
2.78506e-38
-1.17607e-37
-1.44478e-37
5.06768e-37
6.36997e-37
-1.90137e-36
-2.59315e-36
6.52717e-36
1.00239e-35
-2.08775e-35
-3.71991e-35
6.24831e-35
1.33093e-34
-1.73913e-34
-4.59642e-34
4.41391e-34
1.5314e-33
-9.71842e-34
-4.91358e-33
1.58061e-33
1.51365e-32
-1.70071e-34
-4.45585e-32
-1.38421e-32
1.24441e-31
8.27537e-32
-3.2584e-31
-3.54721e-31
7.8337e-31
1.29951e-30
-1.65583e-30
-4.27802e-30
2.72981e-30
1.28758e-29
-1.64461e-30
-3.55094e-29
-1.22835e-29
8.88443e-29
7.63395e-29
-1.96016e-28
-3.01163e-28
3.53417e-28
9.71317e-28
-3.81246e-28
-2.70745e-27
-5.65327e-28
6.55375e-27
5.29587e-27
-1.33043e-26
-2.13842e-26
1.98282e-26
6.55066e-26
-6.76458e-27
-1.65052e-25
-9.30157e-26
3.38018e-25
4.55975e-25
-4.95835e-25
-1.44007e-24
1.50613e-25
3.51998e-24
2.23292e-24
-6.5917e-24
-1.01906e-23
7.51146e-24
2.93794e-23
5.79089e-24
-6.2653e-23
-6.36287e-23
9.02102e-23
2.17967e-22
-2.0723e-23
-5.04656e-22
-3.84746e-22
7.85007e-22
1.53294e-21
-3.6827e-22
-3.67397e-21
-2.51349e-21
5.65379e-21
1.06134e-20
-2.24669e-21
-2.47151e-20
-1.86653e-20
3.41913e-20
7.2438e-20
-5.39164e-22
-1.52498e-19
-1.49415e-19
1.67874e-19
4.64455e-19
1.38725e-19
-7.55627e-19
-1.18411e-18
2.79062e-19
3.22205e-18
1.89384e-18
-5.1934e-18
-3.34157e-18
