ordre_1
1.4013e-45
2.8026e-45
4.2039e-45
5.60519e-45
7.00649e-45
8.40779e-45
9.80909e-45
1.12104e-44
1.26117e-44
1.4013e-44
1.54143e-44
1.68156e-44
1.82169e-44
1.96182e-44
2.10195e-44
2.24208e-44
2.38221e-44
2.52234e-44
2.66247e-44
2.8026e-44
2.94273e-44
3.08286e-44
3.22299e-44
3.36312e-44
3.50325e-44
3.64338e-44
3.78351e-44
3.92364e-44
4.06377e-44
4.2039e-44
4.34403e-44
4.48416e-44
4.62428e-44
4.76441e-44
4.90454e-44
5.04467e-44
5.1848e-44
5.32493e-44
5.74532e-44
1.03696e-43
3.9937e-43
2.16641e-42
1.24982e-41
7.11944e-41
3.95689e-40
2.1427e-39
1.13067e-38
5.81643e-38
2.91816e-37
1.42849e-36
6.82555e-36
3.18463e-35
1.45146e-34
6.46441e-34
2.81439e-33
1.19816e-32
4.98951e-32
2.03307e-31
8.10818e-31
3.16592e-30
1.2106e-29
4.53467e-29
1.66436e-28
5.98704e-28
2.11131e-27
7.30072e-27
2.47604e-26
8.238e-26
2.6894e-25
8.6169e-25
2.71017e-24
8.36916e-24
2.538e-23
7.55979e-23
2.21216e-22
6.36056e-22
1.79731e-21
4.992e-21
1.3631e-20
3.6598e-20
9.66355e-20
2.50979e-19
6.41254e-19
1.61208e-18
3.98822e-18
9.71121e-18
2.32777e-17
5.49351e-17
1.27665e-16
2.92193e-16
6.58747e-16
1.46314e-15
3.20214e-15
6.90643e-15
1.46824e-14
3.0771e-14
6.35861e-14
1.29578e-13
2.60452e-13
5.16447e-13
1.01043e-12
