ordre_1
1.4013e-45
1.42932e-43
9.39571e-42
4.06178e-40
1.3073e-38
3.3409e-37
7.06135e-36
1.26959e-34
1.98211e-33
2.7296e-32
3.35702e-31
3.72424e-30
3.75783e-29
3.47263e-28
2.9564e-27
2.33052e-26
1.70863e-25
1.16958e-24
7.50046e-24
4.52012e-23
2.56689e-22
1.377e-21
6.99366e-21
3.36981e-20
1.5433e-19
6.72958e-19
2.79838e-18
1.11135e-17
4.22095e-17
1.53514e-16
5.35285e-16
1.79149e-15
5.76112e-15
1.78198e-14
5.30676e-14
1.52298e-13
4.21591e-13
1.12669e-12
2.90945e-12
7.26571e-12
1.75619e-11
4.11204e-11
9.33477e-11
2.05627e-10
4.39914e-10
9.14855e-10
1.85112e-09
3.64777e-09
7.00746e-09
1.31365e-08
2.40573e-08
4.30865e-08
7.55545e-08
1.2987e-07
2.19082e-07
3.63137e-07
5.92129e-07
9.50928e-07
1.50574e-06
2.35328e-06
3.63366e-06
5.54797e-06
8.38255e-06
1.25416e-05
1.85909e-05
2.73156e-05
3.97953e-05
5.75015e-05
8.24213e-05
0.000117213
0.000165397
0.000231597
0.000321814
0.000443774
0.00060731
0.000824817
0.00111175
0.00148716
0.00197432
0.00260127
0.00340142
0.00441413
0.00568514
0.00726688
0.00921864
0.0116064
0.0145025
0.0179847
0.0221349
0.0270376
0.0327773
0.0394363
0.0470908
0.0558076
0.0656401
0.0766238
0.0887723
0.102073
0.116484
0.131929
0.148297
