ordre_2
4.71048e-34
-1.02831e-33
-4.24394e-33
5.81111e-33
2.12363e-32
-2.35129e-32
-8.90096e-32
7.97557e-32
3.40442e-31
-2.33382e-31
-1.22464e-30
5.69925e-31
4.19349e-30
-9.75402e-31
-1.37242e-29
-2.16607e-31
4.29041e-29
1.22582e-29
-1.2759e-28
-7.51426e-29
3.58007e-28
3.39494e-28
-9.34107e-28
-1.318e-27
2.20447e-27
4.60744e-27
-4.41765e-27
-1.47568e-26
6.06323e-27
4.34751e-26
2.94671e-27
-1.17132e-25
-6.39071e-26
2.83365e-25
3.13356e-25
-5.88826e-25
-1.13705e-24
9.21547e-25
3.46583e-24
-4.04471e-25
-9.1199e-24
-4.39647e-24
2.04083e-23
2.37193e-23
-3.59839e-23
-8.21417e-23
3.47459e-23
2.24797e-22
6.88483e-23
-4.96848e-22
-5.17471e-22
8.16916e-22
1.82958e-21
-5.70676e-22
-4.7339e-21
-2.3036e-21
9.20291e-21
1.26131e-20
-1.09922e-20
-3.77674e-20
-6.31081e-21
7.99306e-20
8.21885e-20
-1.07387e-19
-2.76155e-19
-7.83423e-21
5.98363e-19
5.60775e-19
-7.80808e-19
-1.93548e-18
-1.51553e-19
3.97827e-18
4.15984e-18
-4.3175e-18
-1.29722e-17
-3.95957e-18
2.28584e-17
3.14678e-17
-1.4341e-17
-7.89804e-17
-5.41141e-17
1.01368e-16
2.17124e-16
3.39114e-17
-3.92353e-16
-5.00755e-16
2.08747e-16
1.20842e-15
9.69538e-16
-1.20396e-15
-3.25727e-15
-1.52908e-15
4.43261e-15
8.0144e-15
1.22605e-15
-1.24865e-14
-1.91245e-14
-1.58622e-15
4.36886e-14
3.84914e-14
-4.28343e-14
