ordre_2
-1.4013e-45
-2.8026e-45
-2.8026e-45
-1.4013e-45
0
1.4013e-45
1.4013e-45
0
-1.4013e-45
-2.8026e-45
-2.8026e-45
-1.4013e-45
0
1.4013e-45
1.4013e-45
2.8026e-45
1.4013e-45
0
-1.4013e-45
-2.8026e-45
-4.2039e-45
-5.60519e-45
-5.60519e-45
-4.2039e-45
-2.8026e-45
-1.4013e-45
-1.4013e-45
-0
-0
-1.4013e-45
-2.8026e-45
-4.2039e-45
-5.60519e-45
-7.00649e-45
-7.00649e-45
-5.60519e-45
-4.2039e-45
-2.8026e-45
-4.2039e-45
-1.26117e-44
-1.68156e-44
-1.4013e-45
1.54143e-44
-1.4013e-44
-5.74532e-44
1.12104e-44
1.59748e-43
2.66247e-44
-4.34403e-43
-2.53635e-43
1.06919e-42
1.10983e-42
-2.43406e-42
-4.00911e-42
4.80926e-42
1.27868e-41
-7.18446e-42
-3.71456e-41
2.13137e-42
9.89317e-41
4.0789e-41
-2.39679e-40
-2.22235e-40
5.14648e-40
8.32126e-40
-9.10732e-40
-2.60959e-39
9.86804e-40
7.1994e-39
1.31095e-39
-1.76093e-38
-1.29264e-38
3.7367e-38
5.34339e-38
-6.35502e-38
-1.70073e-37
5.96492e-38
4.57977e-37
1.25418e-37
-1.05824e-36
-9.56369e-37
2.02401e-36
3.60525e-36
-2.73354e-36
-1.0474e-35
9.66866e-38
2.50557e-35
1.58536e-35
-4.80157e-35
-7.08408e-35
6.07825e-35
2.20337e-34
2.09113e-35
-5.63392e-34
-4.39207e-34
1.23459e-33
1.66263e-33
-2.29967e-33
-3.94027e-33
3.21316e-33
4.4387e-33
