ordre_2
1.33538e-12
-1.41188e-13
-1.13382e-11
-3.54603e-12
4.84253e-11
4.05501e-11
-1.42996e-10
-2.33536e-10
2.43756e-10
8.76142e-10
1.78727e-10
-2.05843e-09
-2.69616e-09
1.6609e-09
8.09614e-09
6.99613e-09
-7.14346e-09
-2.4202e-08
-2.26871e-08
9.20416e-09
5.55849e-08
7.84774e-08
4.52912e-08
-4.48094e-08
-1.57071e-07
-2.40581e-07
-2.53392e-07
-1.74748e-07
1.58792e-09
2.86471e-07
7.17267e-07
1.37778e-06
2.41841e-06
4.08319e-06
6.75119e-06
1.09997e-05
1.76966e-05
2.81318e-05
4.41977e-05
6.86351e-05
0.000105359
0.000159887
0.000239877
0.00035582
0.000521871
0.000756852
0.00108542
0.00153939
0.00215917
0.00299525
0.00410968
0.0055774
0.00748729
0.00994276
0.0130616
0.0169752
0.021826
0.0277648
0.0349456
0.0435196
0.0536275
0.0653905
0.078901
0.0942117
0.111326
0.130188
0.150676
0.172594
0.195672
0.219568
0.243869
0.268105
0.291759
0.314287
0.335138
0.353774
0.369695
0.382463
0.391715
0.397191
0.398735
0.396311
0.389999
0.379993
0.366591
0.35018
0.331217
0.310208
0.287689
0.264197
0.240258
0.216362
0.19295
0.170401
0.149036
0.129068
0.110783
0.0938402
0.0799893
0.0627364
0.0664277
