ordre_2
1.73061e-32
1.29689e-30
-8.54966e-32
-7.65254e-30
-2.51691e-31
3.34213e-29
5.08977e-30
-1.27636e-28
-3.86035e-29
4.4752e-28
2.18184e-28
-1.46613e-27
-1.04721e-27
4.50699e-27
4.49041e-27
-1.29404e-26
-1.76274e-26
3.4202e-26
6.41418e-26
-8.05362e-26
-2.17547e-25
1.55309e-25
6.88113e-25
-1.70525e-25
-2.02114e-24
-3.87947e-25
5.45411e-24
3.57639e-24
-1.32267e-23
-1.61807e-23
2.74348e-23
5.74541e-23
-4.19778e-23
-1.74064e-22
1.13793e-23
4.57194e-22
2.4177e-22
-1.01931e-21
-1.24571e-21
1.77019e-21
4.25962e-21
-1.55743e-21
-1.15373e-20
-4.18095e-21
2.50414e-20
2.81038e-20
-3.93045e-20
-9.61736e-20
1.95833e-20
2.4066e-19
1.44075e-19
-4.41201e-19
-6.90615e-19
4.34994e-19
1.93188e-18
6.71411e-19
-3.73978e-18
-4.78646e-18
3.97966e-18
1.41083e-17
4.30077e-18
-2.65358e-17
-3.43299e-17
2.38271e-17
9.60085e-17
4.41089e-17
-1.57301e-16
-2.50377e-16
6.99727e-17
5.86869e-16
4.7026e-16
-6.93682e-16
-1.68964e-15
-4.3746e-16
2.88423e-15
4.05269e-15
-1.13881e-15
-9.19638e-15
-8.28281e-15
8.17438e-15
2.53754e-14
1.42905e-14
-3.09918e-14
-6.39985e-14
-1.96459e-14
9.46235e-14
1.52925e-13
1.71993e-14
-2.56655e-13
-3.55861e-13
5.33106e-15
6.39892e-13
8.30082e-13
-4.87785e-14
-1.52537e-12
-1.86162e-12
-6.56776e-14
3.14953e-12
5.38474e-12
-7.56149e-13
-7.94001e-12
