ordre_2
8.30296e-30
4.48898e-29
-7.12366e-29
-2.69702e-28
3.21897e-28
1.21245e-27
-1.14279e-27
-4.81195e-27
3.38463e-27
1.76813e-26
-8.0515e-27
-6.1184e-26
1.18275e-26
2.00377e-25
1.75151e-26
-6.20055e-25
-2.45609e-25
1.8003e-24
1.35392e-24
-4.83669e-24
-5.78447e-24
1.17044e-23
2.13599e-23
-2.40076e-23
-7.05492e-23
3.4165e-23
2.10354e-22
1.06266e-23
-5.62798e-22
-3.24143e-22
1.31849e-21
1.58787e-21
-2.53161e-21
-5.60096e-21
3.11594e-21
1.61983e-20
2.41583e-21
-3.90419e-20
-3.20066e-20
7.45848e-20
1.30332e-19
-8.86551e-20
-3.78865e-19
-6.83749e-20
8.48982e-19
8.15366e-19
-1.34858e-18
-2.9741e-18
6.92201e-19
7.3888e-18
4.65112e-18
-1.27038e-17
-2.14949e-17
9.26062e-18
5.5843e-17
3.0657e-17
-9.3288e-17
-1.54088e-16
5.33966e-17
3.80438e-16
2.60288e-16
-5.41321e-16
-1.08962e-15
9.46266e-18
2.25419e-15
2.34382e-15
-2.09058e-15
-6.97401e-15
-3.39793e-15
1.01315e-14
1.7993e-14
3.94491e-16
-3.45971e-14
-4.06139e-14
1.91594e-14
1.00023e-13
8.26987e-14
-8.87366e-14
-2.62255e-13
-1.57149e-13
2.88376e-13
6.48359e-13
2.9541e-13
-7.92769e-13
-1.55019e-12
-6.04555e-13
1.94527e-12
3.63554e-12
1.46814e-12
-4.31573e-12
-8.38017e-12
-4.12165e-12
8.43725e-12
1.88635e-11
1.22428e-11
-1.43764e-11
-3.82577e-11
-3.65002e-11
9.74658e-12
9.99757e-11
4.90909e-11
