ordre_2
6.84502e-10
1.18834e-09
-4.61219e-09
-9.79514e-09
7.53573e-09
4.09506e-08
3.53548e-08
-4.96963e-08
-1.6775e-07
-2.07922e-07
-8.26857e-08
2.29664e-07
7.25997e-07
1.44779e-06
2.52487e-06
4.19362e-06
6.81932e-06
1.09446e-05
1.73707e-05
2.7276e-05
4.23765e-05
6.51426e-05
9.90858e-05
0.000149132
0.000222103
0.000327318
0.000477338
0.000688862
0.000983775
0.00139035
0.00194458
0.0026916
0.00368707
0.00499861
0.00670687
0.00890636
0.0117057
0.0152271
0.0196051
0.0249837
0.0315128
0.0393429
0.0486184
0.0594698
0.0720043
0.0862964
0.102378
0.120227
0.139761
0.16083
0.183208
0.206598
0.230632
0.254874
0.278837
0.301995
0.3238
0.343706
0.36119
0.375772
0.387044
0.39468
0.39846
0.398275
0.394134
0.386163
0.3746
0.359782
0.342128
0.322121
0.300285
0.277165
0.2533
0.229206
0.20536
0.182183
0.160032
0.139192
0.119876
0.102227
0.086321
0.0721753
0.0597564
0.0489899
0.0397703
0.0319701
0.0254486
0.0200596
0.0156574
0.0121021
0.00926293
0.00702075
0.00526951
0.0039166
0.00288274
0.00210112
0.00151674
0.0010834
0.000770252
0.0005248
0.000431651
