ordre_1
1.4013e-45
2.8026e-45
4.2039e-45
5.60519e-45
7.00649e-45
8.40779e-45
9.80909e-45
1.12104e-44
1.26117e-44
1.4013e-44
1.54143e-44
1.68156e-44
1.82169e-44
1.96182e-44
2.10195e-44
2.24208e-44
2.38221e-44
2.52234e-44
2.66247e-44
2.8026e-44
2.94273e-44
3.08286e-44
3.22299e-44
3.36312e-44
3.50325e-44
3.64338e-44
3.78351e-44
3.92364e-44
4.06377e-44
4.2039e-44
4.34403e-44
4.48416e-44
4.62428e-44
4.76441e-44
7.42688e-44
2.57839e-43
1.46716e-42
9.13086e-42
5.61598e-41
3.36149e-40
1.95452e-39
1.10422e-38
6.06467e-38
3.23989e-37
1.68444e-36
8.52708e-36
4.20509e-35
2.02107e-34
9.47126e-34
4.32952e-33
1.93132e-32
8.41044e-32
3.57682e-31
1.48609e-30
6.03408e-30
2.39521e-29
9.29778e-29
3.53065e-28
1.3119e-27
4.77133e-27
1.69901e-26
5.925e-26
2.02409e-25
6.77533e-25
2.22279e-24
7.1489e-24
2.25452e-23
6.97334e-23
2.11591e-22
6.29967e-22
1.84075e-21
5.27978e-21
1.48686e-20
4.11195e-20
1.11694e-19
2.98058e-19
7.81526e-19
2.0139e-18
5.10114e-18
1.27031e-17
3.11058e-17
7.49107e-17
1.77458e-16
4.13593e-16
9.48538e-16
2.14101e-15
4.75714e-15
1.04067e-14
2.24181e-14
4.75651e-14
9.94172e-14
2.04739e-13
4.15522e-13
8.31236e-13
1.63939e-12
3.18831e-12
6.11573e-12
1.15729e-11
2.16095e-11
3.98246e-11
7.24549e-11
