ordre_2
-1.4013e-45
-2.8026e-45
-2.8026e-45
-1.4013e-45
0
1.4013e-45
1.4013e-45
0
-1.4013e-45
-2.8026e-45
-2.8026e-45
4.2039e-45
1.4013e-44
-8.40779e-45
-4.48416e-44
1.12104e-44
1.34525e-43
-3.08286e-44
-4.45613e-43
1.4013e-45
1.37608e-42
2.85865e-43
-4.14644e-42
-1.81328e-42
1.20708e-41
8.38397e-42
-3.38063e-41
-3.37096e-41
9.02646e-41
1.23988e-40
-2.26576e-40
-4.26495e-40
5.20637e-40
1.386e-39
-1.03167e-39
-4.27372e-39
1.44319e-39
1.2506e-38
4.78239e-40
-3.46078e-38
-1.44072e-38
8.98223e-38
7.50412e-38
-2.15112e-37
-2.9286e-37
4.5943e-37
9.87258e-37
-8.01748e-37
-2.99876e-36
7.72033e-37
8.31361e-36
1.8804e-36
-2.09769e-35
-1.51706e-35
4.72344e-35
6.32965e-35
-8.98791e-35
-2.10175e-34
1.19727e-34
6.02494e-34
2.34921e-35
-1.51779e-33
-9.12562e-34
3.30689e-33
4.20442e-33
-5.81105e-33
-1.39355e-32
6.04183e-33
3.81708e-32
8.69982e-33
-8.83098e-32
-7.7286e-32
1.65718e-31
2.95469e-31
-2.06912e-31
-8.50331e-31
-7.46658e-32
1.98464e-30
1.54287e-30
-3.63857e-30
-6.21349e-30
4.14257e-30
1.76119e-29
3.15679e-30
-3.89796e-29
-3.6255e-29
6.39499e-29
1.30958e-28
-4.87485e-29
-3.3036e-28
-1.49088e-28
6.06335e-28
8.70331e-28
-6.18902e-28
-2.7444e-27
-7.10667e-28
6.5581e-27
5.1649e-27
-1.20736e-26
-1.15798e-26
1.20133e-26
