ordre_2
-2.24532e-12
1.5553e-11
2.40055e-11
-7.3477e-11
-1.43645e-10
1.86161e-10
6.23633e-10
-7.07315e-11
-1.8776e-09
-1.67434e-09
3.02905e-09
7.60378e-09
2.41265e-09
-1.36314e-08
-2.41568e-08
-8.07029e-09
3.43016e-08
7.08093e-08
5.90816e-08
-1.73278e-08
-1.31192e-07
-2.2645e-07
-2.49718e-07
-1.71461e-07
1.69697e-08
3.2487e-07
7.886e-07
1.49452e-06
2.59984e-06
4.35924e-06
7.16609e-06
1.16162e-05
1.86018e-05
2.94435e-05
4.60731e-05
7.12798e-05
0.000109037
0.000164928
0.000246689
0.000364892
0.000533773
0.000772234
0.00110499
0.0015639
0.00218935
0.00303178
0.00415311
0.00562806
0.0075452
0.0100075
0.0131322
0.0170501
0.021903
0.0278408
0.035017
0.043582
0.053676
0.0654201
0.0789066
0.0941884
0.11127
0.130096
0.150546
0.172427
0.195471
0.219336
0.243614
0.267834
0.291483
0.314016
0.334884
0.353549
0.369509
0.382323
0.39163
0.397164
0.398767
0.3964
0.390141
0.380182
0.366817
0.350432
0.331484
0.310479
0.287953
0.264446
0.240483
0.216558
0.193111
0.170528
0.149123
0.129139
0.11075
0.0940603
0.0791157
0.0658967
0.0543856
0.0443418
0.036248
0.0276058
0.0275284
