ordre_2
-1.4013e-45
-2.8026e-45
-2.8026e-45
-1.4013e-45
0
1.4013e-45
1.4013e-45
0
-1.4013e-45
-2.8026e-45
-2.8026e-45
-1.4013e-45
0
1.4013e-45
1.4013e-45
2.8026e-45
1.4013e-45
0
-1.4013e-45
-2.8026e-45
-4.2039e-45
-5.60519e-45
-5.60519e-45
-4.2039e-45
-2.8026e-45
-1.4013e-45
-1.4013e-45
-0
-0
-1.4013e-45
-2.8026e-45
-4.2039e-45
-5.60519e-45
-7.00649e-45
-7.00649e-45
-5.60519e-45
-4.2039e-45
-2.8026e-45
-1.4013e-45
-1.4013e-45
-2.8026e-45
-4.2039e-45
-5.60519e-45
-7.00649e-45
-7.00649e-45
-8.40779e-45
-9.80909e-45
-1.12104e-44
-1.26117e-44
-1.4013e-44
-1.4013e-44
-1.4013e-44
-1.68156e-44
-1.96182e-44
-8.40779e-45
8.40779e-45
-1.4013e-45
-3.50325e-44
-1.4013e-44
8.26766e-44
6.44597e-44
-2.07392e-43
-2.87266e-43
3.79752e-43
8.99634e-43
-5.88545e-43
-2.64005e-42
2.36819e-43
6.94904e-42
2.85444e-42
-1.64597e-41
-1.5787e-41
3.38904e-41
5.81006e-41
-5.51131e-41
-1.77141e-40
4.2081e-41
4.70562e-40
1.58841e-40
-1.09401e-39
-1.02437e-39
2.15245e-39
3.79005e-39
-3.15021e-39
-1.11251e-38
1.13832e-39
2.74321e-38
1.43795e-38
-5.59558e-38
-7.34407e-38
8.42822e-38
2.49751e-37
-4.03703e-38
-6.99268e-37
-2.98737e-37
1.68955e-36
1.38276e-36
-3.46652e-36
-3.48081e-36
5.22381e-36
4.00806e-36
