ordre_2
1.08517e-20
7.0351e-19
-1.66675e-20
-4.0713e-18
-6.7004e-19
1.70856e-17
6.96581e-18
-6.07112e-17
-4.40068e-17
1.88163e-16
2.16316e-16
-5.00197e-16
-8.90516e-16
1.05702e-15
3.14705e-15
-1.2748e-15
-9.53663e-15
-2.37492e-15
2.40987e-14
2.25618e-14
-4.65563e-14
-9.17622e-14
4.64796e-14
2.63174e-13
1.0381e-13
-5.4015e-13
-7.19228e-13
5.98028e-13
2.19956e-12
7.73488e-13
-4.1033e-12
-5.85763e-12
2.71034e-12
1.53068e-11
1.11072e-11
-1.90514e-11
-4.43839e-11
-1.39161e-11
7.08685e-11
1.13675e-10
5.87468e-12
-2.07427e-10
-2.7972e-10
1.21086e-11
5.23313e-10
6.93968e-10
4.28114e-11
-1.14588e-09
-1.72072e-09
-5.75907e-10
2.0149e-09
3.98216e-09
2.82047e-09
-1.9941e-09
-7.58802e-09
-9.00848e-09
-2.93331e-09
8.82422e-09
1.90499e-08
1.90946e-08
4.91024e-09
-1.88792e-08
-3.99943e-08
-4.45614e-08
-2.4924e-08
1.52565e-08
6.15081e-08
9.43827e-08
9.75658e-08
6.43478e-08
-2.222e-10
-8.18421e-08
-1.62402e-07
-2.25762e-07
-2.61661e-07
-2.66665e-07
-2.42293e-07
-1.91205e-07
-1.12362e-07
4.49795e-09
1.86142e-07
4.86079e-07
1.00233e-06
1.90087e-06
3.46417e-06
6.13209e-06
1.06515e-05
1.80638e-05
3.029e-05
4.93941e-05
8.05279e-05
0.000125903
0.000201718
0.000298689
0.000481499
0.000652077
0.00111931
0.00125881
0.0026453
0.00183652
0.00681505
