ordre_2
-4.97694e-26
-9.00338e-26
4.34963e-25
5.67873e-25
-2.04494e-24
-2.73906e-24
7.77187e-24
1.17915e-23
-2.58238e-23
-4.70787e-23
7.62025e-23
1.76221e-22
-1.95872e-22
-6.19264e-22
4.05269e-22
2.03643e-21
-4.64109e-22
-6.22111e-21
-1.20576e-21
1.7425e-20
1.13116e-20
-4.367e-20
-5.29088e-20
9.29085e-20
1.93023e-19
-1.43415e-19
-5.94656e-19
2.73045e-20
1.56445e-18
9.09149e-19
-3.40483e-18
-4.55517e-18
5.4122e-18
1.50757e-17
-2.45505e-18
-3.84631e-17
-2.30987e-17
7.39665e-17
1.1305e-16
-8.20625e-17
-3.30254e-16
-8.92965e-17
6.76636e-16
7.95146e-16
-8.05749e-16
-2.50026e-15
-5.4484e-16
4.94345e-15
5.92941e-15
-4.80943e-15
-1.73908e-14
-7.42767e-15
2.87302e-14
4.53473e-14
-1.10308e-14
-1.04238e-13
-9.13773e-14
1.07689e-13
3.02253e-13
1.31738e-13
-4.38181e-13
-7.66874e-13
-6.66132e-14
1.3795e-12
1.80015e-12
-3.68823e-13
-3.79821e-12
-4.1023e-12
1.70328e-12
9.61286e-12
9.46941e-12
-4.61683e-12
-2.28426e-11
-2.26809e-11
8.73219e-12
5.09819e-11
5.59329e-11
-7.65454e-12
-1.04541e-10
-1.36892e-10
-2.56496e-11
1.86091e-10
3.15552e-10
1.70312e-10
-2.46693e-10
-6.42078e-10
-5.94558e-10
7.98395e-11
1.03833e-09
1.50545e-09
8.10248e-10
-9.63506e-10
-2.75591e-09
-3.03412e-09
-9.56193e-10
2.83748e-09
6.16387e-09
5.78636e-09
2.484e-09
-6.33479e-09
-1.40613e-08
