ordre_2
7.59184e-32
1.37543e-31
-6.68519e-31
-8.56939e-31
3.19492e-30
4.07351e-30
-1.24885e-29
-1.73449e-29
4.34126e-29
6.90887e-29
-1.37711e-28
-2.61247e-28
3.99706e-28
9.42239e-28
-1.04442e-27
-3.24293e-27
2.33667e-27
1.06298e-26
-3.7715e-27
-3.30464e-26
-1.25259e-28
9.67712e-26
3.63828e-26
-2.63897e-25
-2.09749e-25
6.56751e-25
8.70367e-25
-1.43132e-24
-3.05384e-24
2.44714e-24
9.46255e-24
-1.78166e-24
-2.61268e-23
-9.25893e-24
6.3454e-23
5.9844e-23
-1.29476e-22
-2.30155e-22
1.9057e-22
7.00354e-22
-3.52845e-23
-1.77024e-21
-1.08237e-21
3.62645e-21
5.14098e-21
-5.19735e-21
-1.61145e-20
7.10871e-22
3.88744e-20
2.76742e-20
-7.00323e-20
-1.19295e-19
6.75443e-20
3.29271e-19
1.1563e-19
-6.52157e-19
-8.13053e-19
7.65159e-19
2.48001e-18
4.97891e-19
-5.01332e-18
-5.6487e-18
5.68988e-18
1.75176e-17
4.37155e-18
-3.317e-17
-4.14814e-17
2.90653e-17
1.15752e-16
5.61854e-17
-1.81938e-16
-3.0308e-16
5.50589e-17
6.72809e-16
6.07021e-16
-6.92678e-16
-1.96367e-15
-7.94289e-16
2.97525e-15
4.89982e-15
-2.05315e-16
-9.68845e-15
-1.08417e-14
5.76319e-15
2.73381e-14
2.17897e-14
-2.48643e-14
-7.07493e-14
-4.08148e-14
7.92372e-14
1.73118e-13
7.56679e-14
-2.17222e-13
-4.15731e-13
-1.36755e-13
5.2834e-13
9.30652e-13
4.75338e-13
-1.38648e-12
-2.53293e-12
7.47139e-13
