ordre_2
-1.4381e-40
1.92889e-41
1.28447e-39
-5.12875e-41
-6.32151e-39
-2.37366e-40
2.5888e-38
3.4434e-39
-9.62708e-38
-2.41174e-38
3.3567e-37
1.31646e-37
-1.11261e-36
-6.24281e-37
3.5251e-36
2.6889e-36
-1.06813e-35
-1.07607e-35
3.08424e-35
4.05234e-35
-8.41562e-35
-1.44659e-34
2.13452e-34
4.91406e-34
-4.86489e-34
-1.59067e-33
9.13961e-34
4.90201e-33
-9.66603e-34
-1.43345e-32
-2.42727e-33
3.95128e-32
2.19129e-32
-1.01444e-31
-1.0167e-31
2.37115e-31
3.7923e-31
-4.80061e-31
-1.24118e-30
7.24801e-31
3.66316e-30
-1.7787e-31
-9.79372e-30
-4.42236e-30
2.34289e-29
2.37255e-29
-4.82311e-29
-8.73602e-29
7.58105e-29
2.65941e-28
-4.09448e-29
-6.972e-28
-3.09312e-28
1.56218e-27
1.7275e-27
-2.80582e-27
-6.04216e-27
3.02592e-27
1.67646e-26
3.71224e-27
-3.81695e-26
-3.49491e-26
6.75789e-26
1.3091e-25
-6.79377e-26
-3.59088e-25
-1.01594e-25
7.68024e-25
8.12114e-25
-1.17132e-24
-2.77934e-24
5.41589e-25
6.80365e-24
4.17436e-24
-1.21123e-23
-1.93085e-23
1.13972e-23
5.28022e-23
1.90015e-23
-1.01232e-22
-1.29139e-22
1.10903e-22
3.80562e-22
9.51791e-23
-7.40933e-22
-8.77221e-22
7.90349e-22
2.62116e-21
7.55548e-22
-4.90943e-21
-6.17405e-21
4.49527e-21
1.67644e-20
7.59552e-21
-2.59757e-20
-4.68088e-20
9.20949e-21
1.25192e-19
6.38413e-20
-2.05154e-19
-1.11957e-19
