ordre_1
4.22551e-20
1.9708e-18
4.50645e-17
6.73474e-16
7.39934e-15
6.37441e-14
4.48512e-13
2.65123e-12
1.34423e-11
5.94017e-11
2.3174e-10
8.06686e-10
2.52864e-09
7.1958e-09
1.87295e-08
4.49076e-08
9.98821e-08
2.07531e-07
4.05727e-07
7.5188e-07
1.33074e-06
2.26617e-06
3.73951e-06
6.01728e-06
9.49158e-06
1.47365e-05
2.25844e-05
3.42283e-05
5.1356e-05
7.63264e-05
0.000112397
0.000164017
0.000237189
0.000339924
0.000482782
0.000679527
0.000947868
0.00131031
0.00179511
0.00243721
0.00327932
0.00437283
0.00577871
0.00756815
0.00982286
0.0126351
0.0161067
0.0203484
0.0254767
0.0316118
0.038873
0.0473739
0.0572169
0.0684863
0.0812413
0.095509
0.111277
0.128488
0.147033
0.166749
0.187416
0.208759
0.230452
0.252123
0.273363
0.293741
0.312814
0.330144
0.345317
0.357956
0.367738
0.374408
0.377787
0.377787
0.374408
0.367738
0.357956
0.345317
0.330144
0.312814
0.293741
0.273363
0.252123
0.230452
0.208759
0.187416
0.166749
0.147033
0.128488
0.111277
0.095509
0.0812413
0.0684863
0.0572169
0.0473739
0.038873
0.0316118
0.0254767
0.0203483
0.0161067
0.0126351
