ordre_1
1.4013e-45
2.8026e-45
4.2039e-45
5.60519e-45
7.00649e-45
8.40779e-45
9.80909e-45
1.12104e-44
1.26117e-44
1.4013e-44
1.54143e-44
1.68156e-44
1.82169e-44
1.96182e-44
2.10195e-44
2.24208e-44
2.38221e-44
2.52234e-44
2.66247e-44
2.8026e-44
2.94273e-44
3.08286e-44
3.22299e-44
3.36312e-44
3.50325e-44
3.64338e-44
3.78351e-44
3.92364e-44
4.06377e-44
4.2039e-44
4.34403e-44
4.48416e-44
4.62428e-44
4.76441e-44
4.90454e-44
5.04467e-44
5.1848e-44
5.32493e-44
5.46506e-44
5.60519e-44
5.74532e-44
5.88545e-44
6.02558e-44
6.16571e-44
6.30584e-44
6.44597e-44
6.5861e-44
6.72623e-44
6.86636e-44
7.00649e-44
7.14662e-44
7.56701e-44
1.10703e-43
3.0268e-43
1.28499e-42
6.21055e-42
3.03563e-41
1.46178e-40
6.902e-40
3.19319e-39
1.44767e-38
6.43291e-38
2.80253e-37
1.19731e-36
5.01742e-36
2.06289e-35
8.32325e-35
3.2963e-34
1.28166e-33
4.89349e-33
1.83508e-32
6.76033e-32
2.44703e-31
8.70464e-31
3.04356e-30
1.04619e-29
3.53595e-29
1.1753e-28
3.84243e-28
1.2358e-27
3.9106e-27
1.21775e-26
3.73213e-26
1.12591e-25
3.34396e-25
9.77891e-25
2.81612e-24
7.98733e-24
2.23152e-23
6.14192e-23
1.66559e-22
4.45092e-22
1.1722e-21
3.04283e-21
7.7863e-21
1.96433e-20
4.88631e-20
1.19862e-19
2.8998e-19
6.91975e-19
1.62892e-18
