ordre_1
1.4013e-45
2.8026e-45
4.2039e-45
5.60519e-45
7.00649e-45
8.40779e-45
9.80909e-45
1.12104e-44
1.26117e-44
1.4013e-44
1.54143e-44
1.68156e-44
1.82169e-44
1.96182e-44
2.10195e-44
2.24208e-44
2.38221e-44
2.52234e-44
2.66247e-44
2.8026e-44
2.94273e-44
3.08286e-44
3.22299e-44
3.36312e-44
3.50325e-44
3.64338e-44
3.78351e-44
3.92364e-44
4.06377e-44
4.2039e-44
4.34403e-44
4.48416e-44
4.62428e-44
4.76441e-44
4.90454e-44
5.04467e-44
5.1848e-44
5.32493e-44
5.46506e-44
5.60519e-44
5.74532e-44
5.88545e-44
6.02558e-44
6.16571e-44
6.30584e-44
6.44597e-44
6.5861e-44
6.72623e-44
6.86636e-44
7.00649e-44
7.14662e-44
8.96831e-44
1.91978e-43
7.31478e-43
3.47942e-42
1.71491e-41
8.36449e-41
4.00272e-40
1.87661e-39
8.61928e-39
3.87916e-38
1.71114e-37
7.39992e-37
3.13813e-36
1.30534e-35
5.32706e-35
2.13335e-34
8.38579e-34
3.23613e-33
1.22631e-32
4.56409e-32
1.66868e-31
5.99434e-31
2.11612e-30
7.34256e-30
2.50462e-29
8.40033e-29
2.77067e-28
8.98835e-28
2.86847e-27
9.00664e-27
2.78283e-26
8.46222e-26
2.53292e-25
7.4638e-25
2.16551e-24
6.18706e-24
1.74097e-23
4.82543e-23
1.31758e-22
3.54466e-22
9.39677e-22
2.45497e-21
6.32168e-21
1.60468e-20
4.01579e-20
9.90898e-20
2.4111e-19
5.78608e-19
1.36957e-18
3.19794e-18
