ordre_1
1.4013e-45
2.8026e-45
4.2039e-45
5.60519e-45
7.00649e-45
8.40779e-45
1.26117e-44
1.45735e-43
2.74234e-42
4.7448e-41
7.34943e-40
1.02854e-38
1.31122e-37
1.53331e-36
1.65441e-35
1.6555e-34
1.54313e-33
1.34511e-32
1.10022e-31
8.47041e-31
6.1549e-30
4.2316e-29
2.75886e-28
1.70915e-27
1.00802e-26
5.66947e-26
3.04565e-25
1.56501e-24
7.70265e-24
3.63576e-23
1.64775e-22
7.17796e-22
3.00866e-21
1.21458e-20
4.72667e-20
1.77473e-19
6.43445e-19
2.25438e-18
7.63836e-18
2.50458e-17
7.95284e-17
2.44706e-16
7.30079e-16
2.1133e-15
5.9384e-15
1.62085e-14
4.29955e-14
1.10904e-13
2.7832e-13
6.79908e-13
1.61769e-12
3.75065e-12
8.47849e-12
1.86967e-11
4.02424e-11
8.45896e-11
1.73746e-10
3.48924e-10
6.85539e-10
1.31853e-09
2.4842e-09
4.58792e-09
8.31155e-09
1.47808e-08
2.5822e-08
4.43494e-08
7.49427e-08
1.24698e-07
2.04466e-07
3.30639e-07
5.2771e-07
8.31894e-07
1.29623e-06
1.99768e-06
3.04696e-06
4.60201e-06
6.88626e-06
1.02132e-05
1.5019e-05
2.19056e-05
3.16966e-05
4.55096e-05
6.48475e-05
9.17143e-05
0.000128758
0.000179446
0.000248277
0.000341034
0.000465083
0.000629711
0.000846515
0.00112984
0.00149722
0.00196992
0.00257337
0.00333774
0.00429831
0.00549591
0.00697716
0.00879461
0.0110066
