ordre_2
-2.09839e-10
-3.66693e-10
1.49139e-09
2.91457e-09
-3.46774e-09
-1.34476e-08
-5.03065e-09
3.01311e-08
5.54699e-08
1.69425e-08
-9.06242e-08
-1.9931e-07
-2.15385e-07
-8.05716e-08
2.16797e-07
6.82265e-07
1.3663e-06
2.3977e-06
4.00391e-06
6.53836e-06
1.05304e-05
1.67656e-05
2.64022e-05
4.11308e-05
6.33897e-05
9.66514e-05
0.000145796
0.000217594
0.000321307
0.000469437
0.000678626
0.000970708
0.00137392
0.00192425
0.00266684
0.00365745
0.0049638
0.00666674
0.00886104
0.0116557
0.0151733
0.0195489
0.0249269
0.031458
0.0392929
0.0485766
0.0594398
0.07199
0.0863016
0.102406
0.12028
0.139842
0.160938
0.183344
0.206759
0.230813
0.255071
0.279043
0.302201
0.323999
0.343889
0.361348
0.375898
0.387132
0.394726
0.398462
0.398233
0.39405
0.386041
0.374446
0.359603
0.341932
0.321917
0.300082
0.276969
0.253119
0.229045
0.205223
0.182073
0.159949
0.139135
0.119845
0.102218
0.0863316
0.0722017
0.0597949
0.0490371
0.0398227
0.0320249
0.0255034
0.0201124
0.0157069
0.0121473
0.0093033
0.0070561
0.00529971
0.00394265
0.00290174
0.0021281
0.00148846
0.00127657
