ordre_1
1.6119e-25
1.04194e-23
3.31894e-22
6.94522e-21
1.074e-19
1.30897e-18
1.30963e-17
1.10626e-16
8.05342e-16
5.13255e-15
2.89937e-14
1.46643e-13
6.6963e-13
2.78033e-12
1.05608e-11
3.68948e-11
1.19119e-10
3.56975e-10
9.97e-10
2.60507e-09
6.39176e-09
1.47804e-08
3.23306e-08
6.71479e-08
1.3293e-07
2.51847e-07
4.58537e-07
8.05731e-07
1.37228e-06
2.27483e-06
3.68488e-06
5.85339e-06
9.14587e-06
1.40911e-05
2.14479e-05
3.22942e-05
4.81452e-05
7.11078e-05
0.000104078
0.000150993
0.000217147
0.000309577
0.000437534
0.000613036
0.00085152
0.00117257
0.00160073
0.00216639
0.00290665
0.00386622
0.00509823
0.00666487
0.00863783
0.0110984
0.0141369
0.0178522
0.0223496
0.0277391
0.0341317
0.0416358
0.0503525
0.0603697
0.0717568
0.0845574
0.098784
0.114411
0.13137
0.149544
0.168768
0.188825
0.209448
0.230324
0.251103
0.271401
0.290818
0.308943
0.325375
0.339734
0.351676
0.360908
0.367196
0.370381
0.370381
0.367196
0.360908
0.351676
0.339734
0.325375
0.308943
0.290818
0.271401
0.251103
0.230324
0.209448
0.188825
0.168768
0.149544
0.13137
0.114411
0.098784
0.0845574
