ordre_1
1.4013e-45
2.8026e-45
4.2039e-45
5.60519e-45
7.00649e-45
8.40779e-45
9.80909e-45
1.12104e-44
1.26117e-44
1.4013e-44
1.54143e-44
1.68156e-44
1.82169e-44
1.96182e-44
2.10195e-44
2.24208e-44
2.38221e-44
2.52234e-44
2.66247e-44
3.92364e-44
1.61149e-43
1.31722e-42
1.1607e-41
9.88504e-41
8.04024e-40
6.24825e-39
4.64585e-38
3.30992e-37
2.26258e-36
1.48583e-35
9.38471e-35
5.70738e-34
3.3455e-33
1.89195e-32
1.03317e-31
5.45282e-31
2.78357e-30
1.37545e-29
6.5835e-29
3.05447e-28
1.37454e-27
6.00333e-27
2.54618e-26
1.04928e-25
4.20364e-25
1.63801e-24
6.21111e-24
2.29292e-23
8.24457e-23
2.88863e-22
9.86602e-22
3.28616e-21
1.06782e-20
3.38636e-20
1.04845e-19
3.17027e-19
9.36533e-19
2.70379e-18
7.63104e-18
2.10617e-17
5.68638e-17
1.50225e-16
3.88456e-16
9.83475e-16
2.43855e-15
5.92345e-15
1.40999e-14
3.28988e-14
7.52651e-14
1.68881e-13
3.71767e-13
8.03139e-13
1.70322e-12
3.54686e-12
7.25514e-12
1.4582e-11
2.88068e-11
5.5954e-11
1.06899e-10
2.00946e-10
3.71799e-10
6.77369e-10
1.21563e-09
2.14988e-09
3.74837e-09
6.44572e-09
1.09369e-08
1.83188e-08
3.03027e-08
4.95268e-08
8.00151e-08
1.27841e-07
2.02081e-07
3.16174e-07
4.89837e-07
7.51749e-07
1.14328e-06
1.72362e-06
2.57678e-06
3.82109e-06
5.62191e-06
