ordre_2
-1.4013e-45
-2.8026e-45
-2.8026e-45
-1.4013e-45
0
1.4013e-45
1.4013e-45
0
-1.4013e-45
-2.8026e-45
-2.8026e-45
-1.4013e-45
0
1.4013e-45
1.4013e-45
2.8026e-45
1.4013e-45
0
-1.4013e-45
-2.8026e-45
-4.2039e-45
-5.60519e-45
-5.60519e-45
-4.2039e-45
-2.8026e-45
-1.4013e-45
-1.4013e-45
-0
-0
-1.4013e-45
-2.8026e-45
-4.2039e-45
-5.60519e-45
-7.00649e-45
-7.00649e-45
-5.60519e-45
-4.2039e-45
-5.60519e-45
-1.4013e-44
-1.54143e-44
-0
1.4013e-44
-1.4013e-44
-5.1848e-44
1.96182e-44
1.47136e-43
-2.8026e-45
-4.11982e-43
-1.65353e-43
1.04677e-42
8.60397e-43
-2.49151e-42
-3.35751e-42
5.27869e-42
1.12454e-41
-9.21354e-42
-3.39927e-41
9.18131e-42
9.40664e-41
1.9415e-41
-2.3787e-40
-1.64459e-40
5.40712e-40
6.93538e-40
-1.05504e-39
-2.32529e-39
1.52299e-39
6.75972e-39
-3.32985e-40
-1.7416e-38
-8.57075e-39
3.94347e-38
4.34927e-38
-7.48422e-38
-1.51568e-37
9.98494e-38
4.35769e-37
9.53112e-39
-1.07416e-36
-6.75211e-37
2.23912e-36
3.04849e-36
-3.61715e-36
-9.71713e-36
2.76676e-36
2.51671e-35
9.24056e-36
-5.33819e-35
-5.72514e-35
8.42449e-35
1.98238e-34
-4.89906e-35
-5.40523e-34
-2.85548e-34
1.24702e-33
1.47155e-33
-2.46856e-33
-4.26117e-33
4.01731e-33
7.65811e-33
-3.74394e-33
