ordre_1
1.4013e-45
2.8026e-45
4.2039e-45
5.60519e-45
7.00649e-45
8.40779e-45
9.80909e-45
1.12104e-44
1.26117e-44
1.4013e-44
1.54143e-44
1.68156e-44
1.82169e-44
1.96182e-44
2.10195e-44
2.24208e-44
2.38221e-44
2.52234e-44
2.66247e-44
2.8026e-44
2.94273e-44
4.48416e-44
2.14399e-43
1.68436e-42
1.40032e-41
1.12564e-40
8.66996e-40
6.40054e-39
4.53448e-38
3.08668e-37
2.02122e-36
1.2746e-35
7.74841e-35
4.54515e-34
2.57498e-33
1.41012e-32
7.47042e-32
3.83149e-31
1.90386e-30
9.17149e-30
4.28612e-29
1.94434e-28
8.56674e-28
3.66806e-27
1.52709e-26
6.18468e-26
2.43785e-25
9.3569e-25
3.49855e-24
1.27485e-23
4.52919e-23
1.56945e-22
5.30644e-22
1.75125e-21
5.64332e-21
1.77629e-20
5.463e-20
1.6422e-19
4.82652e-19
1.38736e-18
3.90144e-18
1.07365e-17
2.89224e-17
7.62883e-17
1.97086e-16
4.98823e-16
1.23723e-15
3.00803e-15
7.17068e-15
1.67649e-14
3.84524e-14
8.65449e-14
1.91195e-13
4.14711e-13
8.83428e-13
1.84874e-12
3.80179e-12
7.6848e-12
1.52737e-11
2.98576e-11
5.74257e-11
1.08703e-10
2.02585e-10
3.7184e-10
6.72428e-10
1.1985e-09
2.1062e-09
3.65092e-09
6.24481e-09
1.05446e-08
1.7584e-08
2.89711e-08
4.71798e-08
7.59757e-08
1.21033e-07
1.90819e-07
2.97854e-07
4.60486e-07
7.05379e-07
1.07096e-06
1.61215e-06
