ordre_1
1.4013e-45
2.8026e-45
4.2039e-45
5.60519e-45
7.00649e-45
8.40779e-45
9.80909e-45
1.12104e-44
1.26117e-44
1.4013e-44
1.54143e-44
1.68156e-44
1.82169e-44
2.8026e-44
1.89175e-43
2.13838e-42
2.37983e-41
2.49193e-40
2.45191e-39
2.2732e-38
1.9912e-37
1.65201e-36
1.30109e-35
9.74744e-35
6.95938e-34
4.74344e-33
3.09133e-32
1.92912e-31
1.15431e-30
6.63104e-30
3.66137e-29
1.94528e-28
9.95503e-28
4.91179e-27
2.33866e-26
1.07545e-25
4.78034e-25
2.05543e-24
8.5552e-24
3.44937e-23
1.34807e-22
5.1099e-22
1.87974e-21
6.71446e-21
2.33016e-20
7.86045e-20
2.57875e-19
8.23149e-19
2.55774e-18
7.73987e-18
2.28192e-17
6.55748e-17
1.83747e-16
5.02257e-16
1.33974e-15
3.48878e-15
8.87253e-15
2.20448e-14
5.35313e-14
1.27092e-13
2.95115e-13
6.70494e-13
1.49104e-12
3.24667e-12
6.92482e-12
1.44734e-11
2.96553e-11
5.95904e-11
1.17484e-10
2.27354e-10
4.32054e-10
8.06658e-10
1.48035e-09
2.67167e-09
4.7442e-09
8.29348e-09
1.42804e-08
2.42332e-08
4.05504e-08
6.69486e-08
1.09118e-07
1.75674e-07
2.79521e-07
4.39802e-07
6.8464e-07
1.05498e-06
1.60994e-06
2.43414e-06
3.64773e-06
5.41992e-06
7.98721e-06
1.16774e-05
1.69412e-05
2.43937e-05
3.48671e-05
4.94782e-05
6.97138e-05
9.75361e-05
0.000135513
0.000186978
0.000256216
