ordre_1
1.4013e-45
2.8026e-45
4.2039e-45
5.60519e-45
7.00649e-45
8.40779e-45
9.80909e-45
1.12104e-44
1.26117e-44
1.4013e-44
1.54143e-44
1.68156e-44
1.82169e-44
1.96182e-44
2.10195e-44
2.8026e-44
1.16308e-43
1.10422e-42
1.1251e-41
1.09503e-40
1.00819e-39
8.79489e-39
7.28501e-38
5.74153e-37
4.31355e-36
3.09455e-35
2.12326e-34
1.39535e-33
8.79486e-33
5.32333e-32
3.09781e-31
1.73507e-30
9.36305e-30
4.87269e-29
2.44774e-28
1.18788e-27
5.57366e-27
2.53044e-26
1.11237e-25
4.73805e-25
1.95669e-24
7.83945e-24
3.04889e-23
1.15169e-22
4.22762e-22
1.50885e-21
5.23841e-21
1.76994e-20
5.82264e-20
1.86584e-19
5.82644e-19
1.77372e-18
5.26613e-18
1.52542e-17
4.31261e-17
1.19043e-16
3.20949e-16
8.45451e-16
2.17676e-15
5.47967e-15
1.34916e-14
3.25001e-14
7.66238e-14
1.76867e-13
3.99835e-13
8.85549e-13
1.92217e-12
4.09045e-12
8.53698e-12
1.74803e-11
3.51292e-11
6.9315e-11
1.34338e-10
2.55834e-10
4.78949e-10
8.8182e-10
1.59744e-09
2.84857e-09
5.00254e-09
8.65625e-09
1.4766e-08
2.48433e-08
4.12475e-08
6.76164e-08
1.09496e-07
1.75252e-07
2.77373e-07
4.34327e-07
6.73173e-07
1.03321e-06
1.57103e-06
2.36747e-06
3.53708e-06
5.24083e-06
7.70327e-06
1.12351e-05
1.62628e-05
2.33673e-05
3.33336e-05
4.72137e-05
6.6406e-05
