ordre_2
-2.40949e-31
3.18956e-32
2.14531e-30
-3.88505e-32
-1.04849e-29
-9.17966e-31
4.24257e-29
9.36209e-30
-1.54807e-28
-5.97968e-29
5.24546e-28
3.09031e-28
-1.66706e-27
-1.39793e-27
4.96857e-27
5.73155e-27
-1.37672e-26
-2.16773e-26
3.47309e-26
7.62923e-26
-7.60135e-26
-2.50635e-25
1.24834e-25
7.67372e-25
-3.9564e-26
-2.17495e-24
-8.47982e-25
5.62393e-24
4.97083e-24
-1.28693e-23
-1.98405e-23
2.41915e-23
6.54645e-23
-2.80408e-23
-1.86735e-22
-3.4399e-23
4.60469e-22
3.65277e-22
-9.42925e-22
-1.51483e-21
1.38116e-21
4.67175e-21
-2.62065e-22
-1.16198e-20
-7.5038e-21
2.27034e-20
3.45289e-20
-2.84808e-20
-1.03218e-19
-1.23991e-20
2.31298e-19
2.12745e-19
-3.60834e-19
-7.83493e-19
1.66102e-19
1.91056e-18
1.27267e-18
-3.14661e-18
-5.60989e-18
1.87535e-18
1.39754e-17
8.85937e-18
-2.18475e-17
-3.97635e-17
8.24186e-18
9.22019e-17
7.37668e-17
-1.18858e-16
-2.73513e-16
-3.51502e-17
5.24145e-16
6.21538e-16
-4.00986e-16
-1.68008e-15
-1.02226e-15
2.21349e-15
4.47123e-15
6.7331e-16
-7.94479e-15
-1.03939e-14
3.26095e-15
2.36647e-14
2.17115e-14
-1.87909e-14
-6.32742e-14
-4.1784e-14
6.5902e-14
1.58345e-13
7.69619e-14
-1.90594e-13
-3.80054e-13
-1.47301e-13
4.88645e-13
9.03595e-13
2.97836e-13
-1.13627e-12
-1.99716e-12
-1.09548e-12
2.71093e-12
5.53894e-12
-1.09433e-12
