ordre_1
3.54462e-13
8.37965e-12
9.56179e-11
7.02492e-10
3.74238e-09
1.54503e-08
5.16562e-08
1.44562e-07
3.48122e-07
7.398e-07
1.42161e-06
2.52927e-06
4.25831e-06
6.90901e-06
1.09459e-05
1.70693e-05
2.63052e-05
4.01269e-05
6.06221e-05
9.07167e-05
0.000134467
0.000197434
0.000287147
0.000413678
0.000590334
0.00083447
0.00116843
0.00162058
0.00222647
0.00303
0.00408459
0.00545422
0.00721434
0.00945237
0.0122678
0.0157714
0.0200842
0.025335
0.0316569
0.039183
0.0480406
0.0583446
0.07019
0.0836435
0.098735
0.11545
0.13372
0.153421
0.174363
0.196295
0.2189
0.241805
0.264587
0.286785
0.307912
0.327477
0.345001
0.360033
0.372176
0.381099
0.386556
0.388392
0.386556
0.381099
0.372176
0.360033
0.345001
0.327477
0.307912
0.286785
0.264587
0.241805
0.2189
0.196295
0.174363
0.153421
0.13372
0.11545
0.098735
0.0836434
0.07019
0.0583446
0.0480406
0.039183
0.0316569
0.025335
0.0200842
0.0157714
0.0122677
0.00945237
0.00721434
0.00545422
0.00408459
0.00303
0.00222647
0.00162058
0.00116843
0.000834469
0.000590333
0.000413677
0.000287146
