ordre_2
-1.4013e-45
-2.8026e-45
-2.8026e-45
-1.4013e-45
0
1.4013e-45
1.4013e-45
0
-1.4013e-45
-2.8026e-45
-2.8026e-45
-1.4013e-45
0
1.4013e-45
1.4013e-45
2.8026e-45
1.4013e-45
0
-1.4013e-45
-2.8026e-45
-4.2039e-45
-5.60519e-45
-5.60519e-45
-4.2039e-45
-2.8026e-45
-1.4013e-45
-1.4013e-45
-0
-0
-1.4013e-45
-2.8026e-45
-4.2039e-45
-5.60519e-45
-7.00649e-45
-7.00649e-45
-5.60519e-45
-4.2039e-45
-2.8026e-45
-1.4013e-45
-1.4013e-45
-2.8026e-45
-4.2039e-45
-5.60519e-45
-7.00649e-45
-7.00649e-45
-8.40779e-45
-9.80909e-45
-1.12104e-44
-1.26117e-44
-1.4013e-44
-1.4013e-44
-1.4013e-44
-1.26117e-44
-1.12104e-44
-9.80909e-45
-8.40779e-45
-8.40779e-45
-7.00649e-45
-5.60519e-45
-4.2039e-45
-2.8026e-45
-4.2039e-45
-9.80909e-45
-2.52234e-44
-2.10195e-44
9.80909e-45
1.26117e-44
-5.88545e-44
-9.80909e-44
7.84727e-44
2.78858e-43
-7.70714e-44
-7.65109e-43
-2.03188e-43
1.8399e-42
1.46155e-42
-3.93905e-42
-5.86443e-42
6.8005e-42
1.85812e-41
-7.02051e-42
-5.07046e-41
-1.0371e-41
1.20306e-40
9.28164e-41
-2.40418e-40
-3.66085e-40
3.53138e-40
1.11468e-39
-1.015e-40
-2.88114e-39
-1.79557e-39
6.48739e-39
8.88557e-39
-1.27485e-38
-2.87462e-38
2.15827e-38
7.07598e-38
-3.01479e-38
-1.18517e-37
2.52109e-38
