ordre_1
-1.12742e-07
-8.28073e-07
-6.91823e-07
3.38679e-07
1.84968e-06
3.64736e-06
6.03163e-06
9.59697e-06
1.50842e-05
2.34768e-05
3.61812e-05
5.5215e-05
8.34372e-05
0.000124851
0.000184991
0.000271419
0.00039433
0.000567294
0.000808139
0.00113997
0.00159232
0.00220241
0.00301645
0.00409095
0.00549392
0.00730585
0.00962033
0.0125441
0.0161964
0.0207076
0.0262164
0.0328659
0.040799
0.0501515
0.061045
0.0735779
0.0878165
0.103785
0.121458
0.140751
0.161512
0.183524
0.206495
0.23007
0.253829
0.277302
0.299984
0.321348
0.340866
0.358034
0.372389
0.383531
0.391144
0.395007
0.395007
0.391144
0.383531
0.372389
0.358034
0.340866
0.321348
0.299984
0.277302
0.253828
0.23007
0.206495
0.183523
0.161512
0.140751
0.121458
0.103785
0.0878165
0.0735779
0.061045
0.0501515
0.0407989
0.0328659
0.0262164
0.0207076
0.0161964
0.0125441
0.00962032
0.00730585
0.00549392
0.00409095
0.00301645
0.00220241
0.00159232
0.00113997
0.000808139
0.000567294
0.00039433
0.000271419
0.000184991
0.000124851
8.34371e-05
5.5215e-05
3.61812e-05
2.34768e-05
1.50842e-05
9.59696e-06
