ordre_2
-1.4013e-45
-2.8026e-45
-2.8026e-45
-1.4013e-45
0
1.4013e-45
1.4013e-45
0
-1.4013e-45
-2.8026e-45
-2.8026e-45
-1.4013e-45
0
1.4013e-45
1.4013e-45
2.8026e-45
1.4013e-45
0
-1.4013e-45
-2.8026e-45
-4.2039e-45
-5.60519e-45
-5.60519e-45
-4.2039e-45
-2.8026e-45
-1.4013e-45
-1.4013e-45
-0
-0
-1.4013e-45
-2.8026e-45
-4.2039e-45
-5.60519e-45
-7.00649e-45
-7.00649e-45
-5.60519e-45
-4.2039e-45
-2.8026e-45
-1.4013e-45
-1.4013e-45
-2.8026e-45
-4.2039e-45
-5.60519e-45
-7.00649e-45
-7.00649e-45
-8.40779e-45
-9.80909e-45
-1.12104e-44
-1.26117e-44
-1.4013e-44
-1.4013e-44
-1.4013e-44
-1.26117e-44
-1.12104e-44
-9.80909e-45
-8.40779e-45
-8.40779e-45
-1.12104e-44
-2.10195e-44
-2.38221e-44
-4.2039e-45
1.12104e-44
-2.10195e-44
-6.72623e-44
8.40779e-45
1.7236e-43
5.74532e-44
-4.24593e-43
-3.64338e-43
9.02436e-43
1.36066e-42
-1.66614e-42
-4.36925e-42
1.98844e-42
1.21787e-41
1.4083e-42
-3.0191e-41
-2.0082e-41
6.53594e-41
8.71313e-41
-1.16169e-40
-2.84147e-40
1.30988e-40
7.79034e-40
1.19789e-40
-1.82735e-39
-1.37364e-39
3.53034e-39
5.60384e-39
-4.72032e-39
-1.7378e-38
-4.96295e-40
4.5862e-38
3.07558e-38
-1.06465e-37
-1.28916e-37
2.17284e-37
3.51978e-37
-3.68239e-37
-6.18111e-37
3.53572e-37
