ordre_2
4.30379e-23
2.928e-21
-1.12157e-22
-1.70606e-20
-2.03338e-21
7.26495e-20
2.3226e-20
-2.6536e-19
-1.53298e-19
8.64011e-19
7.86774e-19
-2.5099e-18
-3.41943e-18
6.32668e-18
1.3011e-17
-1.26999e-17
-4.38134e-17
1.37713e-17
1.29961e-16
3.50949e-17
-3.31756e-16
-2.96921e-16
6.84197e-16
1.22383e-15
-9.11432e-16
-3.73951e-15
-4.7699e-16
8.83895e-15
8.07711e-15
-1.4688e-14
-3.13155e-14
7.66108e-15
7.90745e-14
5.35395e-14
-1.2906e-13
-2.41048e-13
5.15499e-14
5.75526e-13
4.69894e-13
-7.39194e-13
-1.7652e-12
-3.59687e-13
3.23049e-12
4.33417e-12
-1.55587e-12
-1.03972e-11
-9.19341e-12
9.14225e-12
2.87577e-11
1.82867e-11
-3.08681e-11
-7.33218e-11
-3.86141e-11
8.19037e-11
1.78597e-10
9.71595e-11
-1.78986e-10
-4.17615e-10
-2.83767e-10
3.00227e-10
9.10006e-10
8.4007e-10
-2.38583e-10
-1.71726e-09
-2.23533e-09
-7.32808e-10
2.34955e-09
4.83954e-09
4.13444e-09
-6.36916e-10
-7.21242e-09
-1.09543e-08
-7.73124e-09
2.78652e-09
1.57753e-08
2.31959e-08
1.82866e-08
8.77082e-11
-2.47915e-08
-4.44966e-08
-4.73542e-08
-2.77258e-08
1.07228e-08
5.57299e-08
9.11002e-08
1.02289e-07
8.2367e-08
3.21418e-08
-3.68325e-08
-1.14471e-07
-1.79008e-07
-2.35273e-07
-2.48119e-07
-2.74019e-07
-2.09844e-07
-2.55496e-07
-6.08163e-08
-2.44456e-07
2.84199e-07
-2.53443e-07
1.18864e-06
