ordre_2
1.43031e-23
7.68618e-23
-1.20144e-22
-4.61937e-22
5.1706e-22
2.07075e-21
-1.66916e-21
-8.13354e-21
4.04673e-21
2.91976e-20
-5.10371e-21
-9.68067e-20
-1.66142e-20
2.95344e-19
1.65383e-19
-8.16405e-19
-8.431e-19
1.97602e-18
3.35932e-18
-3.84633e-18
-1.13401e-17
4.22882e-18
3.2988e-17
8.50259e-18
-8.13345e-17
-7.43746e-17
1.58874e-16
2.97466e-16
-1.86541e-16
-8.71893e-16
-1.99629e-16
1.95326e-15
2.02872e-15
-2.96388e-15
-7.22162e-15
6.69784e-16
1.71122e-14
1.38387e-14
-2.5633e-14
-5.46998e-14
3.85179e-15
1.22472e-13
1.13776e-13
-1.44716e-13
-3.89148e-13
-1.09022e-13
6.84851e-13
9.70392e-13
-3.04417e-13
-2.28291e-12
-2.01894e-12
2.11452e-12
6.41785e-12
3.66314e-12
-7.71556e-12
-1.64436e-11
-6.3035e-12
2.22596e-11
4.02472e-11
1.25059e-11
-5.53332e-11
-9.6472e-11
-3.43789e-11
1.19869e-10
2.26178e-10
1.15625e-10
-2.15203e-10
-5.03414e-10
-3.81069e-10
2.58001e-10
1.00082e-09
1.09935e-09
9.48919e-11
-1.57538e-09
-2.60294e-09
-1.68173e-09
1.27869e-09
4.58309e-09
5.53266e-09
2.31146e-09
-4.24536e-09
-1.04244e-08
-1.15007e-08
-4.81609e-09
7.83581e-09
2.02442e-08
2.46264e-08
1.59197e-08
-4.79241e-09
-2.97914e-08
-4.75877e-08
-4.79987e-08
-2.6887e-08
1.14704e-08
5.54095e-08
9.06339e-08
1.02332e-07
9.02045e-08
3.38154e-08
6.32039e-09
-1.63589e-07
