ordre_2
-5.07796e-18
1.10377e-17
4.58556e-17
-5.56139e-17
-2.28498e-16
1.75217e-16
9.33059e-16
-3.23466e-16
-3.33416e-15
-3.04207e-16
1.04739e-14
6.04197e-15
-2.81574e-14
-3.33931e-14
5.99594e-14
1.30523e-13
-7.5152e-14
-3.98923e-13
-9.93848e-14
9.38275e-13
1.00426e-12
-1.45361e-12
-3.68036e-12
9.8217e-14
8.61625e-12
8.12362e-12
-1.11369e-11
-2.93334e-11
-7.10349e-12
5.45149e-11
7.60273e-11
-2.42828e-11
-1.82172e-10
-1.72423e-10
1.41942e-10
5.11306e-10
3.94962e-10
-4.27203e-10
-1.30048e-09
-1.02673e-09
8.57136e-10
3.01923e-09
2.94534e-09
-7.08255e-10
-5.96382e-09
-8.03982e-09
-3.01974e-09
7.90911e-09
1.75227e-08
1.67285e-08
1.534e-09
-2.22518e-08
-4.06223e-08
-3.9063e-08
-1.17735e-08
3.33748e-08
7.73051e-08
9.82668e-08
8.17035e-08
2.64363e-08
-5.53688e-08
-1.43563e-07
-2.17493e-07
-2.62068e-07
-2.70221e-07
-2.41426e-07
-1.77193e-07
-7.48189e-08
7.99579e-08
3.21729e-07
7.17309e-07
1.38377e-06
2.51686e-06
4.4352e-06
7.64672e-06
1.29459e-05
2.1554e-05
3.5317e-05
5.69808e-05
9.0562e-05
0.000141836
0.000218968
0.000333307
0.000500355
0.000740956
0.00108261
0.00156112
0.00222185
0.00312241
0.00433133
0.00593773
0.00802862
0.0107556
0.0141495
0.0186279
0.0236037
0.0312255
0.0363775
0.0530648
0.0454392
0.10608
