ordre_2
-2.8026e-45
-9.80909e-45
1.4013e-44
5.04467e-44
-6.16571e-44
-2.21405e-43
2.38221e-43
8.77213e-43
-8.05747e-43
-3.26503e-42
2.4845e-42
1.1621e-41
-6.85235e-42
-3.98417e-41
1.63293e-41
1.32257e-40
-2.90181e-41
-4.25681e-40
7.31057e-42
1.328e-39
2.65975e-40
-4.00745e-39
-1.75878e-39
1.16534e-38
8.26113e-39
-3.24563e-38
-3.33833e-38
8.57246e-38
1.22773e-37
-2.11072e-37
-4.20532e-37
4.68409e-37
1.35556e-36
-8.61543e-37
-4.12762e-36
9.17922e-37
1.18623e-35
1.98342e-36
-3.20007e-35
-1.82815e-35
8.00644e-35
8.33737e-35
-1.81257e-34
-3.04323e-34
3.5062e-34
9.73524e-34
-4.79698e-34
-2.80665e-33
-9.29193e-35
7.32347e-33
3.91906e-33
-1.70588e-32
-1.90264e-32
3.39555e-32
6.71496e-32
-5.01621e-32
-1.9895e-31
1.49654e-32
5.11213e-31
2.59898e-31
-1.1273e-30
-1.32435e-30
1.99577e-30
4.50867e-30
-2.09852e-30
-1.23982e-29
-2.83879e-30
2.83393e-29
2.5584e-29
-5.135e-29
-9.63006e-29
5.70406e-29
2.69384e-28
5.35853e-29
-5.99716e-28
-5.57617e-28
1.00338e-27
2.04287e-27
-8.20218e-28
-5.35778e-27
-2.17261e-27
1.06577e-26
1.3263e-26
-1.38922e-26
-4.13006e-26
-1.67364e-27
9.25016e-26
7.88508e-26
-1.44029e-25
-2.91026e-25
7.5798e-26
6.86455e-25
4.53424e-25
-1.06553e-24
-2.13907e-24
5.3017e-25
5.92822e-24
2.6334e-24
-1.1745e-23
-7.93646e-24
1.20733e-23
