ordre_2
-1.4013e-45
-2.8026e-45
-2.8026e-45
-1.4013e-45
0
1.4013e-45
1.4013e-45
1.4013e-45
-1.26117e-44
-1.4013e-44
2.94273e-44
4.62428e-44
-1.02295e-43
-1.73761e-43
3.08286e-43
6.06762e-43
-9.01035e-43
-2.10055e-42
2.45227e-42
7.04713e-42
-6.15871e-42
-2.29981e-41
1.36543e-41
7.28745e-41
-2.34493e-41
-2.2379e-40
1.12496e-41
6.63707e-40
1.52412e-40
-1.8924e-39
-1.00551e-39
5.15147e-39
4.51291e-39
-1.32397e-38
-1.72392e-38
3.15013e-38
5.95634e-38
-6.66553e-38
-1.90537e-37
1.12608e-37
5.69367e-37
-8.35855e-38
-1.59063e-36
-4.30988e-37
4.12848e-36
2.94422e-36
-9.79561e-36
-1.22728e-35
2.04788e-35
4.20999e-35
-3.4111e-35
-1.27233e-34
2.67915e-35
3.4537e-34
1.06104e-34
-8.38958e-34
-7.14539e-34
1.77233e-33
2.78871e-33
-2.97824e-33
-8.74075e-33
2.5664e-33
2.34816e-32
7.27851e-33
-5.43454e-32
-5.07444e-32
1.03827e-31
1.89343e-31
-1.37076e-31
-5.50756e-31
-1.84986e-32
1.3274e-30
9.17444e-31
-2.59376e-30
-3.95323e-30
3.52231e-30
1.1864e-29
-1.13347e-31
-2.81777e-29
-1.97971e-29
5.19176e-29
8.42208e-29
-5.88571e-29
-2.40198e-28
-4.47949e-29
5.23672e-28
5.02589e-28
-8.21188e-28
-1.7648e-27
4.83142e-28
4.26103e-27
2.47338e-27
-7.22327e-27
-1.25216e-26
5.67848e-27
3.7185e-26
1.30585e-26
-8.28642e-26
-6.05125e-26
1.28466e-25
8.11305e-26
