ordre_2
-1.4013e-45
-2.8026e-45
-2.8026e-45
-1.4013e-45
0
1.4013e-45
1.4013e-45
0
-1.4013e-45
-2.8026e-45
-2.8026e-45
-1.4013e-45
0
1.4013e-45
1.4013e-45
2.8026e-45
1.4013e-45
0
-1.4013e-45
-2.8026e-45
-4.2039e-45
-5.60519e-45
-5.60519e-45
-4.2039e-45
-2.8026e-45
-1.4013e-45
-1.4013e-45
-0
-0
-1.4013e-45
-2.8026e-45
-4.2039e-45
-5.60519e-45
-7.00649e-45
-7.00649e-45
-5.60519e-45
-4.2039e-45
-2.8026e-45
-1.4013e-45
-1.4013e-45
-2.8026e-45
-4.2039e-45
-5.60519e-45
-7.00649e-45
-7.00649e-45
-8.40779e-45
-9.80909e-45
-1.12104e-44
-1.26117e-44
-1.4013e-44
-1.4013e-44
-1.4013e-44
-1.26117e-44
-1.12104e-44
-9.80909e-45
-8.40779e-45
-8.40779e-45
-7.00649e-45
-5.60519e-45
-4.2039e-45
-2.8026e-45
-2.8026e-45
-2.8026e-45
-1.26117e-44
-2.66247e-44
-1.26117e-44
1.68156e-44
0
-8.68805e-44
-7.9874e-44
1.62551e-43
2.71852e-43
-2.97075e-43
-8.58996e-43
3.05483e-43
2.33737e-42
4.40008e-43
-5.74532e-42
-4.25855e-42
1.22347e-41
1.74616e-41
-2.12787e-41
-5.5476e-41
2.22708e-41
1.4908e-40
3.05903e-41
-3.42581e-40
-2.84787e-40
6.43679e-40
1.14125e-39
-8.1284e-40
-3.55414e-39
-2.39444e-40
9.50295e-39
5.66171e-39
-2.23374e-38
-2.15842e-38
4.50674e-38
5.13215e-38
-6.72895e-38
-5.79061e-38
