ordre_2
-1.4013e-45
-2.8026e-45
-2.8026e-45
-1.4013e-45
0
1.4013e-45
1.4013e-45
0
-1.4013e-45
-2.8026e-45
-2.8026e-45
-1.4013e-45
0
1.4013e-45
1.4013e-45
2.8026e-45
1.4013e-45
0
-1.4013e-45
-2.8026e-45
-4.2039e-45
-5.60519e-45
-5.60519e-45
-4.2039e-45
-2.8026e-45
-1.4013e-45
-1.4013e-45
-0
-0
1.4013e-45
-9.80909e-45
-2.24208e-44
-1.4013e-45
3.36312e-44
-1.12104e-44
-1.17709e-43
-2.38221e-44
3.22299e-43
1.7236e-43
-8.51989e-43
-7.72115e-43
2.11456e-42
2.90349e-42
-4.80786e-42
-9.80629e-42
9.50781e-42
3.05413e-41
-1.39331e-41
-8.86714e-41
1.43913e-42
2.39964e-40
9.80292e-41
-6.00653e-40
-5.25923e-40
1.36258e-39
2.01386e-39
-2.66769e-39
-6.55372e-39
3.86796e-39
1.90027e-38
-7.20447e-40
-4.96767e-38
-2.33205e-38
1.16041e-37
1.20434e-37
-2.33321e-37
-4.32383e-37
3.58127e-37
1.29302e-36
-1.82673e-37
-3.3584e-36
-1.46428e-36
7.55007e-36
8.0761e-36
-1.39575e-35
-2.8363e-35
1.7167e-35
8.02535e-35
8.0473e-36
-1.90965e-34
-1.41971e-34
3.73008e-34
5.88535e-34
-5.19024e-34
-1.76134e-33
8.9811e-35
4.23843e-33
2.60744e-33
-8.02893e-33
-1.17078e-32
9.65277e-33
3.52975e-32
5.88431e-33
-8.54128e-32
-8.06121e-32
1.72795e-31
2.94399e-31
-2.9105e-31
-6.87522e-31
3.6913e-31
7.69659e-31
