ordre_1
2.70433e-18
1.09905e-16
2.18413e-15
2.82949e-14
2.68788e-13
1.99712e-12
1.20909e-11
6.13632e-11
2.66616e-10
1.00815e-09
3.36232e-09
1.00044e-08
2.6829e-08
6.54607e-08
1.46652e-07
3.04432e-07
5.91038e-07
1.08336e-06
1.89273e-06
3.18082e-06
5.18506e-06
8.25668e-06
1.29143e-05
1.99167e-05
3.03591e-05
4.58013e-05
6.84355e-05
0.000101306
0.000148591
0.000215958
0.000311013
0.000443833
0.000627615
0.000879428
0.00122107
0.00168003
0.00229048
0.00309438
0.00414243
0.00549508
0.00722319
0.00940854
0.0121437
0.0155318
0.0196847
0.0247215
0.0307652
0.037939
0.0463607
0.0561379
0.06736
0.0800919
0.0943662
0.110176
0.127467
0.146134
0.166014
0.186889
0.208479
0.230455
0.252436
0.274006
0.294722
0.314129
0.331777
0.347238
0.360125
0.370103
0.376908
0.380357
0.380357
0.376908
0.370103
0.360125
0.347238
0.331777
0.314128
0.294722
0.274006
0.252436
0.230455
0.208479
0.186889
0.166014
0.146134
0.127467
0.110176
0.0943662
0.0800919
0.06736
0.0561378
0.0463607
0.0379389
0.0307652
0.0247215
0.0196847
0.0155318
0.0121437
0.00940853
0.00722319
0.00549508
