ordre_1
5.0372e-27
3.50793e-25
1.20501e-23
2.72203e-22
4.54843e-21
5.99623e-20
6.49572e-19
5.94709e-18
4.6971e-17
3.25098e-16
1.99634e-15
1.09861e-14
5.46326e-14
2.47229e-13
1.02423e-12
3.90502e-12
1.37656e-11
4.5053e-11
1.37425e-10
3.92064e-10
1.04967e-09
2.64575e-09
6.29822e-09
1.42045e-08
3.04482e-08
6.22368e-08
1.21718e-07
2.28571e-07
4.13643e-07
7.24096e-07
1.23074e-06
2.03863e-06
3.30241e-06
5.24842e-06
8.2061e-06
1.26517e-05
1.92684e-05
2.90267e-05
4.32919e-05
6.39635e-05
9.3656e-05
0.000135928
0.000195573
0.000278969
0.000394517
0.000553153
0.00076895
0.0010598
0.0014482
0.00196203
0.0026355
0.00350992
0.00463457
0.00606738
0.00787541
0.010135
0.0129318
0.0163596
0.0205196
0.0255181
0.0314637
0.0384641
0.0466214
0.0560273
0.0667573
0.0788648
0.0923747
0.107278
0.123524
0.14102
0.159624
0.179143
0.199339
0.219923
0.240568
0.260911
0.280566
0.299135
0.316219
0.331435
0.344427
0.354883
0.362545
0.367221
0.368794
0.367221
0.362545
0.354883
0.344427
0.331435
0.316219
0.299135
0.280566
0.260911
0.240567
0.219923
0.199339
0.179143
0.159624
0.14102
0.123524
