ordre_2
-2.08761e-14
-1.01215e-12
-7.83604e-14
5.57119e-12
2.64261e-12
-2.05948e-11
-2.09915e-11
5.47805e-11
1.03719e-10
-8.04983e-11
-3.57289e-10
-1.09554e-10
8.06462e-10
1.10403e-09
-6.92204e-10
-3.31392e-09
-2.51959e-09
3.80425e-09
1.02426e-08
6.73128e-09
-9.88321e-09
-2.73829e-08
-2.4964e-08
7.44841e-09
5.47754e-08
8.24057e-08
5.92796e-08
-1.95917e-08
-1.2798e-07
-2.22495e-07
-2.63516e-07
-2.28214e-07
-1.08894e-07
1.00413e-07
4.22016e-07
9.12477e-07
1.68061e-06
2.90998e-06
4.89219e-06
8.07776e-06
1.31518e-05
2.11429e-05
3.35764e-05
5.26844e-05
8.16883e-05
0.000125172
0.000189564
0.000283756
0.00041986
0.000614136
0.000888089
0.00126972
0.00179494
0.00250904
0.00346823
0.00474103
0.00640957
0.00857038
0.0113347
0.0148278
0.0191879
0.0245628
0.0311065
0.0389732
0.0483104
0.0592509
0.0719028
0.0863398
0.10259
0.120629
0.140365
0.161639
0.184217
0.207788
0.231973
0.256325
0.280349
0.303508
0.325253
0.345036
0.362335
0.376681
0.387672
0.394999
0.398454
0.397946
0.393498
0.385253
0.37346
0.358465
0.340694
0.320631
0.298802
0.275739
0.251998
0.227996
0.204535
0.180777
0.161656
0.130745
0.148452
