ordre_1
1.4013e-45
2.8026e-45
4.2039e-45
5.60519e-45
7.00649e-45
8.40779e-45
9.80909e-45
1.12104e-44
1.26117e-44
1.4013e-44
1.54143e-44
1.68156e-44
1.82169e-44
1.96182e-44
2.10195e-44
2.24208e-44
2.38221e-44
2.52234e-44
2.66247e-44
2.8026e-44
2.94273e-44
3.08286e-44
3.22299e-44
3.36312e-44
3.50325e-44
3.64338e-44
3.78351e-44
3.92364e-44
4.06377e-44
4.2039e-44
4.34403e-44
4.48416e-44
4.62428e-44
4.76441e-44
4.90454e-44
5.04467e-44
5.1848e-44
5.32493e-44
5.46506e-44
5.60519e-44
5.74532e-44
5.88545e-44
6.02558e-44
6.16571e-44
6.30584e-44
6.44597e-44
6.5861e-44
6.72623e-44
6.86636e-44
7.00649e-44
7.14662e-44
7.28675e-44
7.42688e-44
7.56701e-44
7.70714e-44
7.84727e-44
7.9874e-44
8.12753e-44
8.26766e-44
8.40779e-44
8.54792e-44
8.68805e-44
8.82818e-44
9.24857e-44
1.1911e-43
2.63444e-43
9.23456e-43
3.89561e-42
1.70468e-41
7.41455e-41
3.17693e-40
1.33852e-39
5.54412e-39
2.2577e-38
9.04061e-38
3.5604e-37
1.37926e-36
5.25662e-36
1.97132e-35
7.27549e-35
2.64297e-34
9.45168e-34
3.32797e-33
1.15389e-32
3.94026e-32
1.32532e-31
4.39146e-31
1.43367e-30
4.61203e-30
1.46217e-29
4.56893e-29
1.40734e-28
4.27365e-28
1.27958e-27
3.7779e-27
1.10002e-26
3.15908e-26
8.94915e-26
2.50096e-25
6.89579e-25
1.8761e-24
