ordre_2
5.28136e-18
2.8035e-17
-4.24687e-17
-1.68511e-16
1.63775e-16
7.47858e-16
-4.06195e-16
-2.84184e-15
3.136e-16
9.48759e-15
3.36085e-15
-2.74555e-14
-2.47157e-14
6.54418e-14
1.09751e-13
-1.09594e-13
-3.70651e-13
2.29548e-14
9.74283e-13
7.09346e-13
-1.83271e-12
-3.29336e-12
1.44374e-12
9.04319e-12
5.31765e-12
-1.51647e-11
-2.7249e-11
4.39995e-12
6.30911e-11
6.09692e-11
-6.07279e-11
-1.95218e-10
-1.1367e-10
2.43333e-10
5.26914e-10
2.18514e-10
-6.95784e-10
-1.34039e-09
-5.89316e-10
1.55398e-09
3.25816e-09
2.08864e-09
-2.4024e-09
-7.11786e-09
-7.05015e-09
3.95883e-10
1.18046e-08
1.85481e-08
1.24964e-08
-7.05088e-09
-3.058e-08
-4.25935e-08
-3.07973e-08
5.45755e-09
5.28968e-08
8.97498e-08
9.57855e-08
6.14757e-08
-8.17409e-09
-9.62808e-08
-1.81047e-07
-2.43256e-07
-2.71045e-07
-2.60532e-07
-2.12645e-07
-1.27453e-07
2.88401e-09
2.023e-07
5.21122e-07
1.05079e-06
1.94671e-06
3.46404e-06
6.01255e-06
1.02379e-05
1.71393e-05
2.82369e-05
4.58063e-05
7.31992e-05
0.00011527
0.000178934
0.00027387
0.00041341
0.000615599
0.000904463
0.00131145
0.00187698
0.0026522
0.00370026
0.00509884
0.00693827
0.00933101
0.012386
0.0162805
0.0210517
0.0271696
0.0339352
0.0438479
0.0507385
0.0715757
0.0619863
0.138149
