ordre_1
5.8075e-09
5.59872e-08
2.54301e-07
7.40654e-07
1.61198e-06
2.93469e-06
4.87878e-06
7.81802e-06
1.23406e-05
1.92805e-05
2.9829e-05
4.56981e-05
6.93261e-05
0.000104144
0.000154921
0.000228205
0.000332875
0.000480812
0.000687717
0.000974055
0.00136615
0.00189737
0.00260943
0.0035537
0.00479244
0.00639989
0.00846309
0.0110822
0.0143703
0.018452
0.023462
0.0295411
0.0368324
0.0454752
0.0555983
0.0673115
0.0806972
0.095801
0.112622
0.131105
0.151132
0.172518
0.195009
0.218282
0.241949
0.265565
0.288643
0.310666
0.331107
0.34945
0.365211
0.37796
0.387338
0.393075
0.395007
0.393075
0.387338
0.37796
0.365211
0.34945
0.331107
0.310666
0.288643
0.265565
0.241949
0.218282
0.195009
0.172518
0.151132
0.131105
0.112622
0.095801
0.0806972
0.0673115
0.0555982
0.0454752
0.0368324
0.0295411
0.023462
0.018452
0.0143703
0.0110822
0.00846308
0.00639988
0.00479243
0.0035537
0.00260943
0.00189737
0.00136615
0.000974054
0.000687716
0.000480812
0.000332874
0.000228205
0.000154921
0.000104144
6.9326e-05
4.56981e-05
2.9829e-05
1.92805e-05
1.23406e-05
