ordre_2
-8.90805e-41
5.90092e-40
8.17028e-40
-3.45705e-39
-4.23128e-39
1.49298e-38
1.86196e-38
-5.62106e-38
-7.56728e-38
1.93949e-37
2.92244e-37
-6.24934e-37
-1.08472e-36
1.89045e-36
3.88717e-36
-5.34718e-36
-1.34687e-35
1.39282e-35
4.51123e-35
-3.21839e-35
-1.45859e-34
5.93104e-35
4.54105e-34
-4.76206e-35
-1.35609e-33
-2.76091e-34
3.86172e-33
2.06865e-33
-1.03903e-32
-9.55108e-33
2.6005e-32
3.66142e-32
-5.87754e-32
-1.25136e-31
1.11904e-31
3.90917e-31
-1.39166e-31
-1.12445e-30
-1.27873e-31
2.96691e-30
1.73604e-30
-7.06399e-30
-8.06432e-30
1.45646e-29
2.85862e-29
-2.30447e-29
-8.64188e-29
1.2562e-29
2.28855e-28
9.68278e-29
-5.26308e-28
-5.52181e-28
9.97111e-28
1.98559e-27
-1.26691e-27
-5.71733e-27
-4.96213e-28
1.37315e-26
1.01919e-26
-2.66634e-26
-4.26533e-26
3.51532e-26
1.26745e-25
5.09832e-27
-2.97766e-25
-2.27115e-25
5.35332e-25
9.29527e-25
-5.516e-25
-2.57939e-24
-7.10287e-25
5.38525e-24
5.87627e-24
-7.59574e-24
-1.948e-23
1.25875e-24
4.48787e-23
3.46788e-23
-7.07903e-23
-1.37469e-22
3.78327e-23
3.35541e-22
2.12584e-22
-5.42213e-22
-9.48106e-22
3.07686e-22
2.32215e-21
1.50478e-21
-3.5684e-21
-6.57668e-21
1.41533e-21
1.5e-20
1.12766e-20
-1.87445e-20
-4.305e-20
-9.11054e-21
9.30384e-20
1.12512e-19
-1.36175e-19
-2.64559e-19
1.08619e-19
