ordre_2
-3.76933e-16
-2.06636e-14
-6.56674e-16
1.16415e-13
3.90429e-14
-4.58412e-13
-3.3973e-13
1.4247e-12
1.87541e-12
-3.3337e-12
-7.74236e-12
4.1876e-12
2.4568e-11
8.36326e-12
-5.665e-11
-7.17474e-11
7.07952e-11
2.40544e-10
8.56697e-11
-4.48564e-10
-6.93354e-10
1.45858e-10
1.62106e-09
1.74377e-09
-9.42796e-10
-4.63739e-09
-4.64303e-09
1.92144e-09
1.11704e-08
1.34624e-08
1.66233e-09
-1.99397e-08
-3.51788e-08
-2.66989e-08
9.56882e-09
5.76948e-08
8.88181e-08
7.75727e-08
1.6882e-08
-7.79204e-08
-1.76801e-07
-2.48388e-07
-2.70701e-07
-2.34082e-07
-1.36036e-07
2.90621e-08
2.82287e-07
6.73353e-07
1.29609e-06
2.30972e-06
3.97092e-06
6.68263e-06
1.10667e-05
1.80692e-05
2.91092e-05
4.62855e-05
7.26558e-05
0.000112609
0.000172352
0.000260524
0.000388979
0.000573725
0.000836045
0.00120378
0.00171278
0.00240843
0.00334721
0.00459822
0.00624442
0.00838349
0.0111281
0.0146055
0.0189556
0.0243288
0.0308811
0.0387688
0.0481413
0.0591323
0.0718505
0.0863689
0.102715
0.120858
0.140707
0.162094
0.184781
0.20845
0.232716
0.257126
0.281178
0.304335
0.326043
0.345751
0.362956
0.377134
0.388091
0.394842
0.399467
0.394354
0.404174
0.349209
0.486134
