ordre_2
2.64731e-26
-3.45819e-27
-2.34966e-25
-8.29381e-28
1.14022e-24
1.56202e-25
-4.55512e-24
-1.40001e-24
1.62743e-23
8.48721e-24
-5.33388e-23
-4.21188e-23
1.61009e-22
1.82646e-22
-4.42894e-22
-7.12408e-22
1.07663e-21
2.53201e-21
-2.1315e-21
-8.22853e-21
2.43259e-21
2.43404e-20
4.97716e-21
-6.45821e-20
-4.72464e-20
1.48579e-19
2.09159e-19
-2.71328e-19
-7.08556e-19
2.66004e-19
1.98395e-18
6.18687e-19
-4.57138e-18
-4.68645e-18
7.96537e-18
1.72188e-17
-6.51686e-18
-4.62641e-17
-2.04361e-17
9.28072e-17
1.2303e-16
-1.12965e-16
-3.77879e-16
-6.88524e-17
7.91772e-16
8.63296e-16
-9.6751e-16
-2.79627e-15
-5.35198e-16
5.52716e-15
6.55166e-15
-5.22885e-15
-1.90816e-14
-8.65525e-15
3.05043e-14
5.00342e-14
-8.43291e-15
-1.10231e-13
-1.04819e-13
1.01585e-13
3.21723e-13
1.71553e-13
-4.23293e-13
-8.29048e-13
-1.84377e-13
1.3431e-12
1.99022e-12
-2.88526e-14
-3.70316e-12
-4.64456e-12
7.51883e-13
9.32183e-12
1.08863e-11
-2.04185e-12
-2.18159e-11
-2.599e-11
2.04808e-12
4.72554e-11
6.24881e-11
8.64874e-12
-9.1855e-11
-1.46292e-10
-6.16373e-11
1.47561e-10
3.17396e-10
2.37366e-10
-1.46005e-10
-5.94688e-10
-6.82855e-10
-1.35174e-10
8.35529e-10
1.51864e-09
1.14353e-09
-4.43498e-10
-2.39436e-09
-3.28909e-09
-1.74986e-09
1.6843e-09
5.08544e-09
8.18577e-09
1.07377e-10
