ordre_1
1.4013e-45
2.8026e-45
4.2039e-45
5.60519e-45
7.00649e-45
8.40779e-45
9.80909e-45
1.12104e-44
1.26117e-44
1.4013e-44
1.54143e-44
1.68156e-44
1.82169e-44
1.96182e-44
2.10195e-44
2.24208e-44
2.38221e-44
2.52234e-44
2.66247e-44
2.8026e-44
2.94273e-44
3.08286e-44
3.22299e-44
3.36312e-44
3.50325e-44
3.64338e-44
3.78351e-44
3.92364e-44
4.06377e-44
4.2039e-44
4.34403e-44
4.48416e-44
4.62428e-44
4.76441e-44
4.90454e-44
5.04467e-44
7.42688e-44
2.38221e-43
1.27939e-42
7.68192e-42
4.58098e-41
2.66412e-40
1.50719e-39
8.29547e-39
4.44397e-38
2.31832e-37
1.1783e-36
5.83734e-36
2.81999e-35
1.32903e-34
6.11299e-34
2.74519e-33
1.20408e-32
5.16007e-32
2.16136e-31
8.85139e-31
3.54528e-30
1.38924e-29
5.3275e-29
1.99992e-28
7.35137e-28
2.64671e-27
9.33558e-27
3.22688e-26
1.0933e-25
3.63174e-25
1.18306e-24
3.78024e-24
1.18507e-23
3.64564e-23
1.10078e-22
3.263e-22
9.49739e-22
2.71488e-21
7.6232e-21
2.10304e-20
5.70115e-20
1.51901e-19
3.97849e-19
1.02451e-18
2.59432e-18
6.46134e-18
1.58302e-17
3.81581e-17
9.05107e-17
2.113e-16
4.85577e-16
1.09863e-15
2.44767e-15
5.37078e-15
1.16086e-14
2.47206e-14
5.18739e-14
1.07283e-13
2.18716e-13
4.39627e-13
8.71412e-13
1.70366e-12
3.28585e-12
6.25333e-12
1.17452e-11
