ordre_1
1.4013e-45
2.8026e-45
4.2039e-45
5.60519e-45
7.00649e-45
9.52883e-44
2.25189e-42
4.78039e-41
8.83436e-40
1.44187e-38
2.10407e-37
2.77288e-36
3.32755e-35
3.66145e-34
3.71605e-33
3.49635e-32
3.06319e-31
2.50868e-30
1.92716e-29
1.39292e-28
9.49849e-28
6.12607e-27
3.74524e-26
2.17488e-25
1.20187e-24
6.33128e-24
3.18436e-23
1.53137e-22
7.05112e-22
3.11243e-21
1.3186e-20
5.3676e-20
2.10158e-19
7.92197e-19
2.87767e-18
1.0082e-17
3.40962e-17
1.11394e-16
3.51837e-16
1.07512e-15
3.1806e-15
9.11568e-15
2.53267e-14
6.82579e-14
1.78559e-13
4.53658e-13
1.1201e-12
2.6892e-12
6.28191e-12
1.42863e-11
3.165e-11
6.83471e-11
1.43957e-10
2.9593e-10
5.94129e-10
1.16575e-09
2.23701e-09
4.20139e-09
7.72875e-09
1.39367e-08
2.4655e-08
4.28256e-08
7.31028e-08
1.22737e-07
2.02867e-07
3.30386e-07
5.30622e-07
8.41135e-07
1.31708e-06
2.0387e-06
3.1217e-06
4.73152e-06
7.10271e-06
1.05651e-05
1.55785e-05
2.27788e-05
3.30378e-05
4.75402e-05
6.7882e-05
9.61944e-05
0.000135297
0.000188886
0.000261761
0.0003601
0.00049177
0.0006667
0.00089729
0.00119887
0.0015902
0.00209399
0.00273742
0.00355264
0.00457727
0.00585476
0.00743462
0.00937253
0.0117302
0.0145747
0.0179782
0.0220163
0.0267666
