ordre_2
5.1224e-21
-3.4212e-20
-4.85219e-20
1.92193e-19
2.63877e-19
-7.66786e-19
-1.21276e-18
2.52556e-18
5.01831e-18
-6.96859e-18
-1.89361e-17
1.50114e-17
6.50177e-17
-1.69153e-17
-2.00915e-16
-5.09216e-17
5.46116e-16
4.45619e-16
-1.24246e-15
-1.96375e-15
2.05303e-15
6.50801e-15
-7.91021e-16
-1.70993e-14
-1.07575e-14
3.38882e-14
5.31678e-14
-3.75382e-14
-1.57584e-13
-5.00039e-14
3.17825e-13
4.06843e-13
-3.26953e-13
-1.21757e-12
-4.98398e-13
2.11588e-12
3.26743e-12
-9.59002e-13
-7.82054e-12
-6.74004e-12
8.15461e-12
2.2901e-11
1.09713e-11
-3.13758e-11
-5.95387e-11
-1.47078e-11
9.29526e-11
1.47221e-10
2.32369e-11
-2.34879e-10
-3.5967e-10
-8.11126e-11
5.12457e-10
8.65783e-10
3.75389e-10
-9.03666e-10
-1.95791e-09
-1.45764e-09
9.47298e-10
3.78308e-09
4.4062e-09
1.0712e-09
-5.0587e-09
-9.8128e-09
-8.48916e-09
4.59686e-10
1.31872e-08
2.17072e-08
1.84274e-08
1.37602e-09
-2.32481e-08
-4.31408e-08
-4.57832e-08
-2.50783e-08
1.47993e-08
6.03299e-08
9.38285e-08
1.00328e-07
7.30923e-08
1.56065e-08
-6.02107e-08
-1.38556e-07
-2.04407e-07
-2.47928e-07
-2.63962e-07
-2.55591e-07
-2.2089e-07
-1.75033e-07
-8.65147e-08
-9.96067e-09
2.37337e-07
3.74815e-07
1.26505e-06
1.45141e-06
4.78614e-06
4.26736e-06
1.64521e-05
1.01487e-05
5.3431e-05
1.68259e-05
0.000166254
