ordre_1
1.4013e-45
2.8026e-45
4.2039e-45
5.60519e-45
7.00649e-45
8.40779e-45
9.80909e-45
1.12104e-44
1.26117e-44
1.4013e-44
1.54143e-44
1.68156e-44
1.82169e-44
1.96182e-44
2.10195e-44
2.24208e-44
2.38221e-44
2.52234e-44
2.66247e-44
2.8026e-44
2.94273e-44
3.08286e-44
3.22299e-44
3.36312e-44
3.50325e-44
3.64338e-44
3.78351e-44
3.92364e-44
4.06377e-44
4.2039e-44
4.34403e-44
4.48416e-44
4.62428e-44
4.76441e-44
4.90454e-44
5.04467e-44
5.1848e-44
5.32493e-44
5.46506e-44
5.60519e-44
5.74532e-44
5.88545e-44
6.02558e-44
6.16571e-44
6.30584e-44
6.44597e-44
6.5861e-44
6.72623e-44
6.86636e-44
7.00649e-44
8.54792e-44
1.76564e-43
6.71222e-43
3.21458e-42
1.60014e-41
7.88707e-41
3.81323e-40
1.80561e-39
8.37324e-39
3.80363e-38
1.69298e-37
7.38535e-37
3.1584e-36
1.3245e-35
5.44787e-35
2.19836e-34
8.70493e-34
3.38317e-33
1.29082e-32
4.83601e-32
1.77939e-31
6.4314e-31
2.28388e-30
7.96996e-30
2.73359e-29
9.21681e-29
3.05544e-28
9.96065e-28
3.19368e-27
1.00729e-26
3.12572e-26
9.5442e-26
2.86807e-25
8.48331e-25
2.47018e-24
7.08176e-24
1.99924e-23
5.55847e-23
1.52221e-22
4.10657e-22
1.09151e-21
2.85871e-21
7.37849e-21
1.87704e-20
4.70695e-20
1.16365e-19
2.83644e-19
6.81786e-19
1.61621e-18
3.77896e-18
8.71623e-18
