ordre_2
-1.11543e-10
-5.40132e-10
6.16708e-10
3.17867e-09
1.73107e-10
-1.07573e-08
-1.25822e-08
1.37781e-08
5.07838e-08
4.48361e-08
-3.6701e-08
-1.56543e-07
-2.26208e-07
-1.68298e-07
4.71002e-08
4.2221e-07
9.80865e-07
1.81015e-06
3.08477e-06
5.08893e-06
8.25398e-06
1.32229e-05
2.09475e-05
3.28252e-05
5.08849e-05
7.80351e-05
0.000118392
0.000177706
0.000263898
0.00038774
0.00056367
0.000810775
0.00115393
0.00162506
0.00226455
0.00312268
0.00426105
0.00575385
0.00768885
0.010168
0.0133073
0.0172358
0.0220938
0.0280295
0.0351943
0.0437373
0.0537974
0.0654948
0.0789218
0.0941323
0.111132
0.129869
0.150226
0.172015
0.194971
0.218761
0.242978
0.267158
0.290792
0.313339
0.334248
0.352982
0.369037
0.38197
0.391411
0.39709
0.398842
0.396619
0.390493
0.380649
0.367378
0.351061
0.332152
0.311159
0.288618
0.265072
0.24105
0.21705
0.19352
0.170847
0.149352
0.129282
0.110814
0.0940553
0.0790512
0.0657922
0.0542231
0.0442528
0.0357643
0.0286228
0.0226847
0.0178039
0.0138377
0.0106507
0.00811835
0.00612798
0.00458166
0.00338878
0.00249817
0.00175481
0.0015156
