ordre_2
7.84026e-42
1.42246e-41
-6.951e-41
-8.76302e-41
3.36958e-40
4.10442e-40
-1.34853e-39
-1.72368e-39
4.8591e-39
6.80654e-39
-1.62581e-38
-2.57362e-38
5.11048e-38
9.38806e-38
-1.51152e-37
-3.31367e-37
4.17721e-37
1.13255e-36
-1.05804e-36
-3.74596e-36
2.34381e-36
1.19709e-35
-3.92764e-36
-3.6863e-35
1.19847e-36
1.08945e-34
2.97441e-35
-3.07138e-34
-1.8616e-34
8.18073e-34
8.15112e-34
-2.0253e-33
-3.04242e-33
4.51572e-33
1.0229e-32
-8.40543e-33
-3.16082e-32
9.70752e-33
9.0256e-32
1.35488e-32
-2.37076e-31
-1.45809e-31
5.63447e-31
6.58528e-31
-1.16352e-30
-2.31433e-30
1.85634e-30
6.98992e-30
-1.08681e-30
-1.85983e-29
-7.47583e-30
4.32649e-29
4.37105e-29
-8.3976e-29
-1.5961e-28
1.1448e-28
4.67784e-28
5.83486e-30
-1.15192e-27
-7.5035e-28
2.33327e-27
3.36365e-27
-3.41552e-27
-1.04349e-26
1.05157e-27
2.57076e-26
1.56139e-26
-4.98359e-26
-7.29272e-26
6.3757e-26
2.18021e-25
1.51177e-26
-4.94438e-25
-4.15215e-25
8.14197e-25
1.59188e-24
-5.88832e-25
-4.08846e-24
-1.99844e-24
7.55916e-24
1.07671e-23
-7.82237e-24
-3.0548e-23
-8.91371e-24
5.94482e-23
7.1785e-23
-6.61057e-23
-2.16263e-22
-5.08929e-23
4.23229e-22
4.8744e-22
-4.49286e-22
-1.41319e-21
-4.72428e-22
2.47527e-21
3.87111e-21
-1.97843e-21
-1.13509e-20
-2.45586e-21
1.97511e-20
6.13306e-21
