ordre_2
2.32616e-43
4.2039e-43
-2.0557e-42
-2.5882e-42
9.97584e-42
1.20988e-41
-4.00183e-41
-5.07102e-41
1.44695e-40
1.99985e-40
-4.86529e-40
-7.5572e-40
1.54007e-39
2.75783e-39
-4.60107e-39
-9.7501e-39
1.29071e-38
3.34268e-38
-3.34825e-38
-1.11089e-37
7.74921e-38
3.57418e-37
-1.44899e-37
-1.11081e-36
1.30401e-37
3.32352e-36
5.8722e-37
-9.52508e-36
-4.67998e-36
2.59478e-35
2.20468e-35
-6.63475e-35
-8.58627e-35
1.55652e-34
2.98536e-34
-3.19132e-34
-9.52494e-34
4.9556e-34
2.81587e-33
-1.6117e-34
-7.71123e-33
-2.97598e-33
1.9374e-32
1.69047e-32
-4.35827e-32
-6.57377e-32
8.26099e-32
2.13786e-31
-1.06697e-31
-6.11063e-31
-4.71438e-32
1.54832e-30
9.68969e-31
-3.4117e-30
-4.3946e-30
6.09908e-30
1.46352e-29
-6.5923e-30
-4.051e-29
-8.44136e-30
9.49871e-29
8.07432e-29
-1.81312e-28
-3.14935e-28
2.33618e-28
9.18545e-28
5.79313e-29
-2.16574e-27
-1.64201e-27
4.00157e-27
6.74171e-27
-4.58719e-27
-1.91949e-26
-3.43515e-27
4.21774e-26
3.98596e-26
-6.70239e-26
-1.43615e-25
4.13967e-26
3.60679e-25
1.93822e-25
-6.59967e-25
-9.74698e-25
6.75723e-25
2.74246e-24
8.15084e-25
-5.40924e-24
-6.46602e-24
6.42093e-24
1.9677e-23
2.97678e-24
-3.89686e-23
-4.15405e-23
4.12095e-23
1.34974e-22
4.67124e-23
-2.94844e-22
-3.43248e-22
4.71963e-22
7.68541e-22
-4.18894e-22
