ordre_1
1.4013e-45
2.8026e-45
4.2039e-45
5.60519e-45
7.00649e-45
8.40779e-45
9.80909e-45
1.12104e-44
1.26117e-44
1.4013e-44
1.54143e-44
1.68156e-44
1.82169e-44
1.96182e-44
2.10195e-44
2.24208e-44
2.38221e-44
2.52234e-44
2.66247e-44
2.8026e-44
2.94273e-44
3.08286e-44
3.22299e-44
3.36312e-44
3.50325e-44
3.64338e-44
3.78351e-44
3.92364e-44
4.06377e-44
4.2039e-44
4.34403e-44
4.48416e-44
4.62428e-44
4.76441e-44
4.90454e-44
5.04467e-44
5.1848e-44
5.32493e-44
5.46506e-44
5.60519e-44
5.74532e-44
5.88545e-44
6.02558e-44
6.16571e-44
6.30584e-44
8.68805e-44
2.36819e-43
1.06499e-42
5.56736e-42
2.93992e-41
1.52533e-40
7.7385e-40
3.83699e-39
1.85973e-38
8.814e-38
4.08601e-37
1.8534e-36
8.22846e-36
3.57664e-35
1.52253e-34
6.34904e-34
2.59431e-33
1.03901e-32
4.07956e-32
1.57074e-31
5.93198e-31
2.19784e-30
7.99084e-30
2.85155e-29
9.98972e-29
3.43636e-28
1.16092e-27
3.85256e-27
1.25609e-26
4.02438e-26
1.26724e-25
3.92263e-25
1.19379e-24
3.5726e-24
1.05152e-23
3.04438e-23
8.67147e-23
2.43035e-22
6.70338e-22
1.81983e-21
4.86345e-21
1.27967e-20
3.31552e-20
8.45997e-20
2.12623e-19
5.26424e-19
1.28412e-18
3.08659e-18
7.31164e-18
1.70716e-17
3.92927e-17
8.91644e-17
1.99513e-16
4.40259e-16
9.58221e-16
2.05732e-15
