ordre_1
1.5012e-34
1.42075e-32
6.65518e-31
2.05719e-29
4.72041e-28
8.57575e-27
1.28483e-25
1.63271e-24
1.79631e-23
1.7381e-22
1.49746e-21
1.16028e-20
8.15226e-20
5.23004e-19
3.08178e-18
1.6764e-17
8.45574e-17
3.97028e-16
1.74136e-15
7.15654e-15
2.76366e-14
1.0054e-13
3.45377e-13
1.12276e-12
3.46099e-12
1.01361e-11
2.82544e-11
7.50956e-11
1.90632e-10
4.62982e-10
1.07757e-09
2.40756e-09
5.17253e-09
1.07051e-08
2.13813e-08
4.12911e-08
7.72535e-08
1.40317e-07
2.47943e-07
4.27157e-07
7.1906e-07
1.18529e-06
1.91726e-06
3.04921e-06
4.77668e-06
7.38231e-06
1.12713e-05
1.70197e-05
2.54396e-05
3.76644e-05
5.52616e-05
8.03768e-05
0.000115917
0.000165783
0.000235147
0.000330806
0.000461587
0.000638831
0.000876952
0.00119406
0.00161264
0.00216029
0.00287045
0.00378315
0.00494563
0.00641292
0.00824817
0.0105227
0.0133157
0.0167136
0.0208086
0.0256974
0.0314778
0.0382464
0.0460945
0.0551036
0.0653405
0.0768526
0.0896619
0.10376
0.119105
0.135613
0.153161
0.171582
0.190665
0.210157
0.229771
0.249185
0.268056
0.286027
0.302736
0.317833
0.330987
0.341901
0.350322
0.356051
0.358951
0.358951
0.356051
0.350322
0.341901
