ordre_2
-5.60519e-43
-1.01454e-42
4.95779e-42
6.23858e-42
-2.40449e-41
-2.91834e-41
9.63939e-41
1.22401e-40
-3.48244e-40
-4.82875e-40
1.16956e-39
1.825e-39
-3.69595e-39
-6.65939e-39
1.10155e-38
2.35349e-38
-3.07921e-38
-8.06278e-38
7.94338e-38
2.67654e-37
-1.82011e-37
-8.59769e-37
3.32365e-37
2.66624e-36
-2.58051e-37
-7.95424e-36
-1.59046e-36
2.27086e-35
1.17818e-35
-6.15378e-35
-5.44215e-35
1.56182e-34
2.09653e-34
-3.62226e-34
-7.2289e-34
7.27389e-34
2.28856e-33
-1.06906e-33
-6.71e-33
4.38648e-35
1.81971e-32
8.01726e-33
-4.51429e-32
-4.24668e-32
9.96608e-32
1.60704e-31
-1.82457e-31
-5.12986e-31
2.11117e-31
1.44128e-30
2.2526e-31
-3.58113e-30
-2.55831e-30
7.67852e-30
1.088e-29
-1.3046e-29
-3.50447e-29
1.15818e-29
9.43197e-29
2.96863e-29
-2.14125e-28
-2.09471e-28
3.88362e-28
7.64976e-28
-4.3311e-28
-2.13924e-27
-4.20255e-28
4.83052e-27
4.38939e-27
-8.34824e-27
-1.63785e-26
7.72211e-27
4.40729e-26
1.48515e-26
-9.11974e-26
-1.03998e-25
1.29801e-25
3.40045e-25
-2.80551e-26
-7.96285e-25
-5.78586e-25
1.32472e-24
2.38947e-24
-9.69719e-25
-6.13586e-24
-3.09011e-24
1.09329e-23
1.63538e-23
-9.89998e-24
-4.43556e-23
-1.70163e-23
7.85903e-23
1.0678e-22
-5.92286e-23
-2.95488e-22
-1.81848e-22
5.60485e-22
8.96743e-22
-7.55335e-22
-1.86564e-21
5.69772e-22
