ordre_1
1.4013e-45
2.8026e-45
4.2039e-45
5.60519e-45
7.00649e-45
8.40779e-45
9.80909e-45
1.12104e-44
1.26117e-44
1.4013e-44
1.54143e-44
1.68156e-44
1.82169e-44
1.96182e-44
2.10195e-44
2.24208e-44
2.38221e-44
2.52234e-44
2.66247e-44
2.8026e-44
2.94273e-44
3.08286e-44
3.22299e-44
3.36312e-44
3.50325e-44
3.64338e-44
3.78351e-44
5.60519e-44
2.05991e-43
1.33964e-42
9.53023e-42
6.66458e-41
4.50569e-40
2.94158e-39
1.85571e-38
1.13215e-37
6.68511e-37
3.82341e-36
2.11955e-35
1.13967e-34
5.94758e-34
3.01432e-33
1.48451e-32
7.10814e-32
3.31087e-31
1.50093e-30
6.62548e-30
2.84915e-29
1.19411e-28
4.87968e-28
1.94504e-27
7.56535e-27
2.87246e-26
1.06503e-25
3.85745e-25
1.36527e-24
4.72344e-24
1.59792e-23
5.28736e-23
1.71174e-22
5.4235e-22
1.68222e-21
5.10931e-21
1.51997e-20
4.43008e-20
1.26532e-19
3.5425e-19
9.72394e-19
2.61759e-18
6.91174e-18
1.79061e-17
4.55237e-17
1.13605e-16
2.78339e-16
6.69677e-16
1.58258e-15
3.67428e-15
8.38258e-15
1.87967e-14
4.14359e-14
8.98179e-14
1.91487e-13
4.0161e-13
8.28825e-13
1.68352e-12
3.36646e-12
6.62891e-12
1.28568e-11
2.45677e-11
4.62648e-11
8.58846e-11
1.57211e-10
2.83847e-10
5.05651e-10
8.89036e-10
1.54323e-09
2.64561e-09
4.48078e-09
7.5e-09
1.24108e-08
2.03107e-08
