ordre_2
-1.98473e-27
-1.42881e-25
7.81741e-27
8.38825e-25
5.70374e-26
-3.62734e-24
-7.99636e-25
1.36201e-23
5.63865e-24
-4.64704e-23
-3.04952e-23
1.45897e-22
1.40469e-22
-4.19846e-22
-5.74993e-22
1.08527e-21
2.13255e-21
-2.39249e-21
-7.22029e-21
3.81161e-21
2.22957e-20
-2.85033e-22
-6.21791e-20
-3.07841e-20
1.52899e-19
1.6634e-19
-3.12947e-19
-6.20991e-19
4.41403e-19
1.87724e-18
7.40427e-20
-4.70183e-18
-3.36918e-18
9.32987e-18
1.49413e-17
-1.18038e-17
-4.49105e-17
-6.20924e-18
1.01577e-16
9.6053e-17
-1.57754e-16
-3.53611e-16
5.88219e-17
8.52786e-16
6.25012e-16
-1.33401e-15
-2.60935e-15
4.72258e-16
6.11352e-15
4.92076e-15
-8.18183e-15
-1.86187e-14
-1.83132e-15
3.68123e-14
4.24943e-14
-2.98738e-14
-1.18487e-13
-7.01931e-14
1.57859e-13
3.17089e-13
5.39576e-14
-5.53378e-13
-7.5474e-13
1.58039e-13
1.62023e-12
1.68176e-12
-9.38934e-13
-4.28048e-12
-3.69771e-12
3.03959e-12
1.05943e-11
8.44281e-12
-7.58369e-12
-2.49706e-11
-2.05622e-11
1.50131e-11
5.59256e-11
5.25061e-11
-2.01774e-11
-1.16332e-10
-1.33687e-10
-2.95302e-12
2.13196e-10
3.19723e-10
1.35637e-10
-3.03062e-10
-6.73305e-10
-5.58469e-10
1.78403e-10
1.13399e-09
1.51023e-09
6.8515e-10
-1.16591e-09
-2.88431e-09
-2.97817e-09
-6.99774e-10
3.3048e-09
6.01382e-09
6.25406e-09
1.87801e-09
-1.04643e-08
