ordre_2
-1.4013e-45
-2.8026e-45
-2.8026e-45
-1.4013e-45
0
1.4013e-45
1.4013e-45
0
-1.4013e-45
-2.8026e-45
-2.8026e-45
-1.4013e-45
0
1.4013e-45
1.4013e-45
2.8026e-45
1.4013e-45
0
-1.4013e-45
-2.8026e-45
-4.2039e-45
-5.60519e-45
-5.60519e-45
-4.2039e-45
-2.8026e-45
-1.4013e-45
-1.4013e-45
-0
-0
-1.4013e-45
-2.8026e-45
-4.2039e-45
-5.60519e-45
-7.00649e-45
-7.00649e-45
-5.60519e-45
-4.2039e-45
-2.8026e-45
-1.4013e-45
-1.4013e-45
-1.4013e-45
-1.26117e-44
-2.10195e-44
-5.60519e-45
1.82169e-44
-8.40779e-45
-7.00649e-44
-9.80909e-45
1.80768e-43
9.3887e-44
-4.6383e-43
-4.55422e-43
1.05378e-42
1.65493e-42
-2.13137e-42
-5.34035e-42
3.3477e-42
1.56707e-41
-1.80908e-42
-4.22029e-41
-1.48664e-41
1.03671e-40
8.85593e-41
-2.27023e-40
-3.41987e-40
4.16565e-40
1.09382e-39
-5.09048e-40
-3.07013e-39
-3.19339e-40
7.65213e-39
4.95177e-39
-1.66566e-38
-2.1728e-38
2.96686e-38
7.13206e-38
-3.29635e-38
-1.96937e-37
-3.47883e-38
4.67815e-37
3.69636e-37
-9.31699e-37
-1.48221e-36
1.3798e-36
4.46102e-36
-5.86589e-37
-1.10206e-35
-5.65587e-36
2.20601e-35
2.87596e-35
-3.10495e-35
-9.47213e-35
4.62302e-36
2.53402e-34
1.56831e-34
-5.80095e-34
-6.50249e-34
1.12711e-33
1.58717e-33
-1.62823e-33
-1.80767e-33
