ordre_2
-9.03616e-30
-6.64304e-28
4.02654e-29
3.91045e-27
1.93698e-28
-1.69994e-26
-3.13837e-27
6.4414e-26
2.28857e-26
-2.23051e-25
-1.2649e-25
7.16836e-25
5.95132e-25
-2.14004e-24
-2.49675e-24
5.87269e-24
9.54778e-24
-1.44171e-23
-3.36252e-23
2.95768e-23
1.0938e-22
-3.94423e-23
-3.27561e-22
-3.67715e-23
8.93337e-22
5.34465e-22
-2.16624e-21
-2.56734e-21
4.41702e-21
9.24537e-21
-6.334e-21
-2.77793e-20
-3.98502e-22
7.0822e-20
4.60153e-20
-1.48163e-19
-2.13737e-19
2.20418e-19
6.78779e-19
-5.08003e-20
-1.67631e-18
-1.13063e-18
3.12194e-18
5.09555e-18
-3.26105e-18
-1.44678e-17
-4.41036e-18
2.93723e-17
3.5098e-17
-3.56143e-17
-1.09904e-16
-1.98359e-17
2.2372e-16
2.51014e-16
-2.4824e-16
-7.77684e-16
-2.25718e-16
1.42559e-15
1.901e-15
-1.0478e-15
-5.01761e-15
-3.07657e-15
6.9944e-15
1.37235e-14
8.09971e-16
-2.65163e-14
-3.10858e-14
1.71918e-14
8.02958e-14
5.9198e-14
-8.55223e-14
-2.13927e-13
-9.28911e-14
2.90714e-13
5.27845e-13
1.10919e-13
-8.33796e-13
-1.25131e-12
-7.70905e-14
2.15447e-12
2.93004e-12
1.16254e-14
-5.14543e-12
-6.88371e-12
-3.38644e-13
1.13984e-11
1.62083e-11
3.07811e-12
-2.30037e-11
-3.75563e-11
-1.51274e-11
4.0224e-11
8.26003e-11
5.57515e-11
-5.2309e-11
-1.67439e-10
-1.57113e-10
2.3669e-13
2.76607e-10
4.87909e-10
-7.01076e-11
