ordre_1
1.4013e-45
2.8026e-45
4.2039e-45
5.60519e-45
7.00649e-45
8.40779e-45
9.80909e-45
1.12104e-44
1.26117e-44
1.4013e-44
1.54143e-44
1.68156e-44
2.66247e-44
1.76564e-43
2.10615e-42
2.45956e-41
2.69017e-40
2.75485e-39
2.64967e-38
2.40095e-37
2.05527e-36
1.66618e-35
1.28209e-34
9.38321e-34
6.54376e-33
4.35605e-32
2.77226e-31
1.68921e-30
9.868e-30
5.5337e-29
2.98229e-28
1.54635e-27
7.72205e-27
3.71741e-26
1.72672e-25
7.7455e-25
3.35789e-24
1.40801e-23
5.71447e-23
2.24634e-22
8.55824e-22
3.16208e-21
1.13369e-20
3.94634e-20
1.33447e-19
4.38594e-19
1.40175e-18
4.35857e-18
1.31912e-17
3.88763e-17
1.11619e-16
3.1234e-16
8.52188e-16
2.26797e-15
5.8899e-15
1.4932e-14
3.6969e-14
8.94203e-14
2.11388e-13
4.88583e-13
1.10454e-12
2.44329e-12
5.29051e-12
1.12182e-11
2.33038e-11
4.74457e-11
9.47154e-11
1.85478e-10
3.5646e-10
6.72645e-10
1.24689e-09
2.27176e-09
4.07021e-09
7.17506e-09
1.24518e-08
2.12855e-08
3.58622e-08
5.95862e-08
9.76943e-08
1.58148e-07
2.52922e-07
3.99838e-07
6.2517e-07
9.67294e-07
1.48177e-06
2.24837e-06
3.38066e-06
5.03904e-06
7.44824e-06
1.09206e-05
1.58867e-05
2.29356e-05
3.28662e-05
4.67536e-05
6.60323e-05
9.26e-05
0.000128946
0.00017831
0.000244864
0.000333944
0.000452302
