ordre_1
1.4013e-45
2.8026e-45
4.2039e-45
5.60519e-45
7.00649e-45
8.40779e-45
9.80909e-45
1.12104e-44
1.26117e-44
1.4013e-44
1.54143e-44
1.68156e-44
1.82169e-44
1.96182e-44
2.10195e-44
2.24208e-44
2.38221e-44
2.52234e-44
2.66247e-44
2.8026e-44
2.94273e-44
3.08286e-44
3.22299e-44
3.36312e-44
3.50325e-44
3.64338e-44
3.78351e-44
3.92364e-44
4.06377e-44
4.2039e-44
4.34403e-44
4.48416e-44
4.62428e-44
4.76441e-44
4.90454e-44
5.04467e-44
5.1848e-44
5.32493e-44
5.46506e-44
5.60519e-44
5.74532e-44
5.88545e-44
6.02558e-44
6.16571e-44
6.30584e-44
6.44597e-44
6.5861e-44
6.72623e-44
6.86636e-44
7.00649e-44
7.14662e-44
7.28675e-44
7.42688e-44
9.80909e-44
2.22806e-43
8.54792e-43
4.01472e-42
1.9394e-41
9.26973e-41
4.34918e-40
2.00036e-39
9.01887e-39
3.98683e-38
1.72837e-37
7.34998e-37
3.06674e-36
1.25576e-35
5.0475e-35
1.99194e-34
7.71966e-34
2.93853e-33
1.0989e-32
4.03798e-32
1.45824e-31
5.1765e-31
1.80658e-30
6.19968e-30
2.0924e-29
6.94632e-29
2.26866e-28
7.29046e-28
2.30558e-27
7.1764e-27
2.19887e-26
6.63319e-26
1.9703e-25
5.76359e-25
1.66058e-24
4.71295e-24
1.31779e-23
3.63058e-23
9.85682e-23
2.63744e-22
6.95614e-22
1.80861e-21
4.63621e-21
1.17186e-20
2.92101e-20
7.18104e-20
1.74135e-19
4.16563e-19
