ordre_2
2.0762e-20
1.10953e-19
-1.71011e-19
-6.66921e-19
7.01706e-19
2.9782e-18
-2.0401e-18
-1.15468e-17
3.67316e-18
4.02823e-17
2.77783e-18
-1.26701e-16
-6.29533e-17
3.52987e-16
3.58474e-16
-8.322e-16
-1.47128e-15
1.45826e-15
4.89663e-15
-7.8922e-16
-1.34214e-14
-7.25753e-15
2.89914e-14
3.99218e-14
-4.07049e-14
-1.29918e-13
-1.01081e-14
2.98634e-13
2.8713e-13
-4.25575e-13
-1.04847e-12
-5.52149e-14
2.25706e-12
2.40057e-12
-2.35668e-12
-7.57839e-12
-3.29655e-12
1.19594e-11
2.02468e-11
-5.79913e-13
-4.07688e-11
-4.79278e-11
1.98245e-11
1.15985e-10
1.10353e-10
-7.20988e-11
-2.96928e-10
-2.67661e-10
1.64743e-10
6.99014e-10
6.96666e-10
-2.03797e-10
-1.47432e-09
-1.82777e-09
-2.95917e-10
2.52718e-09
4.35245e-09
2.76036e-09
-2.46378e-09
-8.19945e-09
-9.50233e-09
-3.216e-09
8.7927e-09
1.94816e-08
2.03666e-08
7.15904e-09
-1.63056e-08
-3.86933e-08
-4.64697e-08
-3.11137e-08
5.70909e-09
5.18128e-08
8.91418e-08
1.01023e-07
7.8593e-08
2.37537e-08
-5.2127e-08
-1.32643e-07
-2.01728e-07
-2.47897e-07
-2.65942e-07
-2.56315e-07
-2.21816e-07
-1.65305e-07
-8.14034e-08
3.93866e-08
2.4332e-07
5.65057e-07
1.19714e-06
2.15753e-06
4.21071e-06
6.87193e-06
1.33721e-05
1.95788e-05
3.99437e-05
4.96947e-05
0.000114966
0.000107583
0.000327312
0.000168737
0.000947523
