ordre_2
-6.43186e-40
-1.16662e-39
5.69653e-39
7.19861e-39
-2.75603e-38
-3.37919e-38
1.0994e-37
1.42225e-37
-3.94226e-37
-5.62555e-37
1.30984e-36
2.12839e-36
-4.07616e-36
-7.75766e-36
1.18808e-35
2.73114e-35
-3.21096e-35
-9.29108e-35
7.83771e-35
3.05127e-34
-1.61368e-34
-9.65341e-34
2.15533e-34
2.93229e-33
2.45998e-34
-8.50823e-33
-3.46733e-33
2.33953e-32
1.80359e-32
-6.01734e-32
-7.31989e-32
1.41369e-31
2.59741e-31
-2.88193e-31
-8.35932e-31
4.36578e-31
2.47045e-30
-8.35031e-32
-6.70235e-30
-2.90766e-30
1.64918e-29
1.57757e-29
-3.56492e-29
-5.95999e-29
6.20702e-29
1.87812e-28
-5.86831e-29
-5.15333e-28
-1.39821e-28
1.23157e-27
1.07261e-27
-2.46662e-27
-4.17933e-27
3.58716e-27
1.26164e-26
-8.55915e-28
-3.1571e-26
-1.85802e-26
6.45188e-26
8.85694e-26
-9.49322e-26
-2.7854e-25
3.04572e-26
6.83955e-25
4.23445e-25
-1.29976e-24
-1.95958e-24
1.55509e-24
5.73733e-24
8.41737e-25
-1.25389e-23
-1.18626e-23
1.90636e-23
4.23786e-23
-8.25633e-24
-1.02101e-22
-6.72698e-23
1.70222e-22
2.95264e-22
-1.19285e-22
-7.53267e-22
-4.06816e-22
1.27545e-21
2.03363e-21
-8.90937e-22
-5.18058e-21
-2.9425e-21
8.24788e-21
1.41508e-20
-3.96105e-21
-3.36307e-20
-2.36625e-20
4.53764e-20
9.1925e-20
8.41145e-21
-1.86834e-19
-2.40718e-19
2.20216e-19
7.14577e-19
-9.95431e-20
-8.54084e-19
