ordre_2
-1.4013e-45
-2.8026e-45
-2.8026e-45
-1.4013e-45
0
1.4013e-45
1.4013e-45
0
-1.4013e-45
-2.8026e-45
-2.8026e-45
-1.4013e-45
-5.60519e-45
-7.00649e-45
9.80909e-45
1.68156e-44
-3.22299e-44
-6.5861e-44
7.14662e-44
2.07392e-43
-2.00386e-43
-6.92241e-43
4.51218e-43
2.19724e-42
-8.53391e-43
-6.7963e-42
8.28167e-43
2.03412e-41
3.0268e-42
-5.87312e-41
-2.56536e-41
1.62553e-40
1.23383e-40
-4.27413e-40
-4.89475e-40
1.05155e-39
1.73931e-39
-2.35196e-39
-5.70585e-39
4.4705e-39
1.74943e-38
-5.66122e-39
-5.03037e-38
-4.57378e-39
1.35238e-37
6.8653e-38
-3.3637e-37
-3.30303e-37
7.5593e-37
1.2214e-36
-1.45081e-36
-3.91026e-36
1.97234e-36
1.12241e-35
3.45656e-37
-2.90839e-35
-1.56422e-35
6.71667e-35
7.54462e-35
-1.32312e-34
-2.64282e-34
1.92364e-34
7.77529e-34
-4.82504e-35
-1.98603e-33
-1.02951e-33
4.36072e-33
5.15974e-33
-7.71019e-33
-1.74684e-32
8.18388e-33
4.80081e-32
1.04467e-32
-1.10298e-31
-9.70488e-32
2.03104e-31
3.68947e-31
-2.39707e-31
-1.04533e-30
-1.48351e-31
2.37774e-30
2.03055e-30
-4.16252e-30
-7.79853e-30
4.12114e-30
2.13258e-29
5.93906e-30
-4.50141e-29
-4.65028e-29
6.65194e-29
1.54732e-28
-2.06112e-29
-3.69527e-28
-2.91394e-28
6.64792e-28
1.30307e-27
-8.29964e-28
-3.55537e-27
5.04374e-28
6.18569e-27
8.13899e-29
