ordre_1
1.4013e-45
2.8026e-45
4.2039e-45
5.60519e-45
7.00649e-45
8.40779e-45
9.80909e-45
1.12104e-44
1.26117e-44
1.4013e-44
1.54143e-44
1.68156e-44
1.82169e-44
1.96182e-44
2.10195e-44
2.24208e-44
2.38221e-44
2.52234e-44
2.66247e-44
2.8026e-44
2.94273e-44
3.08286e-44
3.22299e-44
3.36312e-44
3.50325e-44
3.64338e-44
3.78351e-44
3.92364e-44
4.06377e-44
4.2039e-44
4.34403e-44
6.44597e-44
2.14399e-43
1.28359e-42
8.43722e-42
5.46562e-41
3.43712e-40
2.09496e-39
1.23807e-38
7.09871e-38
3.95139e-37
2.13661e-36
1.12294e-35
5.73961e-35
2.85454e-34
1.38209e-33
6.51763e-33
2.99501e-32
1.3417e-31
5.86192e-31
2.4988e-30
1.03968e-29
4.22381e-29
1.67612e-28
6.49905e-28
2.46312e-27
9.12749e-27
3.30813e-26
1.17303e-25
4.07062e-25
1.38279e-24
4.59954e-24
1.49849e-23
4.78279e-23
1.49592e-22
4.58609e-22
1.37843e-21
4.06288e-21
1.17461e-20
3.33161e-20
9.27286e-20
2.53317e-19
6.79353e-19
1.78895e-18
4.62657e-18
1.17535e-17
2.93365e-17
7.19559e-17
1.73472e-16
4.1113e-16
9.58083e-16
2.19576e-15
4.95004e-15
1.0979e-14
2.39622e-14
5.14749e-14
1.08856e-13
2.26668e-13
4.64832e-13
9.39002e-13
1.86894e-12
3.66588e-12
7.08789e-12
1.35118e-11
2.54022e-11
4.71086e-11
8.62007e-11
1.55675e-10
2.77549e-10
4.88647e-10
8.49786e-10
