ordre_2
8.93924e-11
-7.64878e-12
-7.33249e-10
-4.11216e-10
2.70653e-09
3.84218e-09
-4.60085e-09
-1.61459e-08
-8.18866e-09
2.79602e-08
5.99872e-08
3.61536e-08
-5.8896e-08
-1.76397e-07
-2.33939e-07
-1.68255e-07
4.27917e-08
4.03065e-07
9.40812e-07
1.74409e-06
2.98404e-06
4.93842e-06
8.03065e-06
1.28941e-05
2.04689e-05
3.21372e-05
4.99086e-05
7.66678e-05
0.000116503
0.00017513
0.000260436
0.000383151
0.000557675
0.000803057
0.00114414
0.00161284
0.00224954
0.00310455
0.00423954
0.00572879
0.00766025
0.010136
0.0132724
0.0171988
0.0220558
0.0279919
0.035159
0.0437064
0.0537731
0.0654798
0.0789185
0.0941433
0.111159
0.129914
0.15029
0.172097
0.195071
0.218875
0.243104
0.267293
0.29093
0.313474
0.334375
0.353095
0.369132
0.382041
0.391456
0.397105
0.398828
0.396576
0.390424
0.380556
0.367266
0.350935
0.332018
0.311023
0.288485
0.264946
0.240937
0.216951
0.193438
0.170783
0.149306
0.129253
0.110801
0.0940562
0.0790639
0.0658141
0.0542518
0.0442862
0.0358001
0.0286594
0.0227206
0.0178381
0.0138693
0.0106789
0.0081448
0.00614427
0.00462397
0.00330353
0.00293479
