ordre_1
8.05952e-26
5.29031e-24
1.71157e-22
3.63856e-21
5.71725e-20
7.08186e-19
7.20266e-18
6.18614e-17
4.57984e-16
2.96895e-15
1.70631e-14
8.78183e-14
4.08136e-13
1.72498e-12
6.67058e-12
2.37278e-11
7.80068e-11
2.38047e-10
6.76987e-10
1.80104e-09
4.49842e-09
1.05861e-08
2.35555e-08
4.97392e-08
1.00039e-07
1.92389e-07
3.55192e-07
6.32134e-07
1.089e-06
1.82356e-06
2.97985e-06
4.76913e-06
7.49963e-06
1.16185e-05
1.77695e-05
2.6871e-05
4.02197e-05
5.96265e-05
8.75929e-05
0.000127536
0.00018407
0.000263362
0.000373556
0.000525285
0.000732278
0.00101204
0.00138665
0.00188356
0.00253652
0.00338643
0.00448222
0.00588155
0.00765135
0.00986809
0.0126176
0.0159945
0.0201009
0.0250443
0.0309354
0.0378838
0.0459942
0.0553611
0.0660632
0.0781571
0.0916707
0.106597
0.12289
0.140457
0.159156
0.178796
0.199136
0.219886
0.240714
0.261252
0.28111
0.29988
0.317159
0.332555
0.345705
0.356292
0.364052
0.368788
0.370381
0.368788
0.364052
0.356292
0.345705
0.332555
0.317159
0.29988
0.28111
0.261252
0.240714
0.219886
0.199136
0.178796
0.159156
0.140457
0.12289
0.106597
0.0916707
