ordre_2
-1.4013e-45
-2.8026e-45
-2.8026e-45
-1.4013e-45
0
1.4013e-45
1.4013e-45
0
-1.4013e-45
-2.8026e-45
-2.8026e-45
-1.4013e-45
0
1.4013e-45
1.4013e-45
2.8026e-45
1.4013e-45
0
-1.4013e-45
-2.8026e-45
-4.2039e-45
-5.60519e-45
-5.60519e-45
-4.2039e-45
-2.8026e-45
-1.4013e-45
-1.4013e-45
-0
-0
-1.4013e-45
-2.8026e-45
-4.2039e-45
-5.60519e-45
-7.00649e-45
-7.00649e-45
-9.80909e-45
-1.12104e-44
-5.60519e-45
9.80909e-45
7.00649e-45
-2.94273e-44
-2.8026e-44
6.86636e-44
9.52883e-44
-1.66755e-43
-3.40516e-43
3.15292e-43
1.04397e-42
-4.66632e-43
-3.03661e-42
3.50325e-44
8.22282e-42
3.33509e-42
-2.06593e-41
-1.78273e-41
4.7284e-41
6.84773e-41
-9.41939e-41
-2.24128e-40
1.42928e-40
6.55434e-40
-5.74757e-41
-1.73488e-39
-7.11996e-40
4.12917e-39
3.9443e-39
-8.56911e-39
-1.46014e-38
1.41143e-38
4.47699e-38
-1.13813e-38
-1.19503e-37
-3.81306e-38
2.78573e-37
2.55024e-37
-5.46828e-37
-9.55412e-37
7.85872e-37
2.83669e-36
-2.03225e-37
-7.11429e-36
-3.93884e-36
1.49936e-35
1.90506e-35
-2.44818e-35
-6.13169e-35
1.9429e-35
1.56927e-34
5.99257e-35
-3.2257e-34
-3.82573e-34
4.76654e-34
1.34589e-33
-1.96652e-34
-3.72435e-33
-1.68206e-33
8.60729e-33
6.93844e-33
-1.59092e-32
-1.39648e-32
1.60015e-32
