ordre_1
1.4013e-45
2.8026e-45
4.2039e-45
5.60519e-45
7.00649e-45
8.40779e-45
9.80909e-45
1.12104e-44
1.26117e-44
1.4013e-44
1.54143e-44
1.68156e-44
1.82169e-44
1.96182e-44
2.10195e-44
2.24208e-44
2.38221e-44
2.52234e-44
2.66247e-44
2.8026e-44
2.94273e-44
3.08286e-44
3.22299e-44
3.36312e-44
3.50325e-44
3.64338e-44
3.78351e-44
3.92364e-44
4.06377e-44
4.2039e-44
4.34403e-44
4.48416e-44
4.62428e-44
4.76441e-44
4.90454e-44
5.04467e-44
5.1848e-44
5.32493e-44
6.30584e-44
1.45735e-43
6.51604e-43
3.68261e-42
2.13152e-41
1.21072e-40
6.70307e-40
3.6151e-39
1.89984e-38
9.73303e-38
4.86302e-37
2.37068e-36
1.12804e-35
5.24122e-35
2.37879e-34
1.055e-33
4.57377e-33
1.93894e-32
8.04009e-32
3.26212e-31
1.29542e-30
5.03642e-30
1.91756e-29
7.15178e-29
2.61353e-28
9.36055e-28
3.28656e-27
1.13149e-26
3.82058e-26
1.26554e-25
4.11326e-25
1.31205e-24
4.10829e-24
1.263e-23
3.813e-23
1.13066e-22
3.29367e-22
9.42745e-22
2.65187e-21
7.33213e-21
1.99299e-20
5.32662e-20
1.40005e-19
3.61953e-19
9.20556e-19
2.30361e-18
5.67282e-18
1.37496e-17
3.28059e-17
7.70644e-17
1.78265e-16
4.06122e-16
9.11373e-16
2.01491e-15
4.38938e-15
9.42349e-15
1.99413e-14
4.16008e-14
8.55715e-14
1.73585e-13
3.47319e-13
6.85575e-13
1.33528e-12
