ordre_2
-5.73185e-31
-3.10124e-30
4.93055e-30
1.86316e-29
-2.24096e-29
-8.37794e-29
8.0409e-29
3.32837e-28
-2.42864e-28
-1.22581e-27
6.02451e-28
4.25986e-27
-1.02256e-27
-1.40487e-26
-3.9907e-28
4.39431e-26
1.41197e-26
-1.29663e-25
-8.47889e-26
3.56979e-25
3.77444e-25
-8.98315e-25
-1.43833e-24
1.97967e-24
4.90018e-24
-3.40047e-24
-1.51381e-23
2.26242e-24
4.23752e-23
1.50332e-23
-1.05903e-22
-9.60643e-23
2.27125e-22
3.78583e-22
-3.72487e-22
-1.19539e-21
2.30784e-22
3.17794e-21
1.43112e-21
-7.0231e-21
-8.20564e-21
1.17632e-20
2.82145e-20
-8.69341e-21
-7.43423e-20
-3.36913e-20
1.51719e-19
1.95121e-19
-2.04772e-19
-6.16279e-19
-2.07443e-20
1.39967e-18
1.20896e-18
-2.15407e-18
-4.56851e-18
8.42883e-19
1.08955e-17
7.9107e-18
-1.6687e-17
-3.26294e-17
5.55004e-18
7.53772e-17
6.06682e-17
-1.00674e-16
-2.27211e-16
-1.66657e-17
4.55362e-16
5.01465e-16
-4.13364e-16
-1.45612e-15
-7.11343e-16
2.16302e-15
3.77404e-15
-1.40806e-16
-7.59718e-15
-8.26676e-15
5.3866e-15
2.21661e-14
1.53806e-14
-2.42527e-14
-5.78714e-14
-2.35611e-14
7.97833e-14
1.41084e-13
2.64267e-14
-2.2585e-13
-3.31471e-13
-1.09569e-14
5.82352e-13
7.69333e-13
-3.31035e-14
-1.39492e-12
-1.8006e-12
3.86883e-14
3.20065e-12
4.08546e-12
4.57223e-13
-6.15298e-12
-1.15605e-11
-4.89198e-13
1.62841e-11
