ordre_1
1.4013e-45
2.8026e-45
4.2039e-45
5.60519e-45
7.00649e-45
8.40779e-45
9.80909e-45
1.12104e-44
1.26117e-44
1.4013e-44
1.54143e-44
1.68156e-44
1.82169e-44
1.96182e-44
6.5861e-44
6.3619e-43
7.06675e-42
7.47312e-41
7.43525e-40
6.97125e-39
6.17589e-38
5.18245e-37
4.12852e-36
3.12871e-35
2.25974e-34
1.5582e-33
1.0274e-32
6.48705e-32
3.92762e-31
2.28314e-30
1.27575e-29
6.85966e-29
3.55293e-28
1.77433e-27
8.55141e-27
3.98074e-26
1.79128e-25
7.7976e-25
3.28602e-24
1.34149e-23
5.30873e-23
2.03774e-22
7.59131e-22
2.74623e-21
9.65257e-21
3.29806e-20
1.09596e-19
3.54376e-19
1.11548e-18
3.41962e-18
1.02142e-17
2.97383e-17
8.4429e-17
2.33832e-16
6.32001e-16
1.66763e-15
4.29746e-15
1.08197e-14
2.66233e-14
6.40497e-14
1.50707e-13
3.46954e-13
7.81786e-13
1.72481e-12
3.7273e-12
7.89244e-12
1.63817e-11
3.33436e-11
6.65801e-11
1.30478e-10
2.51061e-10
4.7453e-10
8.81431e-10
1.60976e-09
2.89197e-09
5.11339e-09
8.90288e-09
1.52718e-08
2.58243e-08
4.30706e-08
7.08914e-08
1.15215e-07
1.84997e-07
2.9363e-07
4.60942e-07
7.16017e-07
1.10114e-06
1.67725e-06
2.53149e-06
3.78738e-06
5.6187e-06
8.26793e-06
1.20708e-05
1.74884e-05
2.51489e-05
3.59015e-05
5.08843e-05
7.16105e-05
0.000100075
0.000138885
0.000191421
