ordre_1
1.4013e-45
2.8026e-45
4.2039e-45
5.60519e-45
7.00649e-45
8.40779e-45
9.80909e-45
1.12104e-44
1.26117e-44
1.4013e-44
1.54143e-44
1.68156e-44
1.82169e-44
1.96182e-44
2.10195e-44
2.24208e-44
2.38221e-44
2.52234e-44
2.66247e-44
2.8026e-44
2.94273e-44
3.08286e-44
3.22299e-44
3.36312e-44
3.50325e-44
3.64338e-44
3.78351e-44
3.92364e-44
4.06377e-44
4.2039e-44
4.34403e-44
4.48416e-44
4.62428e-44
4.76441e-44
4.90454e-44
5.04467e-44
5.1848e-44
5.32493e-44
5.46506e-44
5.88545e-44
8.82818e-44
2.9147e-43
1.50359e-42
8.49467e-42
4.77829e-41
2.628e-40
1.40931e-39
7.36884e-39
3.758e-38
1.87007e-37
9.08398e-37
4.30905e-36
1.99681e-35
9.0427e-35
4.00327e-34
1.73314e-33
7.33991e-33
3.04175e-32
1.23385e-31
4.90037e-31
1.90611e-30
7.26331e-30
2.71208e-29
9.92573e-29
3.56139e-28
1.25308e-27
4.32452e-27
1.46419e-26
4.86461e-26
1.5863e-25
5.07803e-25
1.59613e-24
4.92709e-24
1.49397e-23
4.45047e-23
1.30275e-22
3.74788e-22
1.05988e-21
2.94677e-21
8.05621e-21
2.16612e-20
5.72891e-20
1.49063e-19
3.81632e-19
9.61539e-19
2.38454e-18
5.82134e-18
1.39924e-17
3.3119e-17
7.72053e-17
1.77283e-16
4.01055e-16
8.93976e-16
1.96381e-15
4.25202e-15
9.07568e-15
1.90995e-14
3.96366e-14
8.1128e-14
1.63802e-13
3.26302e-13
