ordre_1
1.4013e-45
3.64338e-44
2.42004e-42
1.06277e-40
3.47369e-39
9.01606e-38
1.93565e-36
3.5354e-35
5.60773e-34
7.8468e-33
9.8069e-32
1.10574e-30
1.13406e-29
1.06536e-28
9.22125e-28
7.39132e-27
5.51074e-26
3.83652e-25
2.50262e-24
1.53429e-23
8.86481e-23
4.83896e-22
2.50109e-21
1.22656e-20
5.718e-20
2.53829e-19
1.07466e-18
4.3458e-18
1.68087e-17
6.22616e-17
2.21131e-16
7.53895e-16
2.46985e-15
7.78338e-15
2.36171e-14
6.90632e-14
1.94814e-13
5.30543e-13
1.39611e-12
3.55283e-12
8.75069e-12
2.08775e-11
4.82876e-11
1.08361e-10
2.36129e-10
5.00077e-10
1.03019e-09
2.06622e-09
4.03853e-09
7.6998e-09
1.43344e-08
2.60844e-08
4.64462e-08
8.10164e-08
1.38594e-07
2.32793e-07
3.84371e-07
6.24581e-07
9.99931e-07
1.57892e-06
2.46149e-06
3.79214e-06
5.77804e-06
8.71367e-06
1.30142e-05
1.92598e-05
2.82543e-05
4.11019e-05
5.93049e-05
8.48892e-05
0.000120561
0.000169901
0.000237601
0.00032975
0.000454168
0.000620803
0.000842173
0.00113387
0.0015151
0.00200927
0.00264457
0.00345456
0.0044787
0.00576282
0.00735938
0.00932765
0.0117335
0.0146491
0.0181517
0.022323
0.0272469
0.0330071
0.0396852
0.0473564
0.0560865
0.0659279
0.076915
0.0890604
0.102351
0.116742
0.13216
