ordre_2
2.17996e-22
-2.79912e-23
-1.9271e-21
-6.02418e-23
9.26375e-21
1.85431e-21
-3.63584e-20
-1.52091e-20
1.25992e-19
8.78218e-20
-3.9255e-19
-4.16012e-19
1.08982e-18
1.70731e-18
-2.59176e-18
-6.20496e-18
4.67445e-18
2.00702e-17
-2.85808e-18
-5.72615e-17
-2.44513e-17
1.39995e-16
1.50659e-16
-2.71314e-16
-5.68737e-16
3.04525e-16
1.64906e-15
4.44347e-16
-3.72112e-15
-3.96271e-15
5.77154e-15
1.41291e-14
-1.63301e-15
-3.41413e-14
-2.64968e-14
5.32433e-14
1.08744e-13
-1.44991e-14
-2.51982e-13
-2.18622e-13
3.17601e-13
7.90749e-13
1.68999e-13
-1.45461e-12
-1.938e-12
7.84192e-13
4.76953e-12
3.95226e-12
-4.70279e-12
-1.32692e-11
-7.0779e-12
1.64363e-11
3.3833e-11
1.24726e-11
-4.60112e-11
-8.2792e-11
-2.71519e-11
1.10564e-10
1.9837e-10
8.17319e-11
-2.26764e-10
-4.60336e-10
-2.78927e-10
3.61076e-10
9.90154e-10
8.8507e-10
-2.63049e-10
-1.81122e-09
-2.37462e-09
-8.73173e-10
2.28868e-09
4.97498e-09
4.54746e-09
-3.70984e-11
-6.77802e-09
-1.1192e-08
-8.96118e-09
8.32539e-10
1.40976e-08
2.31706e-08
2.08735e-08
5.00227e-09
-1.93878e-08
-4.14767e-08
-4.93493e-08
-3.57539e-08
-1.79549e-09
4.24986e-08
8.22679e-08
1.02077e-07
9.34025e-08
5.33155e-08
-8.1478e-09
-8.4021e-08
-1.51573e-07
-2.13966e-07
-2.40721e-07
-2.65121e-07
-2.3963e-07
-2.27102e-07
-2.04796e-07
