ordre_2
-2.62603e-42
1.73887e-41
2.40589e-41
-1.01981e-40
-1.24403e-40
4.4131e-40
5.4645e-40
-1.66671e-39
-2.21735e-39
5.77696e-39
8.55507e-39
-1.87357e-38
-3.17537e-38
5.72085e-38
1.13934e-37
-1.64066e-37
-3.9585e-37
4.36701e-37
1.33182e-36
-1.04821e-36
-4.33436e-36
2.1048e-36
1.36168e-35
-2.60259e-36
-4.11621e-35
-4.38046e-36
1.19152e-34
5.01653e-35
-3.27846e-34
-2.53906e-34
8.47216e-34
1.0217e-33
-2.01267e-33
-3.62179e-33
4.20279e-33
1.17057e-32
-6.79893e-33
-3.49201e-32
3.55552e-33
9.62324e-32
3.36368e-32
-2.42757e-31
-2.03744e-31
5.47102e-31
8.06263e-31
-1.03611e-30
-2.63779e-30
1.32853e-30
7.5396e-30
6.37217e-31
-1.90056e-29
-1.22447e-29
4.13737e-29
5.49099e-29
-7.19701e-29
-1.80699e-28
6.99906e-29
4.92184e-28
1.34996e-28
-1.1262e-27
-1.05734e-27
2.05635e-27
3.93386e-27
-2.32511e-27
-1.10591e-26
-2.0778e-27
2.49363e-26
2.26513e-26
-4.26885e-26
-8.44589e-26
3.77754e-26
2.25402e-25
8.26199e-26
-4.58434e-25
-5.45279e-25
6.2466e-25
1.74045e-24
-2.62203e-26
-3.96336e-24
-3.18668e-24
6.26416e-24
1.23594e-23
-3.50256e-24
-3.03498e-23
-1.84908e-23
5.0474e-23
8.52371e-23
-3.43484e-23
-2.17136e-22
-1.19446e-22
3.58932e-22
5.7102e-22
-2.11358e-22
-1.37452e-21
-1.01865e-21
2.0167e-21
4.65638e-21
-1.02933e-21
-1.11277e-20
-2.17597e-21
1.23693e-20
