ordre_2
-1.4013e-45
-2.8026e-45
-2.8026e-45
-1.4013e-45
0
1.4013e-45
1.4013e-45
0
-1.4013e-45
-2.8026e-45
-2.8026e-45
-1.4013e-45
0
1.4013e-45
1.4013e-45
2.8026e-45
1.4013e-45
0
-0
4.2039e-45
9.80909e-45
1.4013e-45
-2.52234e-44
-9.80909e-45
6.5861e-44
3.92364e-44
-1.87774e-43
-1.65353e-43
5.0727e-43
6.10966e-43
-1.31862e-42
-2.15239e-42
3.17814e-42
7.14382e-42
-6.91261e-42
-2.25791e-41
1.2267e-41
6.78859e-41
-1.13337e-41
-1.94134e-40
-3.7943e-41
5.25172e-40
3.01638e-40
-1.33063e-39
-1.34728e-39
3.09629e-39
4.92497e-39
-6.34321e-39
-1.59735e-38
1.016e-38
4.72267e-38
-5.97481e-39
-1.28182e-37
-4.35485e-38
3.17438e-37
2.66401e-37
-7.00985e-37
-1.04122e-36
1.29761e-36
3.35663e-36
-1.60708e-36
-9.46828e-36
-9.37327e-37
2.36418e-35
1.53579e-35
-5.13196e-35
-6.77036e-35
9.03129e-35
2.21953e-34
-9.51568e-35
-6.0879e-34
-1.30725e-34
1.42455e-33
1.20085e-33
-2.74579e-33
-4.66934e-33
3.7051e-33
1.37226e-32
2.36116e-35
-3.3038e-32
-2.22515e-32
6.40421e-32
9.73173e-32
-8.5548e-32
-2.9159e-31
-3.82477e-35
6.86649e-31
4.7898e-31
-1.23783e-30
-1.98526e-30
1.26962e-30
5.54716e-30
1.81797e-30
-1.20588e-29
-1.49007e-29
2.05729e-29
5.04838e-29
-2.61578e-29
-1.14018e-28
2.19376e-29
1.25775e-28
