ordre_2
6.84207e-38
5.2705e-36
-3.86836e-37
-3.12038e-35
-2.93993e-37
1.37144e-34
1.46279e-35
-5.29257e-34
-1.20665e-34
1.88606e-33
7.09724e-34
-6.33122e-33
-3.51428e-33
2.01734e-32
1.55486e-32
-6.10654e-32
-6.32412e-32
1.74795e-31
2.401e-31
-4.67828e-31
-8.58037e-31
1.14399e-30
2.89807e-30
-2.42533e-30
-9.25933e-30
3.78503e-30
2.7925e-29
-3.43722e-31
-7.90455e-29
-3.05334e-29
2.07686e-28
1.72379e-28
-4.95767e-28
-6.92625e-28
1.0264e-27
2.35141e-27
-1.61107e-27
-7.05858e-27
6.76415e-28
1.89135e-26
8.29014e-27
-4.46391e-26
-4.62067e-26
8.84379e-26
1.69166e-25
-1.24652e-25
-5.02062e-25
4.89637e-27
1.25621e-24
7.8722e-25
-2.59085e-24
-3.63988e-24
3.88506e-24
1.14852e-23
-1.42512e-24
-2.85868e-23
-1.70346e-23
5.55512e-23
8.11985e-23
-6.98402e-23
-2.42848e-22
-2.45157e-23
5.42655e-22
4.85867e-22
-8.52425e-22
-1.79921e-21
4.49192e-22
4.42871e-21
2.73396e-21
-7.53707e-21
-1.25892e-20
5.60211e-21
3.26028e-20
1.70073e-20
-5.54025e-20
-8.75921e-20
3.78636e-20
2.22887e-19
1.30737e-19
-3.46595e-19
-6.10966e-19
1.284e-19
1.40075e-18
1.13236e-18
-1.74988e-18
-4.10407e-18
-6.43195e-19
7.65499e-18
9.3447e-18
-5.48645e-18
-2.47372e-17
-1.54479e-17
3.25668e-17
6.40211e-17
9.56758e-18
-1.09162e-16
-1.64536e-16
4.64227e-17
4.37816e-16
1.72054e-16
-4.89409e-16
