ordre_1
1.4013e-45
2.8026e-45
4.2039e-45
5.60519e-45
7.00649e-45
8.40779e-45
9.80909e-45
1.12104e-44
1.26117e-44
1.4013e-44
1.54143e-44
1.68156e-44
1.82169e-44
1.96182e-44
2.10195e-44
2.24208e-44
2.38221e-44
2.52234e-44
2.66247e-44
2.8026e-44
2.94273e-44
3.08286e-44
3.22299e-44
3.36312e-44
3.50325e-44
3.64338e-44
3.78351e-44
3.92364e-44
4.06377e-44
4.2039e-44
4.34403e-44
4.48416e-44
4.62428e-44
4.76441e-44
4.90454e-44
5.04467e-44
5.1848e-44
5.32493e-44
5.46506e-44
5.60519e-44
7.42688e-44
1.90577e-43
8.98232e-43
4.99983e-42
2.81395e-41
1.55292e-40
8.36055e-40
4.38907e-39
2.24744e-38
1.12293e-37
5.47702e-37
2.60873e-36
1.21386e-35
5.51975e-35
2.45377e-34
1.06673e-33
4.53652e-33
1.88787e-32
7.69011e-32
3.06711e-31
1.19807e-30
4.58471e-30
1.71921e-29
6.3189e-29
2.27698e-28
8.04609e-28
2.7888e-27
9.48319e-27
3.1644e-26
1.03638e-25
3.33216e-25
1.05197e-24
3.26161e-24
9.9334e-24
2.97222e-23
8.73898e-23
2.52531e-22
7.17332e-22
2.00332e-21
5.50149e-21
1.48587e-20
3.94751e-20
1.03176e-19
2.65347e-19
6.71586e-19
1.67304e-18
4.10294e-18
9.90687e-18
2.35557e-17
5.51622e-17
1.27244e-16
2.89169e-16
6.47516e-16
1.42889e-15
3.10792e-15
6.66385e-15
1.40876e-14
2.9368e-14
6.03823e-14
1.22465e-13
2.45052e-13
