ordre_2
-2.42273e-25
1.61234e-24
2.26358e-24
-9.22311e-24
-1.20748e-23
3.81196e-23
5.47261e-23
-1.33649e-22
-2.26557e-22
4.12373e-22
8.73595e-22
-1.1118e-21
-3.1507e-21
2.47362e-21
1.06057e-20
-3.58035e-21
-3.31e-20
-3.17503e-21
9.45984e-20
5.22922e-20
-2.41925e-19
-2.66323e-19
5.27169e-19
1.0086e-18
-8.50686e-19
-3.17257e-18
3.27016e-19
8.44315e-18
4.57127e-18
-1.84446e-17
-2.40475e-17
2.91003e-17
8.01946e-17
-1.18049e-17
-2.02674e-16
-1.29074e-16
3.77476e-16
6.09913e-16
-3.69457e-16
-1.71777e-15
-6.50358e-16
3.30164e-15
4.44282e-15
-3.21528e-15
-1.27779e-14
-5.25418e-15
2.24063e-14
3.34782e-14
-1.3559e-14
-8.41138e-14
-5.97522e-14
1.09646e-13
2.40178e-13
4.16254e-14
-4.34674e-13
-5.73435e-13
1.97861e-13
1.34747e-12
1.20567e-12
-1.13872e-12
-3.66536e-12
-2.3557e-12
3.90053e-12
9.25683e-12
4.65826e-12
-1.07745e-11
-2.24327e-11
-1.04426e-11
2.56308e-11
5.28965e-11
2.78693e-11
-5.23342e-11
-1.20524e-10
-8.18757e-11
8.46355e-11
2.57593e-10
2.36162e-10
-7.1633e-11
-4.8703e-10
-6.16053e-10
-1.6206e-10
7.18447e-10
1.36042e-09
1.01211e-09
-4.85536e-10
-2.30031e-09
-2.95231e-09
-1.34887e-09
2.14761e-09
5.49248e-09
5.99045e-09
2.13979e-09
-4.8898e-09
-1.1328e-08
-1.24951e-08
-6.12217e-09
6.82592e-09
1.9955e-08
2.46626e-08
2.57807e-08
-1.33752e-08
