ordre_2
-9.90157e-42
-5.38029e-41
8.64699e-41
3.23124e-40
-4.06313e-40
-1.45448e-39
1.54564e-39
5.80492e-39
-5.15845e-39
-2.16131e-38
1.53814e-38
7.66525e-38
-4.03197e-38
-2.61401e-37
8.62493e-38
8.60532e-37
-1.0507e-37
-2.73681e-36
-2.74441e-37
8.3967e-36
2.8757e-36
-2.47647e-35
-1.52077e-35
6.97884e-35
6.50688e-35
-1.86043e-34
-2.47469e-34
4.61047e-34
8.65503e-34
-1.02613e-33
-2.82414e-33
1.88162e-33
8.64332e-33
-1.95107e-33
-2.47949e-32
-4.62306e-33
6.624e-32
4.0779e-32
-1.62359e-31
-1.82625e-31
3.53542e-31
6.53551e-31
-6.30011e-31
-2.03777e-30
6.48366e-31
5.67262e-30
1.24012e-30
-1.40765e-29
-1.07625e-29
3.0312e-29
4.44215e-29
-5.20273e-29
-1.42599e-28
4.76338e-29
3.86467e-28
1.15139e-28
-8.905e-28
-8.42007e-28
1.66011e-27
3.13598e-27
-2.00252e-27
-8.95297e-27
-1.18221e-27
2.07608e-26
1.72072e-26
-3.74896e-26
-6.75537e-26
4.00326e-26
1.88334e-25
4.53149e-26
-4.05767e-25
-4.12708e-25
6.22484e-25
1.43372e-24
-3.02199e-25
-3.51363e-24
-2.13535e-24
6.218e-24
9.92042e-24
-5.71626e-24
-2.69635e-23
-1.01358e-23
5.1014e-23
6.64437e-23
-5.36897e-23
-1.92635e-22
-5.59255e-23
3.68508e-22
4.57309e-22
-3.81195e-22
-1.32106e-21
-3.97642e-22
2.33141e-21
3.09822e-21
-1.55346e-21
-8.77532e-21
-5.73205e-21
1.67279e-20
2.35014e-20
-2.16473e-20
-3.07374e-20
