ordre_2
-3.00271e-25
-5.43044e-25
2.62052e-24
3.43295e-24
-1.22817e-23
-1.66002e-23
4.64211e-23
7.15766e-23
-1.52843e-22
-2.85688e-22
4.44129e-22
1.06623e-21
-1.10982e-21
-3.72352e-21
2.15133e-21
1.21172e-20
-1.73524e-21
-3.64244e-20
-1.06454e-20
9.95406e-20
7.7126e-20
-2.39792e-19
-3.35809e-19
4.73839e-19
1.16683e-18
-5.91084e-19
-3.42316e-18
-5.63384e-19
8.46228e-18
6.96599e-18
-1.66646e-17
-2.89315e-17
2.06245e-17
8.58824e-17
1.43463e-17
-1.95124e-16
-1.87565e-16
3.0841e-16
6.91328e-16
-1.3062e-16
-1.69429e-15
-1.19096e-15
2.73875e-15
5.15158e-15
-1.24233e-15
-1.24325e-14
-9.3198e-15
1.75042e-14
3.73217e-14
1.10557e-15
-7.67599e-14
-8.299e-14
6.87142e-14
2.43147e-13
1.29436e-13
-3.40509e-13
-6.42175e-13
-7.1355e-14
1.16425e-12
1.51426e-12
-4.06624e-13
-3.35768e-12
-3.3686e-12
2.04088e-12
8.77731e-12
7.48441e-12
-6.20295e-12
-2.15297e-11
-1.74631e-11
1.45454e-11
5.01639e-11
4.34763e-11
-2.58698e-11
-1.10044e-10
-1.11902e-10
2.39382e-11
2.19633e-10
2.8068e-10
5.60405e-11
-3.68738e-10
-6.42488e-10
-3.89586e-10
4.11678e-10
1.2402e-09
1.29664e-09
1.4435e-10
-1.73177e-09
-2.9844e-09
-2.24047e-09
7.48343e-10
4.49453e-09
6.34904e-09
4.15792e-09
-2.04554e-09
-9.25637e-09
-1.30481e-08
-9.70419e-09
1.73653e-09
1.31594e-08
2.90828e-08
2.00317e-08
