ordre_1
1.43166e-40
1.64126e-38
9.32875e-37
3.50502e-35
9.79282e-34
2.17009e-32
3.9729e-31
6.18024e-30
8.33877e-29
9.91322e-28
1.05127e-26
1.00449e-25
8.71936e-25
6.92378e-24
5.05913e-23
3.41889e-22
2.14629e-21
1.25651e-20
6.88356e-20
3.53961e-19
1.71313e-18
7.82338e-18
3.3787e-17
1.38278e-16
5.37316e-16
1.98582e-15
6.99188e-15
2.34883e-14
7.53939e-14
2.31545e-13
6.81255e-13
1.92263e-12
5.21089e-12
1.35788e-11
3.40598e-11
8.23268e-11
1.91976e-10
4.32369e-10
9.41587e-10
1.98507e-09
4.05628e-09
8.04374e-09
1.55001e-08
2.9063e-08
5.30994e-08
9.46706e-08
1.64956e-07
2.81327e-07
4.70348e-07
7.72068e-07
1.24615e-06
1.98056e-06
3.10375e-06
4.8017e-06
7.3414e-06
1.1103e-05
1.66232e-05
2.46528e-05
3.62333e-05
5.27954e-05
7.62863e-05
0.00010933
0.00015543
0.000219212
0.00030673
0.000425816
0.000586507
0.000801523
0.00108681
0.00146213
0.00195172
0.00258493
0.00339689
0.0044291
0.00572996
0.00735514
0.00936773
0.0118381
0.0148435
0.0184669
0.0227961
0.0279211
0.0339323
0.0409169
0.0489554
0.0581176
0.0684581
0.0800114
0.0927877
0.106768
0.121899
0.138094
0.155224
0.173124
0.191589
0.210375
0.22921
0.247791
0.265798
0.2829
0.298764
