ordre_2
-2.02619e-29
-1.09516e-28
1.73678e-28
6.57996e-28
-7.83156e-28
-2.95774e-27
2.76958e-27
1.17343e-26
-8.14338e-27
-4.30799e-26
1.90625e-26
1.48838e-25
-2.62903e-26
-4.86176e-25
-5.27564e-26
1.49841e-24
6.33878e-25
-4.32422e-24
-3.40687e-24
1.15097e-23
1.43615e-23
-2.74292e-23
-5.24574e-23
5.46115e-23
1.71341e-22
-7.08306e-23
-5.04212e-22
-6.07184e-23
1.32587e-21
8.71046e-22
-3.0268e-21
-4.00058e-21
5.53677e-21
1.3632e-20
-5.77546e-21
-3.82184e-20
-1.01725e-20
8.86582e-20
8.5252e-20
-1.5876e-19
-3.20266e-19
1.52374e-19
8.81382e-19
3.01225e-19
-1.85243e-18
-2.1583e-18
2.59149e-18
7.09669e-18
-7.24525e-20
-1.62258e-17
-1.37389e-17
2.44489e-17
5.22638e-17
-7.04862e-18
-1.21208e-16
-9.71366e-17
1.708e-16
3.72033e-16
-3.44991e-18
-7.91329e-16
-7.82231e-16
8.60957e-16
2.50386e-15
8.28406e-16
-4.24481e-15
-6.20302e-15
1.85936e-15
1.44369e-14
1.22631e-14
-1.47523e-14
-4.06993e-14
-1.78993e-14
5.78396e-14
1.01989e-13
1.05949e-14
-1.80029e-13
-2.37439e-13
4.5404e-14
4.95167e-13
5.33697e-13
-2.31156e-13
-1.26006e-12
-1.2016e-12
6.92176e-13
3.03485e-12
2.78806e-12
-1.58822e-12
-6.97033e-12
-6.72085e-12
2.72906e-12
1.51816e-11
1.64893e-11
-2.14904e-12
-3.05757e-11
-4.03606e-11
-6.29836e-12
5.27293e-11
8.91279e-11
6.34079e-11
-1.0992e-10
-1.73296e-10
