ordre_2
-1.4013e-45
-2.8026e-45
-2.8026e-45
-1.4013e-45
0
1.4013e-45
1.4013e-45
0
-1.4013e-45
-2.8026e-45
-2.8026e-45
-1.4013e-45
0
1.4013e-45
1.4013e-45
2.8026e-45
1.4013e-45
0
-1.4013e-45
-2.8026e-45
-4.2039e-45
-5.60519e-45
-5.60519e-45
-4.2039e-45
-2.8026e-45
-1.4013e-45
-1.4013e-45
-0
0
-1.4013e-45
-1.54143e-44
-1.96182e-44
1.26117e-44
2.94273e-44
-4.76441e-44
-1.1911e-43
8.82818e-44
3.64338e-43
-1.30321e-43
-1.06919e-42
4.2039e-45
2.99317e-42
1.05658e-42
-7.91594e-42
-5.86023e-42
1.95425e-41
2.36105e-41
-4.40358e-41
-8.19269e-41
8.56992e-41
2.56901e-40
-1.212e-40
-7.40726e-40
-2.73253e-42
1.96881e-39
9.04034e-40
-4.78026e-39
-4.6279e-39
1.03216e-38
1.7102e-38
-1.84448e-38
-5.35995e-38
2.04819e-38
1.48657e-37
2.50601e-38
-3.67141e-37
-2.611e-37
7.91037e-37
1.09791e-36
-1.3836e-36
-3.54648e-36
1.43757e-36
9.70026e-36
2.11375e-36
-2.28255e-35
-1.89515e-35
4.47181e-35
7.41182e-35
-6.31643e-35
-2.2101e-34
1.21721e-35
5.45772e-34
3.27081e-34
-1.10848e-33
-1.51744e-33
1.66066e-33
4.69312e-33
-7.66759e-34
-1.13807e-32
-6.35312e-33
2.14015e-32
3.21275e-32
-2.54104e-32
-1.03154e-31
-1.18559e-32
2.64298e-31
1.67863e-31
-5.55121e-31
-4.98739e-31
8.42379e-31
6.05022e-31
