ordre_1
4.02976e-26
2.68545e-24
8.82234e-23
1.90486e-21
3.04055e-20
3.82679e-19
3.95542e-18
3.4532e-17
2.59923e-16
1.71346e-15
1.0016e-14
5.24407e-14
2.47977e-13
1.06656e-12
4.19778e-12
1.51992e-11
5.08673e-11
1.58027e-10
4.57517e-10
1.23901e-09
3.14973e-09
7.54225e-09
1.70708e-08
3.66474e-08
7.48892e-08
1.46214e-07
2.7379e-07
4.93663e-07
8.60569e-07
1.45628e-06
2.4017e-06
3.87449e-06
6.13438e-06
9.55906e-06
1.4694e-05
2.23203e-05
3.35454e-05
4.99231e-05
7.36097e-05
0.000107564
0.000155803
0.000223716
0.000318459
0.00044942
0.000628781
0.000872161
0.00119935
0.00163511
0.00221004
0.00296148
0.00393433
0.00518189
0.00676645
0.00875972
0.0112429
0.0143061
0.0180477
0.0225726
0.0279899
0.0344096
0.041939
0.0506776
0.0607122
0.0721102
0.0849139
0.0991341
0.114744
0.131674
0.149806
0.168976
0.188966
0.209511
0.2303
0.250983
0.271181
0.290495
0.30852
0.324857
0.33913
0.350999
0.360172
0.36642
0.369585
0.369585
0.36642
0.360172
0.350999
0.33913
0.324857
0.30852
0.290495
0.271181
0.250983
0.2303
0.209511
0.188966
0.168976
0.149806
0.131674
0.114744
0.0991341
