ordre_2
-6.35155e-26
1.38484e-25
5.72578e-25
-7.59191e-25
-2.86383e-24
2.89453e-24
1.19504e-23
-8.8007e-24
-4.51496e-23
2.06172e-23
1.58443e-22
-2.56377e-23
-5.19863e-22
-8.0609e-23
1.58972e-21
8.07874e-22
-4.47928e-21
-4.16065e-21
1.13567e-20
1.69317e-20
-2.45922e-20
-5.92538e-20
3.89101e-20
1.82589e-19
-7.93357e-21
-4.94198e-19
-2.62286e-19
1.14225e-18
1.38017e-18
-2.06802e-18
-4.85749e-18
1.96985e-18
1.34814e-17
4.63214e-18
-2.96719e-17
-3.32387e-17
4.60803e-17
1.14982e-16
-1.72956e-17
-2.82907e-16
-1.94892e-16
4.84318e-16
8.62612e-16
-3.30904e-16
-2.22594e-15
-1.30766e-15
3.66729e-15
6.33262e-15
-1.78777e-15
-1.53047e-14
-1.15204e-14
2.04571e-14
4.51429e-14
5.10884e-15
-8.70155e-14
-1.04482e-13
6.05101e-14
2.75893e-13
1.91747e-13
-3.21775e-13
-7.46281e-13
-2.56838e-13
1.12099e-12
1.83914e-12
1.39616e-13
-3.25458e-12
-4.33155e-12
4.75621e-13
8.47666e-12
1.01313e-11
-1.85282e-12
-2.03903e-11
-2.40733e-11
2.87214e-12
4.54641e-11
5.79769e-11
3.92295e-12
-9.19422e-11
-1.37631e-10
-4.6215e-11
1.58323e-10
3.07445e-10
2.00515e-10
-1.9105e-10
-6.057e-10
-6.22477e-10
-1.39647e-11
9.38394e-10
1.48844e-09
9.24178e-10
-7.66705e-10
-2.6062e-09
-3.08368e-09
-1.19883e-09
2.46967e-09
5.88558e-09
6.25133e-09
1.92869e-09
-4.01615e-09
-1.37455e-08
-1.118e-08
