ordre_2
1.71799e-42
-3.74987e-42
-1.54689e-41
2.1531e-41
7.73993e-41
-8.96873e-41
-3.24877e-40
3.19335e-40
1.24804e-39
-1.01378e-39
-4.53065e-39
2.87796e-39
1.57635e-38
-7.0726e-39
-5.29044e-38
1.33029e-38
1.71677e-37
-7.19173e-39
-5.38589e-37
-9.87801e-38
1.63011e-36
7.02187e-37
-4.74015e-36
-3.37225e-36
1.31525e-35
1.37538e-35
-3.44301e-35
-5.07189e-35
8.33303e-35
1.73363e-34
-1.78849e-34
-5.55173e-34
3.03801e-34
1.67128e-33
-2.08229e-34
-4.72014e-33
-1.32801e-33
1.24099e-32
8.88087e-33
-2.98642e-32
-3.72476e-32
6.3412e-32
1.29046e-31
-1.07719e-31
-3.93914e-31
8.96854e-32
1.07851e-30
3.18938e-31
-2.6357e-30
-2.22785e-30
5.57671e-30
8.7843e-30
-9.29058e-30
-2.76019e-29
7.45307e-30
7.38225e-29
2.55945e-29
-1.6842e-28
-1.67656e-28
3.10785e-28
6.10321e-28
-3.6634e-28
-1.72789e-27
-2.60118e-28
3.99931e-27
3.35922e-27
-7.25143e-27
-1.30994e-26
7.90343e-27
3.66566e-26
8.12283e-27
-7.99113e-26
-7.8652e-26
1.26202e-25
2.78488e-25
-7.51727e-26
-6.97606e-25
-3.80665e-25
1.28203e-24
1.89964e-24
-1.33849e-24
-5.3701e-24
-1.48972e-24
1.06833e-23
1.24222e-23
-1.28321e-23
-3.86108e-23
-5.82775e-24
7.96484e-23
8.28494e-23
-9.83673e-23
-2.61076e-22
-3.61794e-23
5.02651e-22
6.12163e-22
-4.9299e-22
-2.03499e-21
-4.57281e-22
4.30746e-21
2.33633e-21
-4.5348e-21
