ordre_2
-2.94273e-43
-1.59047e-42
2.55877e-42
9.54284e-42
-1.20456e-41
-4.2954e-41
4.60509e-41
1.71478e-40
-1.54923e-40
-6.38942e-40
4.67964e-40
2.26933e-39
-1.25516e-39
-7.75746e-39
2.82252e-39
2.5631e-38
-4.19004e-39
-8.19471e-38
-4.11676e-39
2.53279e-37
7.13328e-38
-7.54627e-37
-4.06421e-37
2.15658e-36
1.80058e-36
-5.86364e-36
-7.01426e-36
1.49623e-35
2.50443e-35
-3.49325e-35
-8.34155e-35
7.05218e-35
2.61086e-34
-1.02689e-34
-7.68926e-34
-1.16121e-35
2.12283e-33
8.95166e-34
-5.43888e-33
-4.75799e-33
1.26621e-32
1.84797e-32
-2.55424e-32
-6.12363e-32
3.87325e-32
1.80708e-31
-1.24557e-32
-4.79551e-31
-2.14192e-31
1.13197e-30
1.15707e-30
-2.28159e-30
-4.22147e-30
3.43952e-30
1.26702e-29
-1.32391e-30
-3.26235e-29
-1.62454e-29
7.13722e-29
8.44002e-29
-1.23277e-28
-2.85945e-28
1.17098e-28
7.73507e-28
2.29438e-28
-1.71431e-27
-1.72122e-27
2.91662e-27
6.14702e-27
-2.56785e-27
-1.63797e-26
-5.85945e-27
3.4094e-26
3.90656e-26
-4.9829e-26
-1.28423e-25
1.58459e-26
3.07216e-25
2.06011e-25
-5.35411e-25
-8.98136e-25
4.77886e-25
2.41008e-24
9.35744e-25
-4.57928e-24
-5.98515e-24
4.99667e-24
1.76027e-23
4.25214e-24
-3.48522e-23
-3.92193e-23
3.92141e-23
1.1696e-22
3.25571e-23
-2.21096e-22
-3.17255e-22
2.40078e-22
9.77156e-22
2.98251e-24
-1.75371e-21
-2.72287e-22
