ordre_2
2.5158e-14
-5.4479e-14
-2.27833e-13
2.41641e-13
1.12298e-12
-5.09975e-13
-4.35279e-12
-5.89335e-13
1.3629e-11
1.07221e-11
-3.20949e-11
-5.47144e-11
4.1203e-11
1.78406e-10
6.34554e-11
-3.7059e-10
-5.34935e-10
2.61665e-10
1.48375e-09
1.20575e-09
-1.60527e-09
-4.51998e-09
-2.86955e-09
4.72203e-09
1.21266e-08
9.29837e-09
-7.37544e-09
-2.76486e-08
-3.21605e-08
-7.86111e-09
3.8218e-08
7.91839e-08
8.36762e-08
3.55521e-08
-5.57254e-08
-1.59787e-07
-2.40167e-07
-2.6875e-07
-2.31675e-07
-1.24831e-07
5.77198e-08
3.37988e-07
7.68798e-07
1.45022e-06
2.5515e-06
4.3437e-06
7.24942e-06
1.19168e-05
1.93262e-05
3.09415e-05
4.8917e-05
7.6379e-05
0.000117799
0.000179476
0.000270158
0.000401805
0.000590532
0.000857715
0.00123127
0.00174706
0.00245044
0.00339778
0.00465793
0.00631349
0.00846168
0.0112146
0.0146985
0.0190528
0.0244267
0.0309753
0.0388542
0.0482119
0.0591817
0.071872
0.0863563
0.102662
0.120762
0.140563
0.161903
0.184544
0.208173
0.232405
0.256792
0.280832
0.30399
0.325714
0.345455
0.362694
0.376963
0.387864
0.395092
0.398442
0.397836
0.393276
0.385004
0.372929
0.358615
0.338272
0.326869
0.27566
0.351187
