ordre_1
4.2039e-45
5.66125e-43
3.64408e-41
1.55126e-39
4.91531e-38
1.2365e-36
2.57233e-35
4.55154e-34
6.99241e-33
9.47441e-32
1.14633e-30
1.25096e-29
1.24148e-28
1.12825e-27
9.44494e-27
7.32028e-26
5.27601e-25
3.54991e-24
2.23744e-23
1.32506e-22
7.39371e-22
3.89676e-21
1.94418e-20
9.20122e-20
4.13855e-19
1.77211e-18
7.23546e-18
2.82108e-17
1.05181e-16
3.75483e-16
1.28499e-15
4.22051e-15
1.33185e-14
4.04218e-14
1.18108e-13
3.32553e-13
9.0315e-13
2.36792e-12
5.99882e-12
1.46973e-11
3.48543e-11
8.0076e-11
1.78385e-10
3.85664e-10
8.09943e-10
1.65387e-09
3.28679e-09
6.36363e-09
1.20158e-08
2.21507e-08
3.99118e-08
7.03718e-08
1.21562e-07
2.05984e-07
3.42797e-07
5.6097e-07
9.03779e-07
1.43519e-06
2.24879e-06
3.48036e-06
5.3251e-06
8.06131e-06
1.20825e-05
1.79402e-05
2.64009e-05
3.85203e-05
5.57394e-05
8.00067e-05
0.000113932
0.000160979
0.000225699
0.00031401
0.000433539
0.000594008
0.000807686
0.00108989
0.00145953
0.00193971
0.00255833
0.00334868
0.00434998
0.00560788
0.0071748
0.00911003
0.0114797
0.0143563
0.0178179
0.0219468
0.0268281
0.0325472
0.0391868
0.0468244
0.0555276
0.0653509
0.076331
0.0884824
0.101794
0.116223
0.131695
0.148101
0.165293
