ordre_1
1.4013e-45
2.8026e-45
4.2039e-45
5.60519e-45
7.00649e-45
8.40779e-45
9.80909e-45
1.12104e-44
1.26117e-44
1.4013e-44
1.54143e-44
1.68156e-44
1.82169e-44
1.96182e-44
2.10195e-44
2.24208e-44
2.38221e-44
2.52234e-44
2.66247e-44
2.8026e-44
2.94273e-44
3.08286e-44
5.74532e-44
3.11088e-43
2.46769e-42
1.99797e-41
1.56047e-40
1.16915e-39
8.4075e-39
5.80963e-38
3.86208e-37
2.47263e-36
1.52618e-35
9.09034e-35
5.22966e-34
2.9084e-33
1.56484e-32
8.15175e-32
4.1144e-31
2.0134e-30
9.5588e-30
4.40545e-29
1.97216e-28
8.58031e-28
3.62994e-27
1.494e-26
5.98507e-26
2.33482e-25
8.87352e-25
3.28687e-24
1.18711e-23
4.18205e-23
1.43763e-22
4.82413e-22
1.58074e-21
5.05966e-21
1.5825e-20
4.83802e-20
1.44621e-19
4.22826e-19
1.20946e-18
3.3857e-18
9.27797e-18
2.48958e-17
6.54318e-17
1.68483e-16
4.25155e-16
1.05166e-15
2.55066e-15
6.06729e-15
1.41584e-14
3.24209e-14
7.2869e-14
1.60798e-13
3.48461e-13
7.41794e-13
1.55163e-12
3.18998e-12
6.44777e-12
1.28168e-11
2.5063e-11
4.82283e-11
9.13534e-11
1.70391e-10
3.1305e-10
5.66736e-10
1.01135e-09
1.77968e-09
3.08933e-09
5.29225e-09
8.9504e-09
1.49502e-08
2.46737e-08
4.02516e-08
6.49338e-08
1.03628e-07
1.63673e-07
2.55942e-07
3.96402e-07
6.08301e-07
9.25205e-07
