ordre_2
8.28146e-22
-5.52643e-21
-7.81948e-21
3.11781e-20
4.2342e-20
-1.25444e-19
-1.94074e-19
4.19581e-19
8.03873e-19
-1.19161e-18
-3.05261e-18
2.73576e-18
1.06217e-17
-3.97426e-18
-3.35826e-17
-4.07549e-18
9.47929e-17
6.10845e-17
-2.30425e-16
-2.99925e-16
4.41174e-16
1.07342e-15
-4.5447e-16
-3.0779e-15
-1.0069e-15
6.99162e-15
7.75252e-15
-1.10605e-14
-2.75512e-14
3.60299e-15
6.78027e-14
5.07708e-14
-1.09906e-13
-2.15865e-13
4.2429e-14
5.17587e-13
4.18276e-13
-6.93316e-13
-1.60588e-12
-2.3323e-13
3.08784e-12
3.86704e-12
-1.94297e-12
-9.97378e-12
-7.72935e-12
1.0407e-11
2.74912e-11
1.37241e-11
-3.49332e-11
-6.98487e-11
-2.51972e-11
9.4714e-11
1.71015e-10
6.09847e-11
-2.18459e-10
-4.08767e-10
-1.97317e-10
4.1556e-10
9.31655e-10
6.69925e-10
-5.40928e-10
-1.90042e-09
-2.01562e-09
-7.84042e-11
3.04322e-09
4.91141e-09
3.15168e-09
-2.3715e-09
-8.5871e-09
-1.0631e-08
-5.1289e-09
6.75462e-09
1.88325e-08
2.28317e-08
1.33437e-08
-8.12964e-09
-3.26557e-08
-4.75399e-08
-4.24399e-08
-1.48131e-08
2.80848e-08
7.15234e-08
9.89131e-08
9.77775e-08
6.44055e-08
3.72693e-09
-7.09469e-08
-1.4692e-07
-2.06225e-07
-2.50316e-07
-2.55096e-07
-2.65159e-07
-1.97122e-07
-2.2844e-07
-1.71063e-08
-2.11799e-07
4.62257e-07
-2.69353e-07
1.94614e-06
-3.572e-07
6.52629e-06
