ordre_2
-1.4013e-45
-2.8026e-45
-2.8026e-45
-1.4013e-45
0
1.4013e-45
1.4013e-45
0
-1.4013e-45
-2.8026e-45
-2.8026e-45
-1.4013e-45
0
1.4013e-45
1.4013e-45
2.8026e-45
1.4013e-45
0
-1.4013e-45
-2.8026e-45
-4.2039e-45
-5.60519e-45
-5.60519e-45
-4.2039e-45
-2.8026e-45
-1.4013e-45
-2.8026e-45
-1.12104e-44
-1.68156e-44
1.4013e-45
2.52234e-44
-1.68156e-44
-8.68805e-44
2.10195e-44
2.55036e-43
2.38221e-44
-7.1186e-43
-2.9147e-43
1.92118e-42
1.46155e-42
-4.88072e-42
-5.80558e-42
1.14668e-41
2.02796e-41
-2.40127e-41
-6.49109e-41
4.02915e-41
1.92966e-40
-3.08972e-41
-5.34698e-40
-1.4255e-40
1.37393e-39
9.82453e-40
-3.22328e-39
-4.0679e-39
6.6524e-39
1.38349e-38
-1.08889e-38
-4.14634e-38
8.04469e-39
1.1174e-37
3.56786e-38
-2.6999e-37
-2.32288e-37
5.69101e-37
8.97825e-37
-9.60683e-37
-2.80541e-36
8.63394e-37
7.55435e-36
2.15588e-36
-1.76533e-35
-1.57308e-35
3.45362e-35
5.96947e-35
-4.89422e-35
-1.76846e-34
9.72798e-36
4.37898e-34
2.56459e-34
-8.97687e-34
-1.21056e-33
1.37413e-33
3.83916e-33
-7.55052e-34
-9.68673e-33
-4.66144e-33
1.95309e-32
2.41836e-32
-2.73766e-32
-7.61177e-32
2.47906e-33
1.86444e-31
1.50717e-31
-3.71623e-31
-6.47108e-31
5.97601e-31
1.76517e-30
-7.41045e-31
-3.08725e-30
5.42051e-31
