ordre_2
-1.4013e-45
-2.8026e-45
-2.8026e-45
-1.4013e-45
0
1.4013e-45
1.4013e-45
0
-1.4013e-45
-2.8026e-45
-2.8026e-45
-1.4013e-45
0
1.4013e-45
1.4013e-45
2.8026e-45
1.4013e-45
0
-1.4013e-45
-2.8026e-45
-4.2039e-45
-5.60519e-45
-5.60519e-45
-4.2039e-45
-2.8026e-45
-1.4013e-45
-1.4013e-45
-0
-0
-1.4013e-45
-2.8026e-45
-4.2039e-45
-5.60519e-45
-7.00649e-45
-7.00649e-45
-5.60519e-45
-4.2039e-45
-2.8026e-45
-1.4013e-45
-1.4013e-45
-2.8026e-45
-4.2039e-45
-5.60519e-45
-7.00649e-45
-7.00649e-45
-8.40779e-45
-9.80909e-45
-1.12104e-44
-1.26117e-44
-1.4013e-44
-1.4013e-44
-1.4013e-44
-1.26117e-44
-1.12104e-44
-9.80909e-45
-8.40779e-45
-8.40779e-45
-7.00649e-45
-7.00649e-45
-1.54143e-44
-2.52234e-44
-1.4013e-44
9.80909e-45
1.4013e-45
-6.02558e-44
-5.60519e-44
1.17709e-43
1.90577e-43
-2.20004e-43
-6.10966e-43
2.52234e-43
1.68156e-42
1.7236e-43
-4.24734e-42
-2.68349e-42
9.38029e-42
1.18508e-41
-1.73859e-41
-3.96119e-41
2.2069e-41
1.12286e-40
7.04573e-42
-2.77037e-40
-1.72636e-40
5.84141e-40
7.56216e-40
-9.61857e-40
-2.41008e-39
7.42332e-40
6.38972e-39
2.73027e-39
-1.45452e-38
-1.74161e-38
2.83422e-38
6.23929e-38
-4.60353e-38
-1.70586e-37
5.91448e-38
3.52749e-37
-5.41147e-38
-3.75974e-37
