ordre_2
-1.76106e-27
3.8409e-27
1.58731e-26
-2.12244e-26
-7.9405e-26
8.22238e-26
3.31796e-25
-2.57832e-25
-1.25816e-24
6.4735e-25
4.44766e-24
-1.0603e-24
-1.47784e-23
-8.36995e-25
4.61148e-23
1.75486e-23
-1.34108e-22
-1.01205e-22
3.57669e-22
4.38416e-22
-8.46892e-22
-1.61894e-21
1.64615e-21
5.2885e-21
-1.93103e-21
-1.54042e-20
-2.92747e-21
3.95646e-20
3.00578e-20
-8.62301e-20
-1.29705e-19
1.41915e-19
4.20616e-19
-8.4841e-20
-1.11006e-18
-5.49581e-19
2.34622e-18
3.02649e-18
-3.45107e-18
-9.85349e-18
6.40528e-19
2.37446e-17
1.75129e-17
-4.07827e-17
-7.42641e-17
3.00394e-17
1.94091e-16
1.03439e-16
-3.39623e-16
-5.38203e-16
2.45372e-16
1.40159e-15
8.13391e-16
-2.20788e-15
-3.90914e-15
7.28092e-16
8.91079e-15
7.69796e-15
-1.0262e-14
-2.66181e-14
-7.90055e-15
4.48521e-14
6.53805e-14
-1.54241e-14
-1.45818e-13
-1.37591e-13
1.21605e-13
4.06986e-13
2.53769e-13
-4.62085e-13
-1.03879e-12
-4.22796e-13
1.38772e-12
2.52314e-12
6.97086e-13
-3.64585e-12
-5.99054e-12
-1.41316e-12
8.66072e-12
1.40844e-11
4.08156e-12
-1.86171e-11
-3.26656e-11
-1.40414e-11
3.50659e-11
7.31627e-11
4.68799e-11
-5.21716e-11
-1.52281e-10
-1.39808e-10
3.63571e-11
2.76728e-10
3.59081e-10
1.15401e-10
-3.80445e-10
-7.76097e-10
-5.85886e-10
1.68561e-10
1.18857e-09
2.046e-09
-1.36349e-10
