ordre_2
1.33423e-28
9.71241e-27
-5.61886e-28
-5.7101e-26
-3.32201e-27
2.4762e-25
4.98698e-26
-9.3434e-25
-3.5763e-25
3.21348e-24
1.95602e-24
-1.02179e-23
-9.11146e-24
3.0002e-23
3.77903e-23
-8.01717e-23
-1.4249e-22
1.87917e-22
4.92868e-22
-3.49011e-22
-1.56595e-21
3.03083e-22
4.5429e-21
1.32562e-21
-1.18432e-20
-9.69464e-21
2.67658e-20
4.05866e-20
-4.76972e-20
-1.34151e-19
4.27959e-20
3.71172e-19
1.27774e-19
-8.52619e-19
-8.9255e-19
1.49776e-18
3.25025e-18
-1.29764e-18
-8.80761e-18
-3.55529e-18
1.81595e-17
2.27029e-17
-2.40986e-17
-7.23636e-17
-5.31703e-18
1.60236e-16
1.51423e-16
-2.24803e-16
-5.39161e-16
8.80762e-19
1.17961e-15
1.11685e-15
-1.46142e-15
-3.8146e-15
-6.98845e-16
7.30697e-15
8.94263e-15
-5.80979e-15
-2.4467e-14
-1.43386e-14
3.38508e-14
6.59053e-14
6.09576e-15
-1.23057e-13
-1.52454e-13
6.25233e-14
3.66724e-13
3.15031e-13
-3.17397e-13
-9.77358e-13
-6.06834e-13
1.05632e-12
2.43963e-12
1.16907e-12
-2.91207e-12
-5.8694e-12
-2.50028e-12
7.05716e-12
1.3807e-11
6.36141e-12
-1.51422e-11
-3.17123e-11
-1.83368e-11
2.76998e-11
6.98237e-11
5.37752e-11
-3.73527e-11
-1.42027e-10
-1.47757e-10
9.47555e-12
2.49588e-10
3.60558e-10
1.54604e-10
-3.21334e-10
-7.39301e-10
-6.56649e-10
1.27345e-10
1.06425e-09
1.74707e-09
1.1506e-09
-1.99611e-09
