ordre_2
2.04713e-17
1.19459e-15
1.22336e-17
-6.80187e-15
-1.83191e-15
2.74985e-14
1.68148e-14
-9.05716e-14
-9.76247e-14
2.41622e-13
4.33044e-13
-4.62285e-13
-1.54057e-12
2.4326e-13
4.35638e-12
2.69205e-12
-9.03792e-12
-1.44253e-11
9.31867e-12
4.31802e-11
2.00311e-11
-7.85626e-11
-1.26991e-10
3.4291e-11
3.10515e-10
2.8783e-10
-2.93763e-10
-9.4072e-10
-6.1302e-10
1.01789e-09
2.52102e-09
1.57149e-09
-2.37132e-09
-6.21445e-09
-5.01873e-09
3.07438e-09
1.31614e-08
1.565e-08
3.89231e-09
-1.84052e-08
-3.68242e-08
-3.47206e-08
-5.22836e-09
4.17669e-08
8.29327e-08
9.32481e-08
5.89734e-08
-1.55787e-08
-1.10411e-07
-1.98803e-07
-2.5732e-07
-2.71896e-07
-2.37879e-07
-1.54798e-07
-1.79947e-08
1.91156e-07
5.16283e-07
1.03999e-06
1.90395e-06
3.3396e-06
5.71487e-06
9.60443e-06
1.58922e-05
2.59172e-05
4.16767e-05
6.6103e-05
0.000103434
0.000159701
0.000243356
0.00036605
0.000543595
0.000797094
0.00115426
0.00165089
0.00233245
0.00325565
0.00449001
0.00611913
0.00824156
0.0109712
0.0144365
0.0187792
0.0241511
0.0307102
0.0386143
0.0480139
0.0590439
0.0718128
0.0863937
0.102811
0.121037
0.140963
0.16246
0.185153
0.209129
0.232739
0.259366
0.276884
0.319594
0.283495
0.472125
