ordre_2
-1.29353e-19
1.62822e-20
1.13831e-18
7.13282e-20
-5.41137e-18
-1.46908e-18
2.07781e-17
1.13068e-17
-6.91962e-17
-6.23514e-17
2.00999e-16
2.80389e-16
-4.90887e-16
-1.07516e-15
8.84704e-16
3.55755e-15
-4.37262e-16
-1.00459e-14
-5.19906e-15
2.31692e-14
2.963e-14
-3.78907e-14
-1.03148e-13
1.33282e-14
2.62416e-13
1.87799e-13
-4.58134e-13
-8.46593e-13
2.72443e-13
2.17255e-12
1.50865e-12
-3.26273e-12
-6.61571e-12
4.51675e-16
1.39213e-11
1.53649e-11
-1.11317e-11
-4.3842e-11
-2.95401e-11
5.0462e-11
1.1912e-10
5.28484e-11
-1.56773e-10
-3.019e-10
-1.12475e-10
3.93824e-10
7.40002e-10
3.38832e-10
-8.03107e-10
-1.73505e-09
-1.18086e-09
1.13518e-09
3.64847e-09
3.73794e-09
-3.34053e-11
-5.94388e-09
-9.42424e-09
-6.11246e-09
4.25129e-09
1.61805e-08
2.09364e-08
1.21276e-08
-9.1168e-09
-3.30785e-08
-4.57284e-08
-3.62138e-08
-3.35711e-09
4.24987e-08
8.33055e-08
1.00759e-07
8.3684e-08
3.20886e-08
-4.34333e-08
-1.26041e-07
-1.98437e-07
-2.47683e-07
-2.6748e-07
-2.57533e-07
-2.20615e-07
-1.58367e-07
-6.62238e-08
7.22587e-08
2.94787e-07
6.70956e-07
1.32964e-06
2.4736e-06
4.47583e-06
7.83433e-06
1.35956e-05
2.27283e-05
3.83391e-05
6.10523e-05
0.000101568
0.000151736
0.000256101
0.000344658
0.00062847
0.000686294
0.00156123
0.00102151
0.00415731
