ordre_2
-2.7403e-15
-1.4232e-13
-7.3027e-15
7.93973e-13
3.13621e-13
-3.04695e-12
-2.61839e-12
8.91328e-12
1.38001e-11
-1.78302e-11
-5.30202e-11
7.8538e-12
1.48463e-10
1.13417e-10
-2.61443e-10
-5.37176e-10
3.91371e-11
1.25836e-09
1.38172e-09
-9.98022e-10
-4.12162e-09
-3.41808e-09
3.38791e-09
1.12789e-08
1.02039e-08
-4.91334e-09
-2.55066e-08
-3.24349e-08
-1.10032e-08
3.39554e-08
7.6505e-08
8.43145e-08
3.92112e-08
-5.0912e-08
-1.55867e-07
-2.38144e-07
-2.6821e-07
-2.31181e-07
-1.22552e-07
6.36481e-08
3.4956e-07
7.886e-07
1.48209e-06
2.60128e-06
4.42015e-06
7.36527e-06
1.209e-05
1.95817e-05
3.13129e-05
4.94492e-05
7.71306e-05
0.000118844
0.000180909
0.000272092
0.000404377
0.000593899
0.000862052
0.00123676
0.00175391
0.00245883
0.00340787
0.00466983
0.00632726
0.00847726
0.0112318
0.0147171
0.0190722
0.0244462
0.0309941
0.0388712
0.048226
0.0591915
0.0718764
0.0863538
0.102652
0.120743
0.140535
0.161865
0.184497
0.208118
0.232343
0.256725
0.280763
0.303921
0.325648
0.345395
0.362643
0.376923
0.387837
0.395078
0.398446
0.397848
0.393322
0.384989
0.373185
0.357964
0.340795
0.318515
0.304299
0.255228
0.319668
