ordre_1
1.4013e-45
2.8026e-45
4.2039e-45
5.60519e-45
7.00649e-45
8.40779e-45
9.80909e-45
1.12104e-44
1.26117e-44
1.4013e-44
1.54143e-44
1.68156e-44
1.82169e-44
1.96182e-44
2.10195e-44
2.24208e-44
2.38221e-44
2.52234e-44
2.66247e-44
2.8026e-44
2.94273e-44
3.08286e-44
3.22299e-44
3.36312e-44
3.50325e-44
3.64338e-44
3.78351e-44
3.92364e-44
4.06377e-44
4.2039e-44
4.34403e-44
4.48416e-44
4.62428e-44
4.76441e-44
4.90454e-44
5.04467e-44
5.1848e-44
5.32493e-44
5.46506e-44
5.60519e-44
5.74532e-44
5.88545e-44
6.02558e-44
6.16571e-44
6.30584e-44
6.44597e-44
6.5861e-44
6.72623e-44
6.86636e-44
7.00649e-44
7.14662e-44
7.28675e-44
7.42688e-44
7.56701e-44
7.70714e-44
7.84727e-44
7.9874e-44
8.12753e-44
8.26766e-44
8.40779e-44
8.54792e-44
8.68805e-44
8.82818e-44
8.96831e-44
9.10844e-44
9.24857e-44
9.3887e-44
9.52883e-44
9.66896e-44
9.80909e-44
1.1911e-43
2.18603e-43
6.62814e-43
2.5868e-42
1.07522e-41
4.47883e-41
1.84353e-40
7.47444e-40
2.98317e-39
1.17202e-38
4.53308e-38
1.72631e-37
6.47402e-37
2.39121e-36
8.69988e-36
3.1183e-35
1.10126e-34
3.83255e-34
1.31451e-33
4.44401e-33
1.48106e-32
4.86638e-32
1.57663e-31
5.03724e-31
1.58724e-30
4.93317e-30
1.51249e-29
4.57494e-29
1.36537e-28
4.021e-28
1.16863e-27
