ordre_2
-7.52117e-37
-1.36371e-36
6.64934e-36
8.44031e-36
-3.20482e-35
-3.97815e-35
1.27049e-34
1.68095e-34
-4.51328e-34
-6.66701e-34
1.47916e-33
2.52392e-33
-4.5118e-33
-9.17825e-33
1.27621e-32
3.21254e-32
-3.28877e-32
-1.08202e-31
7.37062e-32
3.50071e-31
-1.24016e-31
-1.08451e-30
3.44581e-32
3.20093e-30
9.64603e-31
-8.92993e-30
-5.96509e-30
2.32424e-29
2.57707e-29
-5.51151e-29
-9.43406e-29
1.1314e-28
3.085e-28
-1.72458e-28
-9.16756e-28
3.66309e-29
2.47704e-27
1.12049e-27
-6.00001e-27
-6.04438e-27
1.25243e-26
2.24843e-26
-2.00318e-26
-6.91157e-26
1.1587e-26
1.82597e-25
7.96703e-26
-4.10818e-25
-4.53836e-25
7.35526e-25
1.59509e-24
-7.67168e-25
-4.41288e-24
-1.11548e-24
9.91502e-24
9.60638e-24
-1.69315e-23
-3.50718e-23
1.44794e-23
9.33943e-23
3.63499e-23
-1.90038e-22
-2.31448e-22
2.56862e-22
7.35649e-22
6.50991e-24
-1.66588e-21
-1.39292e-21
2.57832e-21
5.3026e-21
-1.18382e-21
-1.2767e-20
-8.62015e-21
2.03032e-20
3.70618e-20
-1.02973e-20
-8.94397e-20
-6.1116e-20
1.3352e-19
2.56765e-19
-3.55518e-20
-5.745e-19
-4.89106e-19
7.11855e-19
1.72514e-18
2.74015e-19
-3.25336e-18
-3.90885e-18
2.51855e-18
1.05801e-17
6.15007e-18
-1.482e-17
-2.77262e-17
-6.20837e-19
5.10859e-17
6.24643e-17
-2.55841e-17
-1.81457e-16
-1.14981e-16
2.88331e-16
2.14379e-16
