ordre_2
1.7779e-13
-3.84447e-13
-1.61231e-12
1.6078e-12
7.89503e-12
-2.59205e-12
-2.97034e-11
-9.73069e-12
8.59913e-11
9.35921e-11
-1.65032e-10
-3.9761e-10
4.83395e-11
1.03375e-09
9.91948e-10
-1.25564e-09
-3.69573e-09
-1.91535e-09
5.17025e-09
1.0877e-08
5.33818e-09
-1.26513e-08
-2.90353e-08
-2.33843e-08
1.18303e-08
5.90652e-08
8.3517e-08
5.62693e-08
-2.50744e-08
-1.33195e-07
-2.25585e-07
-2.64505e-07
-2.28705e-07
-1.11147e-07
9.41591e-08
4.09582e-07
8.9122e-07
1.64664e-06
2.85733e-06
4.81192e-06
7.95693e-06
1.29721e-05
2.08793e-05
3.3195e-05
5.21403e-05
8.0923e-05
0.000124111
0.000188115
0.000281806
0.000417274
0.000610759
0.000883748
0.00126423
0.00178811
0.00250069
0.00345819
0.00472919
0.00639589
0.0085549
0.0113176
0.0148094
0.0191687
0.0245435
0.0310878
0.0389562
0.0482964
0.059241
0.0718984
0.086342
0.102601
0.120648
0.140393
0.161677
0.184263
0.207843
0.232034
0.256392
0.280418
0.303577
0.325319
0.345096
0.362387
0.376721
0.3877
0.395012
0.398453
0.39793
0.393469
0.385211
0.373407
0.358405
0.340628
0.320565
0.298731
0.275693
0.251872
0.228191
0.203585
0.184031
0.149805
0.172823
