ordre_1
1.4013e-45
2.8026e-45
4.2039e-45
5.60519e-45
7.00649e-45
8.40779e-45
9.80909e-45
1.12104e-44
1.26117e-44
1.4013e-44
1.54143e-44
1.68156e-44
1.82169e-44
1.96182e-44
2.10195e-44
2.24208e-44
2.38221e-44
2.52234e-44
2.66247e-44
2.8026e-44
2.94273e-44
3.08286e-44
3.22299e-44
3.36312e-44
3.50325e-44
3.64338e-44
3.78351e-44
3.92364e-44
4.06377e-44
4.2039e-44
4.34403e-44
4.48416e-44
4.62428e-44
4.76441e-44
4.90454e-44
5.04467e-44
5.1848e-44
5.32493e-44
5.46506e-44
5.60519e-44
5.74532e-44
5.88545e-44
6.02558e-44
6.16571e-44
6.30584e-44
6.44597e-44
7.9874e-44
1.79366e-43
7.30076e-43
3.69382e-42
1.92524e-41
9.89821e-41
4.98171e-40
2.45175e-39
1.17999e-38
5.55542e-38
2.5593e-37
1.15405e-36
5.0952e-36
2.20319e-35
9.333e-35
3.87421e-34
1.57635e-33
6.28837e-33
2.46006e-32
9.44015e-32
3.55416e-31
1.31316e-30
4.76223e-30
1.69555e-29
5.92799e-29
2.03556e-28
6.86635e-28
2.2757e-27
7.41189e-27
2.37273e-26
7.46699e-26
2.31045e-25
7.0303e-25
2.10401e-24
6.19423e-24
1.79416e-23
5.11369e-23
1.43441e-22
3.96043e-22
1.07648e-21
2.88086e-21
7.59201e-21
1.97046e-20
5.03752e-20
1.26871e-19
3.14819e-19
7.69794e-19
1.85507e-18
4.40629e-18
1.03175e-17
2.38186e-17
5.42203e-17
1.21721e-16
2.69518e-16
5.88686e-16
