ordre_2
-1.4013e-45
-2.8026e-45
-2.8026e-45
-1.4013e-45
0
1.4013e-45
1.4013e-45
0
-1.4013e-45
-2.8026e-45
-2.8026e-45
-1.4013e-45
0
1.4013e-45
1.4013e-45
2.8026e-45
1.4013e-45
0
-1.4013e-45
-2.8026e-45
-4.2039e-45
-1.4013e-45
9.80909e-45
1.12104e-44
-1.68156e-44
-3.36312e-44
4.48416e-44
1.03696e-43
-1.06499e-43
-3.41917e-43
2.11596e-43
1.04817e-42
-3.11088e-43
-3.10948e-42
-5.60519e-44
8.85621e-42
3.00438e-42
-2.40715e-41
-1.6618e-41
6.17398e-41
6.82797e-41
-1.46921e-40
-2.43554e-40
3.12827e-40
7.89869e-40
-5.43575e-40
-2.37069e-39
5.00423e-40
6.61653e-39
1.47772e-39
-1.71002e-38
-1.15189e-38
4.03154e-38
4.90225e-38
-8.3618e-38
-1.68642e-37
1.37934e-37
5.0803e-37
-1.06222e-37
-1.37094e-36
-4.28742e-37
3.30591e-36
2.84604e-36
-6.92417e-36
-1.10112e-35
1.15029e-35
3.42702e-35
-9.57798e-36
-9.15474e-35
-2.92632e-35
2.11059e-34
1.98607e-34
-4.02842e-34
-7.36344e-34
5.35682e-34
2.13938e-33
4.54508e-35
-5.17395e-33
-3.46448e-33
1.02204e-32
1.51497e-32
-1.43576e-32
-4.61523e-32
2.74497e-33
1.12225e-31
7.07152e-32
-2.16083e-31
-3.14039e-31
2.76584e-31
9.13158e-31
7.09592e-32
-2.03116e-30
-1.91499e-30
3.36791e-30
7.76261e-30
-3.22469e-30
-2.17195e-29
-1.87632e-30
4.48096e-29
1.16929e-29
-4.75025e-29
