ordre_2
-1.0799e-26
1.41251e-27
9.58777e-26
1.36751e-28
-4.65592e-25
-6.15483e-26
1.8624e-24
5.5673e-25
-6.66822e-24
-3.38957e-24
2.19309e-23
1.68833e-23
-6.65647e-23
-7.35127e-23
1.84728e-22
2.88175e-22
-4.55992e-22
-1.03081e-21
9.3224e-22
3.37836e-21
-1.20171e-21
-1.01088e-20
-1.42066e-21
2.72662e-20
1.78163e-20
-6.43801e-20
-8.30156e-20
1.237e-19
2.90293e-19
-1.46552e-19
-8.38448e-19
-1.62006e-19
2.01192e-18
1.76266e-18
-3.77009e-18
-7.0078e-18
4.0885e-18
1.99616e-17
5.41647e-18
-4.31339e-17
-4.70491e-17
6.23358e-17
1.60423e-16
-7.17357e-18
-3.70685e-16
-3.09556e-16
5.51046e-16
1.1879e-15
-1.08864e-16
-2.69057e-15
-2.34614e-15
3.47667e-15
8.43076e-15
1.16034e-15
-1.6435e-14
-1.94608e-14
1.32955e-14
5.38903e-14
3.15085e-14
-7.3487e-14
-1.44548e-13
-1.8137e-14
2.62215e-13
3.38991e-13
-1.07288e-13
-7.75003e-13
-7.28578e-13
5.6996e-13
2.05997e-12
1.51199e-12
-1.8733e-12
-5.13721e-12
-3.2369e-12
4.97994e-12
1.23004e-11
7.58952e-12
-1.12857e-11
-2.84682e-11
-1.96414e-11
2.1322e-11
6.30176e-11
5.32135e-11
-2.89648e-11
-1.29441e-10
-1.4053e-10
4.16287e-12
2.32317e-10
3.39814e-10
1.43345e-10
-3.1598e-10
-7.06776e-10
-6.03038e-10
1.46395e-10
1.14018e-09
1.59113e-09
8.36034e-10
-1.08478e-09
-2.73309e-09
-3.38249e-09
-1.36145e-09
4.92736e-09
