ordre_2
-1.4013e-45
-2.8026e-45
-2.8026e-45
-1.4013e-45
0
1.4013e-45
1.4013e-45
0
-1.4013e-45
-2.8026e-45
-2.8026e-45
-1.4013e-45
0
1.4013e-45
1.4013e-45
2.8026e-45
1.4013e-45
0
-1.4013e-45
-2.8026e-45
-4.2039e-45
-5.60519e-45
-5.60519e-45
-4.2039e-45
-2.8026e-45
-1.4013e-45
-1.4013e-45
-0
-0
-1.4013e-45
-2.8026e-45
-4.2039e-45
-5.60519e-45
-7.00649e-45
-7.00649e-45
-5.60519e-45
-4.2039e-45
-2.8026e-45
-1.4013e-45
-1.4013e-45
-2.8026e-45
-4.2039e-45
-5.60519e-45
-7.00649e-45
-7.00649e-45
-8.40779e-45
-9.80909e-45
-1.12104e-44
-1.26117e-44
-1.4013e-44
-1.4013e-44
-1.4013e-44
-1.26117e-44
-1.12104e-44
-9.80909e-45
-8.40779e-45
-8.40779e-45
-7.00649e-45
-5.60519e-45
-4.2039e-45
-2.8026e-45
-2.8026e-45
-4.2039e-45
-5.60519e-45
-7.00649e-45
-8.40779e-45
-9.80909e-45
-1.12104e-44
-9.80909e-45
1.4013e-45
8.40779e-45
-5.60519e-45
-2.94273e-44
-8.40779e-45
5.04467e-44
1.54143e-44
-1.65353e-43
-1.73761e-43
2.88667e-43
5.57717e-43
-4.65231e-43
-1.68016e-42
2.57839e-43
4.316e-42
1.70958e-42
-9.6101e-42
-9.77686e-42
1.73327e-41
3.51193e-41
-1.94514e-41
-1.03653e-40
-1.9813e-41
2.67693e-40
2.08666e-40
-6.17492e-40
-7.91128e-40
1.26368e-39
2.08575e-39
-2.15634e-39
-3.60886e-39
2.08191e-39
