ordre_2
-4.2039e-45
-5.60519e-45
2.66247e-44
3.36312e-44
-1.23314e-43
-1.5134e-43
4.9606e-43
6.23578e-43
-1.79366e-42
-2.44386e-42
6.07323e-42
9.23175e-42
-1.93659e-41
-3.36886e-41
5.85e-41
1.19305e-40
-1.66729e-40
-4.10321e-40
4.4333e-40
1.37053e-39
-1.07086e-39
-4.44137e-39
2.19883e-39
1.3939e-38
-2.99668e-39
-4.2252e-38
-2.85164e-39
1.232e-37
4.48496e-38
-3.43486e-37
-2.3779e-37
9.07065e-37
9.81753e-37
-2.23279e-36
-3.55914e-36
4.96775e-36
1.17857e-35
-9.28117e-36
-3.61972e-35
1.09787e-35
1.03533e-34
1.36164e-35
-2.74693e-34
-1.57254e-34
6.66985e-34
7.2519e-34
-1.43609e-33
-2.60341e-33
2.52447e-33
8.07994e-33
-2.5347e-33
-2.23208e-32
-5.05849e-33
5.48979e-32
4.25678e-32
-1.17097e-31
-1.73579e-31
1.98834e-31
5.52544e-31
-1.77936e-31
-1.48918e-30
-4.50438e-31
3.42464e-30
3.23037e-30
-6.4132e-30
-1.19999e-29
7.94656e-30
3.439e-29
3.46586e-30
-8.07071e-29
-6.30451e-29
1.50013e-28
2.54618e-28
-1.77324e-28
-7.28769e-28
-1.06861e-28
1.63346e-27
1.45316e-27
-2.72361e-27
-5.42044e-27
2.16874e-27
1.41319e-26
6.03601e-27
-2.74918e-26
-3.5705e-26
3.36994e-26
1.08471e-25
1.19098e-26
-2.33935e-25
-2.1565e-25
3.3251e-25
7.4173e-25
-4.37333e-26
-1.6646e-24
-1.59459e-24
2.55118e-24
6.28196e-24
-2.08043e-24
-1.47039e-23
-5.04958e-25
1.63503e-23
