ordre_2
-3.33884e-17
4.08677e-18
2.91993e-16
3.09013e-17
-1.36594e-15
-5.04335e-16
5.07175e-15
3.64414e-15
-1.58311e-14
-1.89491e-14
4.05689e-14
7.89771e-14
-7.48562e-14
-2.71704e-13
3.36938e-14
7.62551e-13
4.60306e-13
-1.63157e-12
-2.467e-12
2.00562e-12
7.74806e-12
2.2111e-12
-1.60481e-11
-2.06811e-11
1.52765e-11
6.15413e-11
3.30165e-11
-9.42665e-11
-1.76341e-10
-1.35447e-11
3.38475e-10
4.44991e-10
-9.30911e-11
-9.69069e-10
-1.11314e-09
2.7004e-10
2.38701e-09
2.9074e-09
4.61667e-11
-4.9171e-09
-7.4883e-09
-3.35978e-09
6.93018e-09
1.64188e-08
1.57366e-08
5.94882e-10
-2.29188e-08
-4.00276e-08
-3.58135e-08
-5.3379e-09
4.13769e-08
8.29258e-08
9.66229e-08
6.93172e-08
3.22887e-09
-8.55196e-08
-1.73925e-07
-2.40536e-07
-2.71318e-07
-2.60914e-07
-2.09486e-07
-1.16584e-07
2.65473e-08
2.45823e-07
5.95292e-07
1.17252e-06
2.14206e-06
3.77187e-06
6.4892e-06
1.09634e-05
1.82257e-05
2.98379e-05
4.81277e-05
7.65095e-05
0.000119912
0.000185334
0.000282549
0.000424983
0.000630774
0.000924019
0.00133621
0.00190777
0.00268972
0.00374527
0.00515128
0.00699939
0.00939674
0.0124656
0.0163431
0.0211762
0.0271272
0.0343402
0.0430186
0.0531699
0.065315
0.0784062
0.0957279
0.108188
0.140997
0.12445
0.24785
