ordre_2
-1.4013e-45
-2.8026e-45
-2.8026e-45
-1.4013e-45
0
1.4013e-45
1.4013e-45
2.8026e-45
-7.00649e-45
-1.96182e-44
1.12104e-44
5.88545e-44
-3.78351e-44
-2.07392e-43
9.10844e-44
6.83834e-43
-1.86373e-43
-2.21966e-42
1.70958e-43
6.97426e-42
8.98232e-43
-2.12647e-41
-7.49274e-42
6.27081e-41
3.77145e-41
-1.78042e-40
-1.58448e-40
4.82948e-40
5.99749e-40
-1.23646e-39
-2.10771e-39
2.92243e-39
6.97145e-39
-6.08255e-39
-2.1832e-38
9.71581e-39
6.48175e-38
-3.83803e-39
-1.81975e-37
-5.81661e-38
4.79701e-37
3.49652e-37
-1.17044e-36
-1.43579e-36
2.56671e-36
4.9808e-36
-4.70852e-36
-1.54378e-35
5.49431e-36
4.35184e-35
6.10834e-36
-1.11565e-34
-7.079e-35
2.55811e-34
3.13962e-34
-5.00112e-34
-1.07205e-33
7.12703e-34
3.12844e-33
-9.53189e-35
-7.9932e-33
-4.28818e-33
1.76638e-32
2.10577e-32
-3.16866e-32
-7.14161e-32
3.51729e-32
1.98077e-31
3.70414e-32
-4.62158e-31
-3.86333e-31
8.73936e-31
1.51008e-30
-1.10713e-30
-4.37787e-30
-3.23725e-31
1.0233e-29
7.88621e-30
-1.87012e-29
-3.19042e-29
2.09867e-29
8.99918e-29
1.74647e-29
-1.9662e-28
-1.89129e-28
3.13133e-28
6.75967e-28
-2.0682e-28
-1.69194e-27
-8.32072e-28
3.06778e-27
4.35583e-27
-2.92474e-27
-1.28097e-26
-5.08486e-27
2.83858e-26
3.40963e-26
-4.96871e-26
-9.25167e-26
6.3516e-26
1.09023e-25
