ordre_2
-1.4013e-45
-2.8026e-45
-2.8026e-45
-1.4013e-45
0
1.4013e-45
1.4013e-45
0
-1.4013e-45
-2.8026e-45
-2.8026e-45
-1.4013e-45
0
1.4013e-45
1.4013e-45
2.8026e-45
1.4013e-45
0
-1.4013e-45
-2.8026e-45
-4.2039e-45
-5.60519e-45
-5.60519e-45
-4.2039e-45
-2.8026e-45
-1.4013e-45
-1.4013e-45
-0
0
2.8026e-45
2.8026e-45
-8.40779e-45
-2.38221e-44
-2.8026e-45
3.78351e-44
-4.2039e-45
-1.30321e-43
-4.62428e-44
3.43318e-43
2.38221e-43
-8.84219e-43
-9.75304e-43
2.11596e-42
3.46961e-42
-4.56403e-42
-1.12734e-41
8.17658e-42
3.39955e-41
-8.65582e-42
-9.57101e-41
-1.63826e-41
2.50647e-40
1.51829e-40
-6.03148e-40
-6.72923e-40
1.29499e-39
2.37497e-39
-2.29928e-39
-7.32629e-39
2.47618e-39
2.03082e-38
3.67351e-39
-5.07092e-38
-3.54516e-38
1.11933e-37
1.49801e-37
-2.05757e-37
-4.92627e-37
2.51488e-37
1.38519e-36
1.46419e-37
-3.39531e-36
-2.32595e-36
7.11093e-36
9.9833e-36
-1.16395e-35
-3.16838e-35
9.18405e-36
8.33921e-35
3.00998e-35
-1.84364e-34
-1.92277e-34
3.23788e-34
6.77902e-34
-3.40173e-34
-1.84815e-33
-4.02103e-34
4.06618e-33
3.69894e-33
-6.71552e-33
-1.36096e-32
4.93396e-33
3.74972e-32
1.81609e-32
-8.532e-32
-1.02841e-31
1.63709e-31
3.04216e-31
-2.5591e-31
-5.50849e-31
2.31253e-31
