ordre_1
1.4013e-45
2.8026e-45
4.2039e-45
5.60519e-45
7.00649e-45
1.68156e-44
3.20897e-43
6.85515e-42
1.29212e-40
2.15183e-39
3.20452e-38
4.31029e-37
5.27996e-36
5.93126e-35
6.14635e-34
5.90542e-33
5.28405e-32
4.4203e-31
3.46895e-30
2.56174e-29
1.78506e-28
1.17659e-27
7.35243e-27
4.36466e-26
2.46602e-25
1.32835e-24
6.83256e-24
3.3608e-23
1.58298e-22
7.14878e-22
3.09897e-21
1.29096e-20
5.17321e-20
1.99611e-19
7.42301e-19
2.66272e-18
9.22091e-18
3.08508e-17
9.97988e-17
3.12364e-16
9.46608e-16
2.77933e-15
7.91133e-15
2.18457e-14
5.85535e-14
1.52429e-13
3.85626e-13
9.48629e-13
2.27043e-12
5.28997e-12
1.20055e-11
2.65547e-11
5.72793e-11
1.20561e-10
2.47767e-10
4.97485e-10
9.76571e-10
1.87547e-09
3.52621e-09
6.49552e-09
1.17316e-08
2.07912e-08
3.61852e-08
6.18972e-08
1.04151e-07
1.72537e-07
2.8164e-07
4.53378e-07
7.20342e-07
1.1305e-06
1.75377e-06
2.69123e-06
4.08764e-06
6.14869e-06
9.16417e-06
1.3539e-05
1.98344e-05
2.88211e-05
4.15493e-05
5.94373e-05
8.43833e-05
0.000118905
0.000166313
0.000230917
0.00031828
0.000435509
0.0005916
0.000797827
0.00106817
0.00141981
0.00187361
0.00245463
0.00319268
0.00412274
0.00528542
0.00672724
0.0085008
0.0106647
0.0132832
0.0164257
0.0201656
