ordre_2
7.36192e-28
-9.66387e-29
-6.54167e-27
2.85419e-29
3.18281e-26
3.78676e-27
-1.27759e-25
-3.523e-26
4.601e-25
2.17195e-25
-1.5273e-24
-1.0931e-24
4.70355e-24
4.8133e-24
-1.3358e-23
-1.91264e-23
3.42815e-23
6.96036e-23
-7.56582e-23
-2.33289e-22
1.23217e-22
7.19343e-22
-2.76418e-23
-2.0236e-21
-8.97499e-22
5.09263e-21
5.06352e-21
-1.0967e-20
-1.95106e-20
1.77947e-20
6.13463e-20
-9.04568e-21
-1.62865e-19
-8.0689e-20
3.57529e-19
4.41022e-19
-5.82545e-19
-1.4923e-18
3.45122e-19
3.85726e-18
2.07253e-18
-7.57144e-18
-1.08159e-17
9.04893e-18
3.24525e-17
6.15171e-18
-6.88399e-17
-7.32617e-17
9.03299e-17
2.43881e-16
2.17105e-17
-5.1495e-16
-5.30327e-16
6.06733e-16
1.72382e-15
4.03853e-16
-3.23476e-15
-4.11967e-15
2.49202e-15
1.10896e-14
6.60656e-15
-1.54507e-14
-3.00644e-14
-2.12197e-15
5.73053e-14
6.87309e-14
-3.36246e-14
-1.72129e-13
-1.36334e-13
1.67705e-13
4.58955e-13
2.39374e-13
-5.64301e-13
-1.14106e-12
-3.87935e-13
1.59258e-12
2.73472e-12
6.63017e-13
-4.0146e-12
-6.45424e-12
-1.52086e-12
9.21222e-12
1.51058e-11
4.8321e-12
-1.90706e-11
-3.47245e-11
-1.67885e-11
3.40229e-11
7.63845e-11
5.44366e-11
-4.51415e-11
-1.54163e-10
-1.55312e-10
1.1876e-11
2.65579e-10
3.84268e-10
1.5705e-10
-2.89676e-10
-7.89914e-10
-8.32563e-10
6.16585e-10
