ordre_2
-1.4013e-45
-2.8026e-45
-2.8026e-45
-1.4013e-45
0
1.4013e-45
1.4013e-45
0
-1.4013e-45
-2.8026e-45
-2.8026e-45
-1.4013e-45
0
1.4013e-45
1.4013e-45
2.8026e-45
1.4013e-45
0
-1.4013e-45
-2.8026e-45
-4.2039e-45
-5.60519e-45
-5.60519e-45
-4.2039e-45
-2.8026e-45
-1.4013e-45
-1.4013e-45
-0
-0
-1.4013e-45
-2.8026e-45
-4.2039e-45
-5.60519e-45
-7.00649e-45
-7.00649e-45
-5.60519e-45
-4.2039e-45
-2.8026e-45
-1.4013e-45
-1.4013e-45
-2.8026e-45
-4.2039e-45
-5.60519e-45
-7.00649e-45
-7.00649e-45
-8.40779e-45
-9.80909e-45
-1.12104e-44
-1.26117e-44
-1.4013e-44
-1.4013e-44
-1.4013e-44
-4.2039e-45
9.80909e-45
-2.8026e-45
-3.08286e-44
-4.2039e-45
7.56701e-44
2.38221e-44
-2.11596e-43
-1.84971e-43
4.41409e-43
6.68419e-43
-8.68805e-43
-2.16641e-42
1.22894e-42
6.22737e-42
-1.44334e-43
-1.62004e-41
-7.79963e-42
3.76683e-41
3.94578e-41
-7.55664e-41
-1.40553e-40
1.162e-40
4.19084e-40
-6.16431e-41
-1.09053e-39
-4.63331e-40
2.47414e-39
2.58785e-39
-4.69006e-39
-9.16101e-39
6.28902e-39
2.61348e-38
1.32075e-40
-6.26953e-38
-3.94933e-38
1.23098e-37
1.80274e-37
-1.69808e-37
-5.84128e-37
1.55765e-38
1.57938e-36
8.95956e-37
-3.70429e-36
-3.66351e-36
7.41295e-36
8.90697e-36
-1.09781e-35
-1.01314e-35
