ordre_2
5.30799e-38
9.62562e-38
-4.69609e-37
-5.95032e-37
2.26684e-36
2.80005e-36
-9.00901e-36
-1.18133e-35
3.21248e-35
4.68057e-35
-1.05871e-34
-1.77165e-34
3.25586e-34
6.44927e-34
-9.32424e-34
-2.26293e-33
2.45137e-33
7.65367e-33
-5.70099e-33
-2.49168e-32
1.0538e-32
7.78677e-32
-8.37269e-33
-2.32595e-31
-4.98903e-32
6.59672e-31
3.70963e-31
-1.7575e-30
-1.70194e-30
4.31739e-30
6.46626e-30
-9.42236e-30
-2.18179e-29
1.66062e-29
6.69382e-29
-1.49815e-29
-1.87713e-28
-4.86378e-29
4.77422e-28
3.65985e-28
-1.07375e-27
-1.51728e-27
1.99626e-27
5.0165e-27
-2.37694e-27
-1.42091e-26
-2.10434e-27
3.48234e-26
2.60994e-26
-7.15562e-26
-1.09456e-25
1.08815e-25
3.4016e-25
-4.59048e-26
-8.62166e-25
-4.68409e-25
1.76633e-24
2.35377e-24
-2.57225e-24
-7.44903e-24
6.92823e-25
1.80823e-23
1.18743e-23
-3.32383e-23
-5.30952e-23
3.55555e-23
1.50152e-22
3.84552e-23
-3.10887e-22
-3.41587e-22
4.18016e-22
1.117e-21
1.46263e-23
-2.46909e-21
-2.17696e-21
3.51931e-21
7.89197e-21
-5.778e-22
-1.76309e-20
-1.49358e-20
2.3988e-20
5.43953e-20
5.10883e-22
-1.14606e-19
-1.11677e-19
1.31028e-19
3.6142e-19
8.9007e-20
-6.57169e-19
-8.54326e-19
4.83122e-19
2.23556e-18
1.28563e-18
-3.01864e-18
-5.72521e-18
-8.47635e-19
1.16326e-17
1.56697e-17
-1.3811e-17
-3.72953e-17
7.87452e-18
