ordre_1
1.77231e-13
4.36706e-12
5.19988e-11
3.99055e-10
2.22244e-09
9.59633e-09
3.35532e-08
9.81092e-08
2.46342e-07
5.43961e-07
1.08071e-06
1.97544e-06
3.39379e-06
5.58366e-06
8.92746e-06
1.40076e-05
2.16872e-05
3.3216e-05
5.03745e-05
7.56694e-05
0.000112592
0.000165951
0.00024229
0.000350412
0.000502006
0.000712402
0.00100145
0.0013945
0.00192353
0.00262824
0.0035573
0.00476941
0.00633428
0.00833336
0.0108601
0.0140196
0.0179278
0.0227096
0.028496
0.03542
0.0436118
0.0531926
0.0642673
0.0769167
0.0911892
0.107092
0.124585
0.143571
0.163892
0.185329
0.207597
0.230352
0.253196
0.275686
0.297348
0.317695
0.336239
0.352517
0.366104
0.376638
0.383828
0.387474
0.387474
0.383828
0.376638
0.366104
0.352517
0.336239
0.317695
0.297348
0.275686
0.253196
0.230352
0.207597
0.185329
0.163892
0.143571
0.124585
0.107092
0.0911892
0.0769167
0.0642673
0.0531926
0.0436118
0.03542
0.028496
0.0227096
0.0179278
0.0140196
0.0108601
0.00833336
0.00633428
0.0047694
0.00355729
0.00262824
0.00192352
0.0013945
0.00100145
0.000712401
0.000502005
0.000350412
