ordre_2
-1.4013e-45
-2.8026e-45
-2.8026e-45
-1.4013e-45
0
1.4013e-45
1.4013e-45
0
-1.4013e-45
-2.8026e-45
-2.8026e-45
-1.4013e-45
0
1.4013e-45
1.4013e-45
2.8026e-45
1.4013e-45
0
-1.4013e-45
-2.8026e-45
-4.2039e-45
-5.60519e-45
-5.60519e-45
-4.2039e-45
-2.8026e-45
-1.4013e-45
-1.4013e-45
-0
-0
-1.4013e-45
-2.8026e-45
-4.2039e-45
-5.60519e-45
-7.00649e-45
-7.00649e-45
-5.60519e-45
-4.2039e-45
-2.8026e-45
-1.4013e-45
-1.4013e-45
-2.8026e-45
-4.2039e-45
-5.60519e-45
-7.00649e-45
-7.00649e-45
-8.40779e-45
-9.80909e-45
-1.12104e-44
-1.26117e-44
-1.4013e-44
-1.4013e-44
-1.4013e-44
-1.26117e-44
-1.12104e-44
-1.12104e-44
-1.82169e-44
-2.38221e-44
-1.68156e-44
5.60519e-45
2.8026e-45
-3.78351e-44
-3.78351e-44
8.26766e-44
1.34525e-43
-1.58347e-43
-4.35804e-43
1.86373e-43
1.19531e-42
6.72623e-44
-3.08146e-42
-1.732e-42
7.03031e-42
8.04766e-42
-1.37776e-41
-2.78046e-41
2.0082e-41
8.1407e-41
-5.99896e-42
-2.09086e-40
-1.02277e-40
4.68748e-40
5.22072e-40
-8.747e-40
-1.79166e-39
1.12475e-39
5.01052e-39
2.78826e-40
-1.18136e-38
-8.39486e-39
2.27939e-38
3.73299e-38
-3.09747e-38
-1.20972e-37
4.51829e-39
3.28242e-37
1.4123e-37
-7.62038e-37
-5.32618e-37
1.42594e-36
1.04554e-36
-1.44757e-36
