ordre_1
1.4013e-45
2.8026e-45
4.2039e-45
5.60519e-45
7.00649e-45
8.40779e-45
9.80909e-45
1.12104e-44
1.26117e-44
1.4013e-44
1.54143e-44
1.68156e-44
1.82169e-44
1.96182e-44
2.10195e-44
2.24208e-44
2.38221e-44
2.52234e-44
4.90454e-44
2.99878e-43
2.71712e-42
2.4831e-41
2.16777e-40
1.80223e-39
1.42876e-38
1.08189e-37
7.83721e-37
5.43915e-36
3.62143e-35
2.31609e-34
1.4245e-33
8.4349e-33
4.81337e-32
2.64965e-31
1.40828e-30
7.23303e-30
3.59276e-29
1.72719e-28
8.04211e-28
3.62919e-27
1.58833e-26
6.74567e-26
2.78176e-25
1.11446e-24
4.33999e-24
1.64367e-23
6.05691e-23
2.17271e-22
7.59033e-22
2.58354e-21
8.57124e-21
2.77282e-20
8.75015e-20
2.69457e-19
8.10027e-19
2.37794e-18
6.81931e-18
1.91102e-17
5.23502e-17
1.40229e-16
3.67419e-16
9.41945e-16
2.36354e-15
5.80638e-15
1.39697e-14
3.29257e-14
7.60476e-14
1.72174e-13
3.82223e-13
8.3227e-13
1.77807e-12
3.72827e-12
7.67506e-12
1.55173e-11
3.08221e-11
6.01686e-11
1.15477e-10
2.17973e-10
4.04818e-10
7.40011e-10
1.33204e-09
2.36199e-09
4.12773e-09
7.11233e-09
1.20886e-08
2.02773e-08
3.35825e-08
5.49406e-08
8.88293e-08
1.42006e-07
2.24565e-07
3.51447e-07
5.44564e-07
8.35769e-07
1.27099e-06
1.91589e-06
2.86364e-06
4.24535e-06
6.24414e-06
9.11378e-06
1.32032e-05
