ordre_2
-4.26858e-33
2.83197e-32
3.93949e-32
-1.64596e-31
-2.0616e-31
7.00725e-31
9.17655e-31
-2.57959e-30
-3.76352e-30
8.60645e-30
1.4589e-29
-2.63842e-29
-5.3935e-29
7.40266e-29
1.90654e-28
-1.85629e-28
-6.44092e-28
3.88556e-28
2.07434e-27
-5.17852e-28
-6.33953e-27
-6.50253e-28
1.8249e-26
8.67257e-27
-4.88713e-26
-4.42152e-26
1.19081e-25
1.7454e-25
-2.51947e-25
-5.94617e-25
4.05304e-25
1.80453e-24
-1.84294e-25
-4.90078e-24
-2.10124e-24
1.17267e-23
1.19928e-23
-2.35284e-23
-4.45421e-23
3.35142e-23
1.33391e-22
-1.3156e-24
-3.3462e-22
-2.14081e-22
6.84491e-22
9.87833e-22
-9.88113e-22
-3.08604e-21
1.72304e-22
7.50498e-21
5.147e-21
-1.38447e-20
-2.26789e-20
1.46302e-20
6.41247e-20
1.78272e-20
-1.32217e-19
-1.50057e-19
1.7276e-19
4.84475e-19
3.331e-20
-1.04603e-18
-1.0037e-18
1.38877e-18
3.45566e-18
1.89252e-19
-7.26245e-18
-7.29677e-18
8.43731e-18
2.36321e-17
5.5257e-18
-4.38631e-17
-5.56575e-17
3.38248e-17
1.49035e-16
8.62732e-17
-2.11254e-16
-3.98694e-16
-5.74098e-18
7.87544e-16
8.76144e-16
-5.77532e-16
-2.36023e-15
-1.5474e-15
2.79237e-15
6.19349e-15
1.87838e-15
-9.55362e-15
-1.48529e-14
1.27869e-16
2.77793e-14
3.38485e-14
-9.91467e-15
-7.47749e-14
-7.22449e-14
3.90065e-14
1.75657e-13
1.92689e-13
-1.34646e-13
-5.40517e-13
-3.83276e-14
