ordre_2
-5.19244e-14
-9.27712e-14
4.24871e-13
6.42372e-13
-1.69797e-12
-3.29297e-12
4.54594e-12
1.36813e-11
-5.95073e-12
-4.5415e-11
-1.66931e-11
1.12093e-10
1.41112e-10
-1.57109e-10
-5.02148e-10
-1.42659e-10
1.00613e-09
1.46542e-09
-4.39049e-10
-3.63276e-09
-3.8017e-09
2.10603e-09
1.02703e-08
1.08619e-08
-2.54133e-09
-2.3186e-08
-3.24018e-08
-1.3966e-08
2.96062e-08
7.35595e-08
8.47151e-08
4.28131e-08
-4.59757e-08
-1.51754e-07
-2.35973e-07
-2.67611e-07
-2.30685e-07
-1.20268e-07
6.96379e-08
3.61277e-07
8.0864e-07
1.5143e-06
2.65153e-06
4.49723e-06
7.48194e-06
1.22643e-05
1.98385e-05
3.1686e-05
4.99835e-05
7.78845e-05
0.000119892
0.000182345
0.00027403
0.000406952
0.000597267
0.000866389
0.00124226
0.00176076
0.00246721
0.00341795
0.00468173
0.00634102
0.00849283
0.011249
0.0147356
0.0190915
0.0244657
0.0310129
0.0388882
0.0482401
0.0592014
0.0718808
0.0863514
0.102641
0.120724
0.140506
0.161828
0.18445
0.208063
0.232281
0.256658
0.280694
0.303853
0.325582
0.345335
0.362592
0.376882
0.387809
0.395065
0.398447
0.397866
0.393348
0.385045
0.373189
0.358197
0.340249
0.320715
0.29699
0.280559
0.233992
0.288182
