ordre_2
-2.73469e-14
-1.42159e-13
2.03568e-13
8.53352e-13
-6.20967e-13
-3.67471e-12
4.64426e-13
1.27095e-11
6.34432e-12
-3.42061e-11
-4.35621e-11
6.01707e-11
1.67507e-10
-2.14652e-12
-4.17695e-10
-4.21066e-10
5.17924e-10
1.53125e-09
6.74342e-10
-2.414e-09
-4.47682e-09
-1.1299e-09
7.13474e-09
1.23154e-08
5.06546e-09
-1.42922e-08
-3.12504e-08
-2.63259e-08
7.77249e-09
5.56826e-08
8.57695e-08
6.9625e-08
5.42396e-10
-1.0156e-07
-2.00436e-07
-2.60363e-07
-2.58335e-07
-1.85412e-07
-3.80315e-08
1.95992e-07
5.52672e-07
1.10752e-06
1.99436e-06
3.43201e-06
5.76488e-06
9.52412e-06
1.55173e-05
2.4956e-05
3.96343e-05
6.21707e-05
9.6333e-05
0.000147465
0.000223033
0.000333317
0.000492259
0.000718485
0.0010365
0.00147801
0.00208345
0.00290345
0.0040004
0.00544981
0.00734138
0.0097796
0.0128836
0.0167863
0.021632
0.0275733
0.034766
0.0433629
0.053506
0.0653172
0.0788886
0.0942724
0.11147
0.130423
0.151004
0.173015
0.196181
0.220152
0.244513
0.268786
0.292452
0.314965
0.335771
0.354334
0.370158
0.382805
0.391922
0.397252
0.398648
0.39608
0.389641
0.379509
0.366063
0.349422
0.331006
0.307941
0.292542
0.244681
0.303884
