ordre_2
-1.4013e-45
-2.8026e-45
-2.8026e-45
-1.4013e-45
0
1.4013e-45
1.4013e-45
0
-1.4013e-45
-2.8026e-45
-2.8026e-45
-1.4013e-45
0
1.4013e-45
1.4013e-45
2.8026e-45
1.4013e-45
0
-1.4013e-45
-2.8026e-45
-4.2039e-45
-5.60519e-45
-5.60519e-45
-4.2039e-45
-2.8026e-45
-1.4013e-45
-1.4013e-45
-0
-0
-1.4013e-45
-2.8026e-45
-4.2039e-45
-5.60519e-45
-7.00649e-45
-7.00649e-45
-5.60519e-45
-4.2039e-45
-2.8026e-45
-1.4013e-45
-1.4013e-45
-2.8026e-45
-4.2039e-45
-5.60519e-45
-7.00649e-45
-7.00649e-45
-8.40779e-45
-9.80909e-45
-1.12104e-44
-1.26117e-44
-1.4013e-44
-1.4013e-44
-1.4013e-44
-1.26117e-44
-1.12104e-44
-9.80909e-45
-8.40779e-45
-8.40779e-45
-9.80909e-45
-1.68156e-44
-2.52234e-44
-1.26117e-44
9.80909e-45
-2.8026e-45
-5.88545e-44
-4.06377e-44
1.24716e-43
1.59748e-43
-2.52234e-43
-5.45105e-43
3.69943e-43
1.56665e-42
-1.93379e-43
-4.15065e-42
-1.66895e-42
9.70399e-42
9.39711e-42
-1.96056e-41
-3.45532e-41
3.05974e-41
1.0438e-40
-1.89343e-41
-2.73047e-40
-1.05694e-40
6.18422e-40
6.10397e-40
-1.15389e-39
-2.15678e-39
1.43216e-39
6.1168e-39
7.33451e-40
-1.47416e-38
-1.26217e-38
3.03659e-38
5.35732e-38
-5.22009e-38
-1.63772e-37
7.0622e-38
3.91495e-37
-6.69236e-38
-6.4587e-37
3.33871e-38
