ordre_2
3.68962e-41
-2.44403e-40
-3.38337e-40
1.43225e-39
1.75149e-39
-6.18865e-39
-7.70387e-39
2.33191e-38
3.1297e-38
-8.05553e-38
-1.20839e-37
2.60003e-37
4.48521e-37
-7.88453e-37
-1.60786e-36
2.23831e-36
5.57518e-36
-5.86401e-36
-1.86958e-35
1.36907e-35
6.05528e-35
-2.585e-35
-1.88972e-34
2.40136e-35
5.6615e-34
1.01029e-34
-1.61925e-33
-8.18987e-34
4.38291e-33
3.86145e-33
-1.10651e-32
-1.49779e-32
2.53554e-32
5.16612e-32
-4.95763e-32
-1.62806e-31
6.71263e-32
4.72802e-31
2.77122e-32
-1.2621e-30
-6.60509e-31
3.05292e-30
3.23428e-30
-6.45598e-30
-1.17609e-29
1.07973e-29
3.62611e-29
-8.46749e-30
-9.79672e-29
-3.28857e-29
2.31048e-28
2.16778e-28
-4.55897e-28
-8.16837e-28
6.4377e-28
2.42968e-27
-7.07887e-29
-6.03348e-27
-3.72796e-27
1.22844e-26
1.72436e-26
-1.80612e-26
-5.39013e-26
5.81519e-27
1.3269e-25
8.09807e-26
-2.55043e-25
-3.77608e-25
3.16898e-25
1.11891e-24
1.16712e-25
-2.49553e-24
-2.21605e-24
3.96467e-24
8.21946e-24
-2.35429e-24
-2.04935e-23
-1.16474e-23
3.6152e-23
5.65202e-23
-3.19821e-23
-1.52493e-22
-6.24992e-23
2.78689e-22
3.83949e-22
-2.58271e-22
-1.06524e-21
-4.25649e-22
1.90177e-21
2.68073e-21
-1.56955e-21
-7.03336e-21
-3.39354e-21
1.07525e-20
1.8512e-20
-2.44572e-21
-4.76562e-20
-3.85811e-20
8.3266e-20
1.04373e-19
-7.73658e-20
