ordre_1
-2.00656e-08
-1.47379e-07
-1.27308e-07
2.01896e-08
1.48669e-07
1.35926e-07
2.14621e-08
7.1331e-09
3.36025e-07
1.17744e-06
2.62545e-06
4.80473e-06
7.9987e-06
1.27364e-05
1.98469e-05
3.05309e-05
4.64859e-05
7.0097e-05
0.000104693
0.000154876
0.000226933
0.000329351
0.000473444
0.000674103
0.000950677
0.00132797
0.00183736
0.00251796
0.00341785
0.00459524
0.00611947
0.00807179
0.0105457
0.0136469
0.0174922
0.0222078
0.0279267
0.0347844
0.0429143
0.0524412
0.0634739
0.0760975
0.0903647
0.106287
0.123827
0.142891
0.163322
0.184902
0.207343
0.2303
0.253367
0.276097
0.298007
0.3186
0.33738
0.353873
0.367646
0.378326
0.385618
0.389317
0.389317
0.385618
0.378326
0.367646
0.353873
0.33738
0.3186
0.298007
0.276097
0.253367
0.230299
0.207343
0.184902
0.163322
0.142891
0.123827
0.106287
0.0903647
0.0760975
0.0634739
0.0524412
0.0429143
0.0347844
0.0279267
0.0222078
0.0174922
0.0136469
0.0105457
0.00807179
0.00611947
0.00459524
0.00341785
0.00251796
0.00183736
0.00132797
0.000950677
0.000674103
0.000473444
0.000329351
0.000226933
0.000154876
