ordre_1
8.45102e-20
3.85709e-18
8.62719e-17
1.26068e-15
1.3538e-14
1.1395e-13
7.83075e-13
4.51939e-12
2.23652e-11
9.64383e-11
3.67041e-10
1.24633e-09
3.81095e-09
1.05807e-08
2.68784e-08
6.29367e-08
1.36827e-07
2.78235e-07
5.33218e-07
9.70541e-07
1.69093e-06
2.84142e-06
4.63761e-06
7.39695e-06
1.15862e-05
1.78867e-05
2.72821e-05
4.11745e-05
6.15375e-05
9.11153e-05
0.00013368
0.000194355
0.000280024
0.000399823
0.000565741
0.000793312
0.00110242
0.0015182
0.00207201
0.00280241
0.00375622
0.00498944
0.00656799
0.0085683
0.0110774
0.0141927
0.0180208
0.0226759
0.0282774
0.0349461
0.0427998
0.0519481
0.0624858
0.0744867
0.0879958
0.103022
0.119532
0.137444
0.156622
0.176876
0.197956
0.219562
0.241342
0.262904
0.283823
0.303659
0.321968
0.33832
0.352315
0.363598
0.371878
0.376937
0.378638
0.376937
0.371878
0.363598
0.352315
0.33832
0.321968
0.303659
0.283823
0.262904
0.241342
0.219562
0.197956
0.176876
0.156622
0.137444
0.119532
0.103022
0.0879958
0.0744867
0.0624858
0.051948
0.0427998
0.0349461
0.0282774
0.0226759
0.0180208
0.0141927
0.0110774
