ordre_2
6.72361e-33
3.64178e-32
-5.80544e-32
-2.18774e-31
2.66068e-31
9.84064e-31
-9.69143e-31
-3.9147e-30
3.0069e-30
1.44623e-29
-7.87286e-30
-5.05484e-29
1.55969e-29
1.68286e-28
-9.71922e-30
-5.34057e-28
-1.1389e-28
1.61008e-27
8.29344e-28
-4.57626e-27
-3.97543e-27
1.2093e-26
1.59306e-26
-2.89383e-26
-5.68118e-26
5.91145e-26
1.84372e-25
-8.50746e-26
-5.47701e-25
-1.9023e-26
1.48147e-24
7.75824e-25
-3.58071e-24
-3.91536e-24
7.37942e-24
1.42871e-23
-1.1237e-23
-4.33706e-23
3.45221e-24
1.12674e-22
6.02935e-23
-2.45725e-22
-3.07819e-22
4.09106e-22
1.03163e-21
-3.01774e-22
-2.7202e-21
-1.18857e-21
5.68326e-21
6.99322e-21
-8.2813e-21
-2.27541e-20
1.89211e-21
5.44526e-20
3.88988e-20
-9.37883e-20
-1.65762e-19
7.50119e-20
4.3742e-19
2.06592e-19
-7.95431e-19
-1.15872e-18
7.16012e-19
3.18405e-18
1.36449e-18
-5.61462e-18
-8.21814e-18
4.1551e-18
2.14547e-17
1.21949e-17
-3.29338e-17
-5.83651e-17
9.16685e-18
1.29574e-16
1.15354e-16
-1.42909e-16
-3.84473e-16
-1.2384e-16
6.34389e-16
9.38632e-16
-2.1701e-16
-2.08373e-15
-1.92153e-15
1.85616e-15
5.83271e-15
3.20278e-15
-7.36425e-15
-1.4754e-14
-3.69865e-15
2.3093e-14
3.49093e-14
2.4394e-16
-6.45336e-14
-7.99895e-14
1.86304e-14
1.58673e-13
1.81919e-13
-3.15348e-14
-4.73835e-13
-3.85057e-13
4.74958e-13
