ordre_2
5.47926e-16
-1.18898e-15
-4.95372e-15
5.67922e-15
2.45878e-14
-1.54538e-14
-9.84701e-14
1.29894e-14
3.3507e-13
1.32275e-13
-9.51582e-13
-9.73163e-13
2.07833e-12
4.15601e-12
-2.48528e-12
-1.2839e-11
-4.37392e-12
2.80512e-11
3.63468e-11
-3.14687e-11
-1.15405e-10
-4.89864e-11
2.01705e-10
3.3124e-10
-4.23991e-11
-7.34453e-10
-8.19476e-10
4.11945e-10
2.12439e-09
2.07121e-09
-1.08794e-09
-5.30335e-09
-5.74883e-09
7.17813e-10
1.09147e-08
1.57535e-08
7.10114e-09
-1.38224e-08
-3.40903e-08
-3.62497e-08
-1.08109e-08
3.49309e-08
7.8464e-08
9.34283e-08
6.36262e-08
-8.64614e-09
-1.03957e-07
-1.94703e-07
-2.55845e-07
-2.71835e-07
-2.37112e-07
-1.50826e-07
-8.07024e-09
2.10392e-07
5.49578e-07
1.09456e-06
1.99087e-06
3.47548e-06
5.9241e-06
9.92185e-06
1.63664e-05
2.66146e-05
4.26864e-05
6.75424e-05
0.000105455
0.000162493
0.000247151
0.000371128
0.000550277
0.000805744
0.00116527
0.00166467
0.00234937
0.00327606
0.00451414
0.00614708
0.00827323
0.0110062
0.0144742
0.0188185
0.0241908
0.0307483
0.0386487
0.0480423
0.0590635
0.0718211
0.0863878
0.10279
0.120996
0.140909
0.162365
0.185109
0.208857
0.233101
0.257759
0.281153
0.306399
0.321651
0.360896
0.319034
0.509183
