ordre_1
1.4013e-45
5.60519e-45
3.18095e-43
1.42064e-41
4.74977e-40
1.26129e-38
2.77083e-37
5.17937e-36
8.40915e-35
1.20464e-33
1.54159e-32
1.78005e-31
1.86998e-30
1.79966e-29
1.59608e-28
1.31108e-27
1.00193e-26
7.15088e-26
4.78286e-25
3.00711e-24
1.7821e-23
9.97964e-23
5.29258e-22
2.66365e-21
1.27455e-20
5.80834e-20
2.52494e-19
1.04855e-18
4.16549e-18
1.585e-17
5.78359e-17
2.0261e-16
6.82148e-16
2.20947e-15
6.89133e-15
2.07168e-14
6.00797e-14
1.68224e-13
4.55155e-13
1.19095e-12
3.016e-12
7.39802e-12
1.75906e-11
4.05758e-11
9.08689e-11
1.97729e-10
4.18396e-10
8.61642e-10
1.72848e-09
3.38053e-09
6.45195e-09
1.20282e-08
2.19253e-08
3.91178e-08
6.83833e-08
1.17259e-07
1.97444e-07
3.26833e-07
5.32447e-07
8.54603e-07
1.35283e-06
2.11416e-06
3.26473e-06
4.98571e-06
7.53518e-06
1.12777e-05
1.67237e-05
2.45823e-05
3.58292e-05
5.17955e-05
7.42806e-05
0.000105695
0.000149235
0.000209102
0.000290765
0.00040127
0.000549604
0.00074712
0.001008
0.00134979
0.00179394
0.0023664
0.00309817
0.0040259
0.00519231
0.00664662
0.00844468
0.010649
0.0133284
0.0165574
0.020415
0.0249836
0.0303463
0.036585
0.0437773
0.0519927
0.0612893
0.0717095
0.0832756
0.0959862
0.109812
