ordre_2
-5.79163e-24
-3.11396e-23
4.87396e-23
1.87144e-22
-2.10681e-22
-8.39177e-22
6.86269e-22
3.29965e-21
-1.6995e-21
-1.1873e-20
2.35788e-21
3.95367e-20
5.55201e-21
-1.21501e-19
-6.29864e-20
3.39893e-19
3.30724e-19
-8.39789e-19
-1.34297e-18
1.70515e-18
4.61772e-18
-2.18743e-18
-1.37354e-17
-2.17314e-18
3.49548e-17
2.76123e-17
-7.21755e-17
-1.18765e-16
9.95842e-17
3.66763e-16
2.40365e-17
-8.75052e-16
-7.36566e-16
1.49888e-15
2.96018e-15
-1.01999e-15
-7.70647e-15
-4.4248e-15
1.34553e-14
2.22226e-14
-9.01135e-15
-5.73125e-14
-3.62591e-14
8.70969e-14
1.65217e-13
-1.30672e-14
-3.58007e-13
-3.55298e-13
3.45378e-13
1.09999e-12
5.43236e-13
-1.56123e-12
-2.8751e-12
-3.47428e-13
5.11854e-12
6.86345e-12
-1.2232e-12
-1.43484e-11
-1.58673e-11
5.96437e-12
3.65234e-11
3.73018e-11
-1.52953e-11
-8.63158e-11
-9.11286e-11
2.3175e-11
1.88211e-10
2.26903e-10
9.01097e-12
-3.63625e-10
-5.46621e-10
-2.16379e-10
5.57519e-10
1.18725e-09
9.30906e-10
-4.22094e-10
-2.09919e-09
-2.65433e-09
-1.02834e-09
2.34148e-09
5.3218e-09
5.24682e-09
8.8941e-10
-6.10007e-09
-1.15205e-08
-1.08894e-08
-2.46762e-09
1.08627e-08
2.22995e-08
2.43603e-08
1.30728e-08
-9.16854e-09
-3.38045e-08
-4.93284e-08
-4.6687e-08
-2.22864e-08
1.60648e-08
6.31272e-08
8.71707e-08
1.13845e-07
7.58367e-08
