ordre_1
1.4013e-45
2.8026e-45
4.2039e-45
5.60519e-45
7.00649e-45
8.40779e-45
9.80909e-45
1.12104e-44
1.26117e-44
1.4013e-44
1.54143e-44
1.68156e-44
1.82169e-44
1.96182e-44
2.10195e-44
2.24208e-44
2.38221e-44
2.52234e-44
2.66247e-44
2.8026e-44
2.94273e-44
3.08286e-44
3.22299e-44
3.36312e-44
3.50325e-44
3.64338e-44
3.78351e-44
3.92364e-44
4.06377e-44
4.2039e-44
4.34403e-44
4.48416e-44
4.62428e-44
4.76441e-44
4.90454e-44
5.04467e-44
5.1848e-44
5.32493e-44
5.46506e-44
5.60519e-44
5.74532e-44
5.88545e-44
6.02558e-44
6.16571e-44
6.30584e-44
6.44597e-44
6.5861e-44
6.72623e-44
6.86636e-44
7.00649e-44
7.14662e-44
7.28675e-44
7.42688e-44
7.56701e-44
7.70714e-44
7.84727e-44
7.9874e-44
8.12753e-44
8.26766e-44
8.40779e-44
8.54792e-44
8.68805e-44
8.82818e-44
8.96831e-44
9.10844e-44
9.24857e-44
9.3887e-44
9.52883e-44
9.66896e-44
9.80909e-44
9.94922e-44
1.00893e-43
1.02295e-43
1.03696e-43
1.24716e-43
2.29813e-43
6.76827e-43
2.55597e-42
1.03094e-41
4.17867e-41
1.67577e-40
6.6254e-40
2.58048e-39
9.90039e-39
3.74202e-38
1.39353e-37
5.11375e-37
1.8494e-36
6.59243e-36
2.31653e-35
8.0253e-35
2.74136e-34
9.23428e-34
3.06776e-33
1.00524e-32
3.24936e-32
1.03621e-31
3.26038e-31
1.01229e-30
3.10168e-30
9.37974e-30
