ordre_1
1.4013e-45
2.8026e-45
4.2039e-45
5.60519e-45
7.00649e-45
8.40779e-45
9.80909e-45
1.12104e-44
1.26117e-44
1.4013e-44
1.54143e-44
1.68156e-44
1.82169e-44
1.96182e-44
2.10195e-44
2.24208e-44
2.38221e-44
2.52234e-44
2.66247e-44
2.8026e-44
2.94273e-44
3.64338e-44
1.30321e-43
9.5008e-43
7.84307e-42
6.32826e-41
4.8978e-40
3.63377e-39
2.58727e-38
1.77006e-37
1.16495e-36
7.3836e-36
4.5115e-35
2.66e-34
1.51475e-33
8.3381e-33
4.44027e-32
2.28927e-31
1.1435e-30
5.53768e-30
2.60163e-29
1.18648e-28
5.25554e-28
2.26237e-27
9.46947e-27
3.85588e-26
1.52816e-25
5.89738e-25
2.21712e-24
8.1235e-24
2.90202e-23
1.01118e-22
3.43794e-22
1.14095e-21
3.69729e-21
1.17031e-20
3.61965e-20
1.09425e-19
3.23436e-19
9.35008e-19
2.6444e-18
7.31899e-18
1.98295e-17
5.26054e-17
1.36687e-16
3.47954e-16
8.68025e-16
2.12263e-15
5.08935e-15
1.19678e-14
2.76086e-14
6.24987e-14
1.3887e-13
3.02953e-13
6.49069e-13
1.36609e-12
2.82526e-12
5.74329e-12
1.14792e-11
2.25656e-11
4.36416e-11
8.30642e-11
1.55644e-10
2.87212e-10
5.22134e-10
9.35464e-10
1.65235e-09
2.87856e-09
4.94786e-09
8.39472e-09
1.40643e-08
2.32776e-08
3.80755e-08
6.15778e-08
9.85043e-08
1.55926e-07
2.44337e-07
3.7917e-07
5.82933e-07
8.88167e-07
1.34155e-06
