ordre_2
1.30945e-12
-2.82629e-12
-1.18999e-11
1.0827e-11
5.76304e-11
-9.13938e-12
-2.06346e-10
-1.21524e-10
5.20102e-10
8.05988e-10
-6.12904e-10
-2.68927e-09
-1.50689e-09
4.46013e-09
8.95294e-09
2.32895e-09
-1.51365e-08
-2.66847e-08
-1.19014e-08
3.00349e-08
7.08717e-08
7.06557e-08
8.7299e-09
-9.79833e-08
-2.03235e-07
-2.56791e-07
-2.25804e-07
-9.80627e-08
1.32196e-07
4.86284e-07
1.02252e-06
1.85585e-06
3.18047e-06
5.30308e-06
8.69435e-06
1.40658e-05
2.24806e-05
3.55079e-05
5.54344e-05
8.55485e-05
0.000130513
0.00019685
0.000293549
0.000432827
0.000631048
0.000909806
0.00129717
0.00182906
0.00255075
0.0035183
0.00480004
0.00647776
0.00864749
0.0114199
0.0149195
0.0192837
0.0246594
0.0311997
0.0390578
0.0483807
0.0593005
0.0719253
0.0863288
0.10254
0.120535
0.140225
0.161452
0.183985
0.207515
0.231666
0.255994
0.280004
0.303164
0.324924
0.344735
0.362077
0.376477
0.387533
0.39493
0.39846
0.398024
0.393646
0.385462
0.37372
0.358765
0.341019
0.320969
0.299137
0.276063
0.252282
0.228302
0.204593
0.181565
0.159566
0.13888
0.119689
0.10223
0.086185
0.0730785
0.0571117
0.0600145
