ordre_2
1.28631e-17
-2.79519e-17
-1.1618e-16
1.39634e-16
5.78598e-16
-4.30381e-16
-2.35594e-15
7.32067e-16
8.35826e-15
1.1843e-15
-2.58776e-14
-1.67709e-14
6.76475e-14
8.79846e-14
-1.35538e-13
-3.30943e-13
1.33068e-13
9.65474e-13
4.00182e-13
-2.10559e-12
-2.75132e-12
2.68365e-12
8.95119e-12
2.18248e-12
-1.82915e-11
-2.33007e-11
1.60027e-11
6.74567e-11
4.04661e-11
-9.46555e-11
-1.93176e-10
-4.06571e-11
3.32087e-10
4.96407e-10
4.36708e-12
-9.2641e-10
-1.25461e-09
-4.32204e-11
2.17806e-09
3.1946e-09
9.07355e-10
-4.06884e-09
-7.68309e-09
-5.18779e-09
4.24272e-09
1.50167e-08
1.78025e-08
6.38647e-09
-1.61522e-08
-3.70848e-08
-4.07511e-08
-1.84813e-08
2.46401e-08
7.06097e-08
9.65816e-08
8.55647e-08
3.4025e-08
-4.70296e-08
-1.37114e-07
-2.14204e-07
-2.61579e-07
-2.70887e-07
-2.40852e-07
-1.72577e-07
-6.28845e-08
1.03507e-07
3.63274e-07
7.86876e-07
1.49702e-06
2.69753e-06
4.71815e-06
8.08205e-06
1.36046e-05
2.25346e-05
3.67533e-05
5.90496e-05
9.34914e-05
0.000145915
0.000224552
0.000340822
0.000510304
0.000753896
0.00109917
0.00158186
0.00224752
0.0031531
0.00436866
0.00597833
0.00808229
0.0107939
0.0142486
0.0185747
0.0239693
0.0304687
0.0385811
0.0474845
0.0600095
0.0688849
0.0941836
0.0822907
0.175515
