ordre_1
1.17281e-36
1.19206e-34
6.00096e-33
1.99485e-31
4.92596e-30
9.63737e-29
1.55602e-27
2.13237e-26
2.53182e-25
2.64567e-24
2.46342e-23
2.06435e-22
1.56981e-21
1.09078e-20
6.96646e-20
4.11028e-19
2.25028e-18
1.14761e-17
5.47064e-17
2.44518e-16
1.02758e-15
4.0705e-15
1.52336e-14
5.39761e-14
1.81424e-13
5.79532e-13
1.76238e-12
5.11054e-12
1.41534e-11
3.74919e-11
9.51342e-11
2.31574e-10
5.41531e-10
1.21835e-09
2.64103e-09
5.52446e-09
1.11686e-08
2.18577e-08
4.148e-08
7.64655e-08
1.37175e-07
2.39928e-07
4.09936e-07
6.85508e-07
1.12408e-06
1.81078e-06
2.87059e-06
4.48541e-06
6.91781e-06
1.05438e-05
1.58972e-05
2.37296e-05
3.50889e-05
5.14232e-05
7.47132e-05
0.000107642
0.000153807
0.000217981
0.000306435
0.000427316
0.000591097
0.000811098
0.00110407
0.00149083
0.00199697
0.00265356
0.00349782
0.00457385
0.00593309
0.00763475
0.00974599
0.0123417
0.0155038
0.0193207
0.023885
0.0292919
0.0356361
0.0430083
0.0514916
0.0611565
0.072056
0.084221
0.0976549
0.112329
0.128177
0.145096
0.162939
0.181518
0.200604
0.21993
0.239196
0.258078
0.276231
0.293307
0.308956
0.322849
0.334678
0.344178
0.351128
0.355365
0.356789
