ordre_1
1.4013e-45
2.8026e-45
4.2039e-45
5.60519e-45
7.00649e-45
8.40779e-45
9.80909e-45
1.12104e-44
1.26117e-44
1.4013e-44
1.54143e-44
1.68156e-44
1.82169e-44
1.96182e-44
2.10195e-44
2.24208e-44
2.38221e-44
2.52234e-44
2.66247e-44
2.8026e-44
2.94273e-44
3.08286e-44
3.22299e-44
3.36312e-44
3.50325e-44
3.64338e-44
3.78351e-44
3.92364e-44
4.06377e-44
4.2039e-44
4.34403e-44
4.48416e-44
4.62428e-44
4.76441e-44
4.90454e-44
5.04467e-44
5.1848e-44
5.32493e-44
5.46506e-44
5.60519e-44
5.74532e-44
5.88545e-44
6.02558e-44
6.16571e-44
6.30584e-44
6.44597e-44
6.5861e-44
6.72623e-44
6.86636e-44
7.00649e-44
7.14662e-44
7.28675e-44
7.42688e-44
7.56701e-44
7.70714e-44
7.84727e-44
7.9874e-44
8.12753e-44
8.26766e-44
8.40779e-44
8.54792e-44
8.68805e-44
8.82818e-44
8.96831e-44
9.10844e-44
9.24857e-44
9.3887e-44
1.03696e-43
1.58347e-43
4.2039e-43
1.58487e-42
6.65056e-42
2.82908e-41
1.19192e-40
4.94609e-40
2.01957e-39
8.11303e-39
3.20683e-38
1.24739e-37
4.77564e-37
1.79982e-36
6.67817e-36
2.43997e-35
8.77949e-35
3.11154e-34
1.08632e-33
3.73663e-33
1.26647e-32
4.23019e-32
1.3926e-31
4.51908e-31
1.44571e-30
4.56008e-30
1.41831e-29
4.3504e-29
1.31611e-28
3.92742e-28
1.15617e-27
3.358e-27
9.62339e-27
2.7215e-26
