ordre_1
5.40865e-18
2.14402e-16
4.15386e-15
5.24359e-14
4.8514e-13
3.50911e-12
2.06727e-11
1.02054e-10
4.31179e-10
1.58512e-09
5.13952e-09
1.48694e-08
3.87887e-08
9.21327e-08
2.01172e-07
4.07692e-07
7.74384e-07
1.39234e-06
2.39312e-06
3.96852e-06
6.4016e-06
1.01118e-05
1.57169e-05
2.41164e-05
3.66017e-05
5.50009e-05
8.18702e-05
0.000120742
0.000176439
0.000255478
0.000366549
0.000521117
0.000734113
0.00102474
0.0014174
0.00194266
0.00263831
0.00355044
0.00473442
0.00625574
0.00819065
0.0106264
0.0136611
0.0174025
0.0219669
0.0274761
0.0340544
0.0418235
0.0508979
0.0613778
0.0733421
0.0868417
0.101891
0.118461
0.136473
0.155794
0.176234
0.197543
0.219416
0.241494
0.263378
0.284634
0.304809
0.323448
0.340106
0.354371
0.365879
0.374327
0.379489
0.381225
0.379489
0.374327
0.365879
0.354371
0.340106
0.323448
0.304809
0.284634
0.263378
0.241494
0.219416
0.197543
0.176234
0.155794
0.136473
0.118461
0.101891
0.0868417
0.0733421
0.0613778
0.0508979
0.0418235
0.0340543
0.0274761
0.0219669
0.0174025
0.0136611
0.0106264
0.00819065
0.00625573
0.00473442
