ordre_1
1.4013e-45
2.8026e-45
4.2039e-45
5.60519e-45
7.00649e-45
8.40779e-45
9.80909e-45
1.12104e-44
1.26117e-44
1.4013e-44
1.54143e-44
1.68156e-44
1.82169e-44
1.96182e-44
2.10195e-44
2.24208e-44
2.38221e-44
2.52234e-44
2.66247e-44
2.8026e-44
2.94273e-44
3.08286e-44
3.22299e-44
3.36312e-44
3.50325e-44
3.64338e-44
3.78351e-44
3.92364e-44
4.06377e-44
4.2039e-44
4.34403e-44
4.48416e-44
4.62428e-44
4.76441e-44
4.90454e-44
5.04467e-44
5.1848e-44
5.32493e-44
5.46506e-44
5.60519e-44
5.74532e-44
5.88545e-44
6.02558e-44
6.16571e-44
6.30584e-44
6.44597e-44
6.5861e-44
6.72623e-44
6.86636e-44
7.00649e-44
7.14662e-44
7.28675e-44
7.42688e-44
7.56701e-44
7.70714e-44
7.84727e-44
9.66896e-44
1.87774e-43
6.54406e-43
2.9175e-42
1.36416e-41
6.349e-41
2.906e-40
1.30537e-39
5.75329e-39
2.48828e-38
1.05627e-37
4.40187e-37
1.80127e-36
7.2392e-36
2.85799e-35
1.1086e-34
4.22588e-34
1.58331e-33
5.83181e-33
2.11205e-32
7.52215e-32
2.63507e-31
9.08078e-31
3.07897e-30
1.02732e-29
3.37358e-29
1.0905e-28
3.47032e-28
1.08739e-27
3.35535e-27
1.01972e-26
3.05264e-26
9.00276e-26
2.616e-25
7.49062e-25
2.11382e-24
5.8795e-24
1.61209e-23
4.35776e-23
1.16149e-22
3.05275e-22
7.91308e-22
2.02313e-21
5.10238e-21
1.26953e-20
