ordre_2
1.76962e-27
9.55032e-27
-1.50886e-26
-5.73854e-26
6.72297e-26
2.57798e-25
-2.32481e-25
-1.02045e-24
6.54571e-25
3.72711e-24
-1.38144e-24
-1.27555e-23
1.066e-24
4.10213e-23
9.30964e-24
-1.234e-22
-7.10999e-23
3.43118e-22
3.42072e-22
-8.61156e-22
-1.34863e-21
1.85235e-21
4.64354e-21
-2.92493e-21
-1.42239e-20
6.27164e-22
3.86484e-20
1.96452e-20
-9.08766e-20
-1.04746e-19
1.72099e-19
3.75985e-19
-1.97165e-19
-1.07722e-18
-2.33881e-19
2.50544e-18
2.34891e-18
-4.3922e-18
-8.92536e-18
3.73215e-18
2.40591e-17
1.02748e-17
-4.77969e-17
-6.31681e-17
5.65095e-17
1.92089e-16
4.01717e-17
-3.94088e-16
-4.4559e-16
4.57481e-16
1.40107e-15
3.41993e-16
-2.67966e-15
-3.36066e-15
2.31385e-15
9.39185e-15
4.8369e-15
-1.43441e-14
-2.50754e-14
2.25121e-15
5.29895e-14
5.38845e-14
-4.49666e-14
-1.56912e-13
-9.19173e-14
1.97392e-13
4.08414e-13
1.08867e-13
-6.41801e-13
-9.85033e-13
-1.67335e-14
1.79917e-12
2.29422e-12
-3.54176e-13
-4.59494e-12
-5.33561e-12
1.15673e-12
1.09358e-11
1.26277e-11
-1.88199e-12
-2.43e-11
-3.03087e-11
-1.05398e-12
4.94445e-11
7.19069e-11
2.11856e-11
-8.73674e-11
-1.61826e-10
-9.68415e-11
1.15525e-10
3.26824e-10
3.10815e-10
-3.91011e-11
-5.38989e-10
-7.80561e-10
-3.85925e-10
5.9596e-10
1.39923e-09
1.6692e-09
2.36265e-10
-2.77961e-09
