ordre_2
-1.4013e-45
-2.8026e-45
-2.8026e-45
-1.4013e-45
0
1.4013e-45
1.4013e-45
0
-1.4013e-45
-2.8026e-45
-2.8026e-45
-1.4013e-45
0
1.4013e-45
1.4013e-45
2.8026e-45
1.4013e-45
0
-1.4013e-45
-2.8026e-45
-4.2039e-45
-5.60519e-45
-5.60519e-45
-4.2039e-45
-2.8026e-45
-1.4013e-45
-1.4013e-45
-0
-0
-1.4013e-45
-2.8026e-45
-4.2039e-45
-5.60519e-45
-7.00649e-45
-7.00649e-45
-5.60519e-45
-4.2039e-45
-2.8026e-45
-1.4013e-45
-1.4013e-45
-2.8026e-45
-4.2039e-45
-5.60519e-45
-7.00649e-45
-7.00649e-45
-8.40779e-45
-9.80909e-45
-1.12104e-44
-1.26117e-44
-1.4013e-44
-1.4013e-44
-1.4013e-44
-1.26117e-44
-1.12104e-44
-9.80909e-45
-8.40779e-45
-8.40779e-45
-7.00649e-45
-5.60519e-45
-4.2039e-45
-2.8026e-45
-2.8026e-45
-2.8026e-45
1.4013e-45
-1.4013e-45
-1.4013e-44
-2.8026e-44
-5.60519e-45
2.52234e-44
-1.54143e-44
-1.17709e-43
-6.30584e-44
2.4803e-43
2.64845e-43
-5.11474e-43
-9.52883e-43
7.90332e-43
2.83903e-42
-5.00264e-43
-7.51096e-42
-2.84183e-42
1.73831e-41
1.65984e-41
-3.41609e-41
-5.98915e-41
4.93762e-41
1.73996e-40
-1.21366e-41
-4.30001e-40
-2.64276e-40
9.02275e-40
1.32923e-39
-1.52999e-39
-4.54081e-39
1.75975e-39
1.2585e-38
-1.11354e-40
-2.85098e-38
-4.89288e-39
4.57213e-38
7.66244e-39
