ordre_2
-1.4013e-45
-2.8026e-45
-2.8026e-45
-1.4013e-45
0
1.4013e-45
1.4013e-45
0
-1.4013e-45
-2.8026e-45
-2.8026e-45
-1.4013e-45
0
1.4013e-45
1.4013e-45
2.8026e-45
1.4013e-45
0
-1.4013e-45
-2.8026e-45
-4.2039e-45
-5.60519e-45
-5.60519e-45
-4.2039e-45
-2.8026e-45
-1.4013e-45
-1.4013e-45
-0
-0
-1.4013e-45
-2.8026e-45
-4.2039e-45
-5.60519e-45
-7.00649e-45
-7.00649e-45
-5.60519e-45
-4.2039e-45
-2.8026e-45
-1.4013e-45
-1.4013e-45
-2.8026e-45
-4.2039e-45
-5.60519e-45
-7.00649e-45
-7.00649e-45
-8.40779e-45
-9.80909e-45
-1.12104e-44
-1.26117e-44
-1.4013e-44
-1.4013e-44
-1.4013e-44
-1.26117e-44
-1.12104e-44
-9.80909e-45
-8.40779e-45
-8.40779e-45
-7.00649e-45
-5.60519e-45
-4.2039e-45
-2.8026e-45
-2.8026e-45
-4.2039e-45
-5.60519e-45
-7.00649e-45
-8.40779e-45
-9.80909e-45
-7.00649e-45
2.8026e-45
5.60519e-45
-8.40779e-45
-2.94273e-44
-5.60519e-45
4.48416e-44
-0
-1.68156e-43
-1.33123e-43
3.15292e-43
4.76441e-43
-5.75934e-43
-1.53442e-42
6.23578e-43
4.17727e-42
6.93643e-43
-9.94922e-42
-7.30217e-42
1.98844e-41
2.98799e-41
-2.92913e-41
-9.43074e-41
9.14207e-42
2.55238e-40
1.41471e-40
-6.13071e-40
-6.85568e-40
1.31496e-39
2.10457e-39
-2.45643e-39
-4.60731e-39
3.47429e-39
5.03404e-39
