ordre_1
1.4013e-45
2.8026e-45
4.2039e-45
5.60519e-45
7.00649e-45
8.40779e-45
9.80909e-45
1.12104e-44
1.26117e-44
1.4013e-44
1.54143e-44
1.68156e-44
1.82169e-44
1.96182e-44
2.10195e-44
2.24208e-44
2.38221e-44
2.52234e-44
2.66247e-44
2.8026e-44
2.94273e-44
3.08286e-44
3.22299e-44
3.36312e-44
3.50325e-44
3.64338e-44
3.78351e-44
3.92364e-44
4.06377e-44
4.2039e-44
4.34403e-44
4.48416e-44
4.62428e-44
4.76441e-44
4.90454e-44
5.04467e-44
5.1848e-44
5.32493e-44
5.46506e-44
5.60519e-44
5.74532e-44
5.88545e-44
6.02558e-44
6.16571e-44
6.30584e-44
6.44597e-44
6.5861e-44
6.72623e-44
6.86636e-44
9.24857e-44
2.34017e-43
9.92119e-43
4.91435e-42
2.4789e-41
1.23192e-40
5.99803e-40
2.85871e-39
1.33385e-38
6.09434e-38
2.72743e-37
1.19593e-36
5.13928e-36
2.16498e-35
8.94279e-35
3.62296e-34
1.43988e-33
5.61521e-33
2.14919e-32
8.07511e-32
2.97904e-31
1.07932e-30
3.84105e-30
1.34296e-29
4.61394e-29
1.55795e-28
5.17113e-28
1.6875e-27
5.41503e-27
1.70895e-26
5.30517e-26
1.62024e-25
4.86894e-25
1.4399e-24
4.19119e-24
1.20091e-23
3.3878e-23
9.4106e-23
2.57436e-22
6.93637e-22
1.84105e-21
4.81421e-21
1.24042e-20
3.14958e-20
7.88192e-20
1.94429e-19
4.72821e-19
1.13368e-18
2.68039e-18
6.24992e-18
1.43738e-17
3.26096e-17
