ordre_2
1.4013e-45
1.16308e-43
-8.40779e-45
-6.88038e-43
7.00649e-45
3.03942e-42
2.01787e-43
-1.18214e-41
-1.90717e-42
4.26906e-41
1.18354e-41
-1.46084e-40
-6.06874e-41
4.78395e-40
2.76897e-40
-1.50506e-39
-1.16265e-39
4.5492e-39
4.57462e-39
-1.31694e-38
-1.70468e-38
3.62561e-38
6.05394e-38
-9.36783e-38
-2.05613e-37
2.21365e-37
6.68802e-37
-4.50739e-37
-2.08264e-36
6.47368e-37
6.19483e-36
2.23496e-37
-1.75207e-35
-6.83927e-36
4.67357e-35
3.65862e-35
-1.15888e-34
-1.46761e-34
2.59732e-34
5.08957e-34
-4.92693e-34
-1.59246e-33
6.2649e-34
4.5581e-33
4.23678e-34
-1.19246e-32
-6.83451e-33
2.80863e-32
3.191e-32
-5.71631e-32
-1.12474e-31
8.88236e-32
3.3731e-31
-4.43494e-32
-8.8604e-31
-3.85456e-31
2.02312e-30
2.14611e-30
-3.81326e-30
-7.64643e-30
4.84541e-30
2.1937e-29
1.76086e-30
-5.27925e-29
-3.82606e-29
1.03708e-28
1.61376e-28
-1.4259e-28
-4.85106e-28
8.50529e-30
1.16383e-27
7.99467e-28
-2.18515e-27
-3.46157e-27
2.60291e-27
1.00182e-26
1.42514e-27
-2.21655e-26
-2.02289e-26
3.53871e-26
7.3951e-26
-2.23914e-26
-1.85742e-25
-9.93775e-26
3.37435e-25
5.03082e-25
-3.38436e-25
-1.41231e-24
-4.25896e-25
2.75854e-24
3.2277e-24
-3.09541e-24
-9.57394e-24
-2.68987e-24
1.8848e-23
2.61234e-23
-2.38168e-23
-8.16905e-23
1.16557e-23
1.48496e-22
7.75933e-24
