ordre_1
1.4013e-45
2.8026e-45
4.2039e-45
5.60519e-45
7.00649e-45
8.40779e-45
9.80909e-45
1.12104e-44
1.26117e-44
1.4013e-44
1.54143e-44
1.68156e-44
1.82169e-44
1.96182e-44
2.10195e-44
2.24208e-44
2.38221e-44
2.52234e-44
2.66247e-44
2.8026e-44
3.78351e-44
1.45735e-43
1.12805e-42
9.61571e-42
7.96568e-41
6.31576e-40
4.79267e-39
3.48519e-38
2.43193e-37
1.63041e-36
1.05141e-35
6.52911e-35
3.90827e-34
2.25726e-33
1.25903e-32
6.78763e-32
3.53977e-31
1.78704e-30
8.73993e-30
4.14371e-29
1.90571e-28
8.50705e-28
3.68813e-27
1.55374e-26
6.36397e-26
2.53555e-25
9.83156e-25
3.71175e-24
1.36501e-23
4.8919e-23
1.70916e-22
5.82403e-22
1.93627e-21
6.28304e-21
1.99063e-20
6.15993e-20
1.8624e-19
5.50333e-19
1.5899e-18
4.49198e-18
1.24155e-17
3.35799e-17
8.89011e-17
2.30448e-16
5.8506e-16
1.45516e-15
3.54671e-15
8.47355e-15
1.98495e-14
4.56036e-14
1.02786e-13
2.27341e-13
4.93573e-13
1.05216e-12
2.20289e-12
4.53123e-12
9.15976e-12
1.82025e-11
3.55712e-11
6.83797e-11
1.2935e-10
2.40862e-10
4.41662e-10
7.97798e-10
1.42018e-09
2.4924e-09
4.31407e-09
7.36774e-09
1.24206e-08
2.06777e-08
3.40094e-08
5.5287e-08
8.88716e-08
1.41321e-07
2.224e-07
3.46519e-07
5.34754e-07
8.17671e-07
1.23923e-06
1.86217e-06
2.77529e-06
