ordre_2
-1.4013e-45
-2.8026e-45
-2.8026e-45
-1.4013e-45
0
1.4013e-45
1.4013e-45
0
-1.4013e-45
-2.8026e-45
-2.8026e-45
-1.4013e-45
0
1.4013e-45
1.4013e-45
2.8026e-45
1.4013e-45
0
-1.4013e-45
-2.8026e-45
-4.2039e-45
-5.60519e-45
-5.60519e-45
-4.2039e-45
-2.8026e-45
-1.4013e-45
-1.4013e-45
-0
-0
-1.4013e-45
-2.8026e-45
-4.2039e-45
-5.60519e-45
-7.00649e-45
-7.00649e-45
-5.60519e-45
-4.2039e-45
-2.8026e-45
-1.4013e-45
-1.4013e-45
-2.8026e-45
-4.2039e-45
-5.60519e-45
-7.00649e-45
-7.00649e-45
-7.00649e-45
-1.4013e-45
8.40779e-45
5.60519e-45
-1.82169e-44
-1.54143e-44
2.66247e-44
2.8026e-44
-9.10844e-44
-1.41531e-43
1.66755e-43
4.40008e-43
-2.55036e-43
-1.28219e-42
9.66896e-44
3.42337e-42
1.30741e-42
-8.39098e-42
-7.39745e-42
1.83388e-41
2.81773e-41
-3.36508e-41
-8.97307e-41
4.11968e-41
2.51759e-40
2.55176e-41
-6.29329e-40
-4.00787e-40
1.3794e-39
1.76864e-39
-2.49398e-39
-5.849e-39
2.91497e-39
1.63245e-38
2.25392e-39
-3.94066e-38
-2.89398e-38
8.05943e-38
1.19246e-37
-1.26279e-37
-3.64643e-37
7.9902e-38
9.15471e-37
4.15554e-37
-1.88278e-36
-2.39521e-36
2.87362e-36
8.39244e-36
-1.70261e-36
-2.36015e-35
-7.76461e-36
5.5806e-35
3.50174e-35
-1.0539e-34
-7.19247e-35
1.07396e-34
