ordre_1
1.4013e-45
2.8026e-45
4.2039e-45
5.60519e-45
7.00649e-45
8.40779e-45
9.80909e-45
1.12104e-44
1.26117e-44
1.4013e-44
1.54143e-44
1.68156e-44
1.82169e-44
1.96182e-44
2.10195e-44
2.24208e-44
2.38221e-44
2.52234e-44
2.66247e-44
2.8026e-44
2.94273e-44
3.08286e-44
3.22299e-44
3.36312e-44
3.50325e-44
3.64338e-44
3.78351e-44
3.92364e-44
4.06377e-44
4.2039e-44
4.34403e-44
4.48416e-44
4.62428e-44
4.76441e-44
4.90454e-44
5.04467e-44
5.1848e-44
5.32493e-44
5.46506e-44
5.60519e-44
5.74532e-44
5.88545e-44
6.02558e-44
6.16571e-44
6.30584e-44
6.44597e-44
6.5861e-44
6.72623e-44
8.82818e-44
2.158e-43
9.01035e-43
4.49537e-42
2.29182e-41
1.15164e-40
5.66787e-40
2.72965e-39
1.28652e-38
5.93564e-38
2.68152e-37
1.18655e-36
5.14398e-36
2.18545e-35
9.10168e-35
3.71665e-34
1.48846e-33
5.84767e-33
2.25416e-32
8.5279e-32
3.16699e-31
1.15476e-30
4.13488e-30
1.45428e-29
5.02492e-29
1.70604e-28
5.69257e-28
1.86707e-27
6.0204e-27
1.90886e-26
5.95221e-26
1.82561e-25
5.50851e-25
1.63539e-24
4.77791e-24
1.37387e-23
3.88877e-23
1.08367e-22
2.97345e-22
8.03463e-22
2.13831e-21
5.60574e-21
1.44781e-20
3.68439e-20
9.2395e-20
2.28359e-19
5.56328e-19
1.33611e-18
3.16378e-18
7.38717e-18
1.70104e-17
3.8634e-17
8.65564e-17
