ordre_2
-1.4013e-45
-2.8026e-45
-2.8026e-45
-1.4013e-45
0
1.4013e-45
1.4013e-45
0
-1.4013e-45
-2.8026e-45
-2.8026e-45
-1.4013e-45
0
1.4013e-45
1.4013e-45
2.8026e-45
1.4013e-45
0
-1.4013e-45
-2.8026e-45
-4.2039e-45
-4.2039e-45
1.4013e-45
1.4013e-44
7.00649e-45
-3.08286e-44
-2.10195e-44
8.40779e-44
8.26766e-44
-2.29813e-43
-3.09687e-43
5.7173e-43
1.05658e-42
-1.33684e-42
-3.43318e-42
2.74374e-42
1.06359e-41
-4.26836e-42
-3.14171e-41
1.10983e-42
8.81403e-41
2.87743e-41
-2.33521e-40
-1.67616e-40
5.76845e-40
6.85815e-40
-1.29639e-39
-2.39289e-39
2.50535e-39
7.51117e-39
-3.46435e-39
-2.16037e-38
-4.84531e-40
5.70802e-38
2.78242e-38
-1.37117e-37
-1.38879e-37
2.90507e-37
5.05725e-37
-4.98892e-37
-1.56245e-36
4.73865e-37
4.25959e-36
1.06443e-36
-1.02775e-35
-8.35084e-36
2.13515e-35
3.31128e-35
-3.46966e-35
-1.0303e-34
2.60661e-35
2.7173e-34
9.89987e-35
-6.10844e-34
-6.20165e-34
1.11124e-33
2.21602e-33
-1.28959e-33
-6.20754e-33
-9.50452e-34
1.43341e-32
1.19252e-32
-2.63408e-32
-4.66303e-32
3.1024e-32
1.32269e-31
1.74742e-32
-2.964e-31
-2.47494e-31
4.94418e-31
9.36729e-31
-3.72093e-31
-2.54039e-30
-1.28998e-30
5.52914e-30
7.3716e-30
-9.85134e-30
-2.17693e-29
1.39601e-29
3.93293e-29
-1.16149e-29
