ordre_1
1.4013e-45
2.8026e-45
4.2039e-45
5.60519e-45
7.00649e-45
8.40779e-45
9.80909e-45
1.12104e-44
1.26117e-44
1.4013e-44
1.54143e-44
1.68156e-44
1.82169e-44
1.96182e-44
2.10195e-44
2.24208e-44
2.38221e-44
2.52234e-44
2.66247e-44
2.8026e-44
2.94273e-44
3.08286e-44
3.22299e-44
3.36312e-44
3.50325e-44
3.64338e-44
3.78351e-44
3.92364e-44
4.06377e-44
4.2039e-44
4.34403e-44
4.48416e-44
4.62428e-44
4.76441e-44
4.90454e-44
5.04467e-44
5.1848e-44
5.32493e-44
5.46506e-44
6.16571e-44
1.16308e-43
4.68034e-43
2.53775e-42
1.44502e-41
8.1117e-41
4.44481e-40
2.37414e-39
1.23635e-38
6.27965e-38
3.11217e-37
1.50558e-36
7.11253e-36
3.28237e-35
1.4803e-34
6.52624e-34
2.81365e-33
1.18662e-32
4.89689e-32
1.97801e-31
7.82274e-31
3.02994e-30
1.14967e-29
4.2745e-29
1.5577e-28
5.56509e-28
1.94965e-27
6.69939e-27
2.25843e-26
7.47078e-26
2.42551e-25
7.73055e-25
2.41921e-24
7.43496e-24
2.24444e-23
6.65649e-23
1.93985e-22
5.5559e-22
1.56416e-21
4.32937e-21
1.1783e-20
3.15393e-20
8.30388e-20
2.15087e-19
5.48177e-19
1.3749e-18
3.39417e-18
8.24851e-18
1.97363e-17
4.65018e-17
1.07909e-16
2.46657e-16
5.55453e-16
1.2325e-15
2.69513e-15
5.80891e-15
1.23425e-14
2.58566e-14
5.34165e-14
1.08839e-13
2.18765e-13
4.33838e-13
