ordre_1
1.4013e-45
2.8026e-45
4.2039e-45
5.60519e-45
7.00649e-45
8.40779e-45
9.80909e-45
1.12104e-44
1.26117e-44
1.4013e-44
1.54143e-44
1.68156e-44
1.82169e-44
1.96182e-44
2.10195e-44
2.24208e-44
2.38221e-44
2.52234e-44
2.66247e-44
2.8026e-44
2.94273e-44
3.08286e-44
3.22299e-44
3.36312e-44
3.50325e-44
3.64338e-44
3.78351e-44
3.92364e-44
4.06377e-44
4.2039e-44
4.34403e-44
4.48416e-44
4.62428e-44
4.76441e-44
4.90454e-44
5.04467e-44
5.1848e-44
5.32493e-44
5.46506e-44
5.60519e-44
5.74532e-44
5.88545e-44
6.02558e-44
6.16571e-44
6.30584e-44
6.44597e-44
6.5861e-44
6.72623e-44
6.86636e-44
7.00649e-44
7.14662e-44
7.28675e-44
7.42688e-44
7.56701e-44
7.70714e-44
7.84727e-44
7.9874e-44
8.12753e-44
8.26766e-44
8.40779e-44
8.54792e-44
8.68805e-44
8.82818e-44
8.96831e-44
9.10844e-44
9.24857e-44
9.3887e-44
9.52883e-44
9.66896e-44
9.80909e-44
9.94922e-44
1.03696e-43
1.38729e-43
3.08286e-43
1.03836e-42
4.13383e-42
1.70384e-41
6.99444e-41
2.8338e-40
1.1309e-39
4.44388e-39
1.7195e-38
6.55229e-38
2.4592e-37
9.09208e-37
3.31178e-36
1.18863e-35
4.20412e-35
1.46555e-34
5.03594e-34
1.70594e-33
5.69776e-33
1.87651e-32
6.09474e-32
1.95238e-31
6.16917e-31
1.92304e-30
5.9142e-30
1.7947e-29
5.37432e-29
1.5883e-28
