ordre_2
3.3785e-27
6.11405e-27
-2.95827e-26
-3.84456e-26
1.39661e-25
1.84793e-25
-5.34647e-25
-7.93655e-25
1.79774e-24
3.16892e-24
-5.41014e-24
-1.19026e-23
1.43978e-23
4.21513e-23
-3.2069e-23
-1.40437e-22
4.83749e-23
4.37738e-22
2.66102e-23
-1.2637e-21
-6.13148e-22
3.31902e-21
3.2559e-21
-7.65583e-21
-1.27678e-20
1.42168e-20
4.19801e-20
-1.46559e-20
-1.19157e-19
-3.18942e-20
2.89136e-19
2.62345e-19
-5.66405e-19
-1.03408e-18
7.14093e-19
3.05337e-18
4.19005e-19
-7.11713e-18
-6.30812e-18
1.22028e-17
2.4435e-17
-9.25432e-18
-6.44194e-17
-3.19041e-17
1.20662e-16
1.76183e-16
-1.17625e-16
-4.98576e-16
-1.91625e-16
9.19246e-16
1.28076e-15
-7.66245e-16
-3.49114e-15
-1.80831e-15
5.56203e-15
9.4365e-15
-1.82972e-15
-2.13641e-14
-1.89209e-14
2.29857e-14
6.31415e-14
2.38901e-14
-9.83104e-14
-1.58459e-13
9.61395e-15
3.17645e-13
3.55577e-13
-1.80913e-13
-8.89682e-13
-7.46418e-13
7.3271e-13
2.29087e-12
1.55e-12
-2.18113e-12
-5.60337e-12
-3.4041e-12
5.45016e-12
1.32348e-11
8.27283e-12
-1.16806e-11
-3.0209e-11
-2.18955e-11
2.04699e-11
6.55645e-11
5.9241e-11
-2.31158e-11
-1.30457e-10
-1.53149e-10
-1.56531e-11
2.21367e-10
3.57041e-10
1.91756e-10
-2.64864e-10
-7.01105e-10
-6.89309e-10
5.32151e-12
1.0514e-09
1.5567e-09
1.30063e-09
-8.79679e-10
-3.26631e-09
