ordre_2
2.32198e-36
-5.07003e-36
-2.0918e-35
2.88024e-35
1.04674e-34
-1.17696e-34
-4.38974e-34
4.06002e-34
1.68171e-33
-1.22332e-33
-6.06987e-33
3.16433e-33
2.09066e-32
-6.34902e-33
-6.90547e-32
4.99909e-33
2.18854e-31
3.86601e-32
-6.63851e-31
-2.99739e-31
1.91649e-30
1.47082e-30
-5.21433e-30
-6.01702e-30
1.31401e-29
2.19934e-29
-2.96355e-29
-7.37038e-29
5.49351e-29
2.28611e-28
-5.80867e-29
-6.56515e-28
-1.29005e-28
1.73169e-27
1.15282e-27
-4.11159e-27
-5.0907e-27
8.37938e-27
1.77399e-26
-1.26923e-26
-5.3097e-26
3.80425e-27
1.39035e-25
6.97783e-26
-3.13575e-25
-3.63518e-25
5.69239e-25
1.26275e-24
-6.21884e-25
-3.5265e-24
-7.72113e-25
8.12362e-24
7.37234e-24
-1.46094e-23
-2.79655e-23
1.51492e-23
7.75564e-23
2.08821e-23
-1.6728e-22
-1.75129e-22
2.56032e-22
6.04908e-22
-1.14499e-22
-1.4794e-21
-9.35208e-22
2.59224e-21
4.26437e-21
-2.23693e-21
-1.14342e-20
-4.88673e-21
2.10178e-20
2.93142e-20
-1.97874e-20
-8.16988e-20
-3.18792e-20
1.46491e-19
2.05324e-19
-1.18121e-19
-5.48295e-19
-2.80444e-19
8.76813e-19
1.4503e-18
-3.75785e-19
-3.37561e-18
-2.65762e-18
4.17777e-18
9.72411e-18
1.72884e-18
-1.77176e-17
-2.24767e-17
1.12472e-17
5.71612e-17
3.89285e-17
-6.79658e-17
-1.46758e-16
-4.91891e-17
2.36798e-16
4.26522e-16
-1.29806e-16
-9.24626e-16
-9.18424e-17
