ordre_2
-1.4013e-45
-2.8026e-45
-2.8026e-45
-1.4013e-45
0
1.4013e-45
1.4013e-45
0
-1.4013e-45
-2.8026e-45
-2.8026e-45
-1.4013e-45
0
1.4013e-45
1.4013e-45
2.8026e-45
1.4013e-45
0
-1.4013e-45
-2.8026e-45
-2.8026e-45
1.4013e-45
1.12104e-44
4.2039e-45
-2.8026e-44
-1.68156e-44
7.70714e-44
6.44597e-44
-2.17201e-43
-2.55036e-43
5.57717e-43
8.91226e-43
-1.35646e-42
-2.96935e-42
2.97916e-42
9.41112e-42
-5.43704e-42
-2.84309e-41
5.67105e-42
8.16747e-41
1.31512e-41
-2.22299e-40
-1.18972e-40
5.67694e-40
5.46631e-40
-1.33608e-39
-2.02796e-39
2.78952e-39
6.64986e-39
-4.66453e-39
-1.98594e-38
3.65187e-39
5.44841e-38
1.53376e-38
-1.36702e-37
-1.05258e-37
3.07481e-37
4.25647e-37
-5.87918e-37
-1.4008e-36
7.98986e-37
4.02146e-36
7.84918e-38
-1.0233e-35
-5.76912e-36
2.27761e-35
2.7326e-35
-4.18766e-35
-9.26578e-35
5.08028e-35
2.60949e-34
2.96367e-35
-6.28186e-34
-4.57469e-34
1.26138e-33
1.91042e-33
-1.86832e-33
-5.84227e-33
7.33025e-34
1.45872e-32
7.95909e-33
-2.96814e-32
-3.93502e-32
4.4073e-32
1.24427e-31
-1.90171e-32
-3.06542e-31
-1.67639e-31
5.86856e-31
8.05548e-31
-7.11412e-31
-2.4195e-30
-4.01982e-31
5.64954e-30
5.74797e-30
-1.06644e-29
-2.09452e-29
1.60919e-29
4.87265e-29
-1.7842e-29
-5.44157e-29
