ordre_1
1.4013e-45
2.8026e-45
4.2039e-45
5.60519e-45
7.00649e-45
8.40779e-45
9.80909e-45
1.12104e-44
1.26117e-44
1.4013e-44
1.54143e-44
1.68156e-44
1.82169e-44
1.96182e-44
2.10195e-44
2.24208e-44
2.38221e-44
2.52234e-44
2.66247e-44
5.04467e-44
2.73253e-43
2.35979e-42
2.08555e-41
1.76844e-40
1.4312e-39
1.10653e-38
8.18517e-38
5.80133e-37
3.94502e-36
2.57715e-35
1.61923e-34
9.79553e-34
5.71144e-33
3.21275e-32
1.74507e-31
9.16058e-31
4.65109e-30
2.28579e-29
1.08812e-28
5.02081e-28
2.24701e-27
9.75966e-27
4.1164e-26
1.68692e-25
6.72037e-25
2.60397e-24
9.81824e-24
3.60401e-23
1.28851e-22
4.48876e-22
1.52433e-21
5.04798e-21
1.63084e-20
5.14188e-20
1.58272e-19
4.75783e-19
1.39728e-18
4.01029e-18
1.12518e-17
3.08716e-17
8.2856e-17
2.17594e-16
5.59319e-16
1.40763e-15
3.46948e-15
8.37743e-15
1.98224e-14
4.59753e-14
1.04555e-13
2.33208e-13
5.10327e-13
1.09595e-12
2.31049e-12
4.78323e-12
9.72706e-12
1.94368e-11
3.81768e-11
7.37312e-11
1.40067e-10
2.61825e-10
4.81773e-10
8.72965e-10
1.5583e-09
2.74146e-09
4.75527e-09
8.13617e-09
1.37375e-08
2.29001e-08
3.77053e-08
6.13484e-08
9.86818e-08
1.57e-07
2.47162e-07
3.85186e-07
5.94487e-07
9.0901e-07
1.37755e-06
2.06969e-06
3.08387e-06
4.55831e-06
6.68551e-06
