ordre_2
4.05276e-37
-5.41475e-38
-3.61644e-36
1.20927e-37
1.77619e-35
9.31414e-37
-7.24865e-35
-1.15341e-35
2.68106e-34
7.79856e-35
-9.27349e-34
-4.17683e-34
3.03845e-33
1.95095e-33
-9.46985e-33
-8.2786e-33
2.80339e-32
3.25896e-32
-7.82883e-32
-1.20402e-31
2.03254e-31
4.20083e-31
-4.75969e-31
-1.38782e-30
9.33479e-31
4.34031e-30
-1.14824e-30
-1.28086e-29
-1.5941e-30
3.54155e-29
1.87213e-29
-9.05243e-29
-9.02709e-29
2.08336e-28
3.39648e-28
-4.06268e-28
-1.10582e-27
5.47356e-28
3.20923e-27
1.91825e-28
-8.32138e-27
-4.93781e-27
1.88938e-26
2.32454e-26
-3.52517e-26
-7.96918e-26
4.23236e-26
2.26427e-25
3.27016e-26
-5.44291e-25
-4.27056e-25
1.06658e-24
1.74949e-24
-1.43288e-24
-5.22113e-24
-1.46998e-25
1.24373e-23
9.21425e-24
-2.28933e-23
-3.85934e-23
2.50911e-23
1.09256e-22
2.53262e-23
-2.33301e-22
-2.42068e-22
3.41463e-22
8.27975e-22
-9.64014e-23
-1.94836e-21
-1.41974e-21
3.14499e-21
5.8609e-21
-1.85075e-21
-1.45227e-20
-8.88937e-21
2.3613e-20
4.07759e-20
-1.33347e-20
-9.98677e-20
-6.55461e-20
1.49666e-19
2.82343e-19
-4.04086e-20
-6.30303e-19
-5.39885e-19
7.65046e-19
1.88237e-18
3.5609e-19
-3.46961e-18
-4.35639e-18
2.48579e-18
1.14231e-17
6.89711e-18
-1.48141e-17
-2.90882e-17
-6.3612e-18
5.40245e-17
8.23348e-17
-5.07799e-17
-1.89224e-16
1.4084e-17
