ordre_2
-1.20611e-26
-8.61162e-25
4.50995e-26
5.05031e-24
3.8038e-25
-2.17926e-23
-5.11361e-24
8.15231e-23
3.56509e-23
-2.76439e-22
-1.91267e-22
8.59354e-22
8.73755e-22
-2.43378e-21
-3.54121e-21
6.12268e-21
1.29683e-20
-1.27947e-20
-4.31816e-20
1.73415e-20
1.30361e-19
1.53469e-20
-3.52061e-19
-2.28518e-19
8.23605e-19
1.07895e-18
-1.53515e-18
-3.75057e-18
1.6019e-18
1.06187e-17
3.04376e-18
-2.44811e-17
-2.48285e-17
4.20514e-17
9.15891e-17
-3.13302e-17
-2.42686e-16
-1.20043e-16
4.69182e-16
6.70085e-16
-5.04357e-16
-1.96269e-15
-6.09716e-16
3.82655e-15
4.88604e-15
-3.78116e-15
-1.42356e-14
-5.76614e-15
2.46234e-14
3.7069e-14
-1.34767e-14
-9.10083e-14
-6.8834e-14
1.11366e-13
2.60918e-13
6.66797e-14
-4.42783e-13
-6.37191e-13
1.2502e-13
1.37844e-12
1.40182e-12
-9.26195e-13
-3.77043e-12
-2.93915e-12
3.2884e-12
9.5592e-12
6.30061e-12
-9.0271e-12
-2.3112e-11
-1.47588e-11
2.06844e-11
5.37733e-11
3.8268e-11
-3.86653e-11
-1.19048e-10
-1.03994e-10
4.89304e-11
2.4221e-10
2.74137e-10
1.25265e-11
-4.21221e-10
-6.53683e-10
-3.28794e-10
5.1726e-10
1.30918e-09
1.24951e-09
-2.3664e-11
-1.92098e-09
-3.04256e-09
-2.07268e-09
1.08721e-09
4.79795e-09
6.39131e-09
3.80451e-09
-2.60993e-09
-9.764e-09
-1.33101e-08
-8.49248e-09
6.40612e-10
1.7523e-08
2.85385e-08
