ordre_1
1.4013e-45
2.8026e-45
4.2039e-45
5.60519e-45
1.54143e-44
3.41917e-43
8.3111e-42
1.74249e-40
3.17694e-39
5.11466e-38
7.36158e-37
9.56804e-36
1.1323e-34
1.22855e-33
1.22939e-32
1.14038e-31
9.84907e-31
7.95086e-30
6.02e-29
4.28816e-28
2.88156e-27
1.83123e-26
1.10303e-25
6.31032e-25
3.43512e-24
1.78239e-23
8.82914e-23
4.18143e-22
1.89587e-21
8.23982e-21
3.43686e-20
1.37727e-19
5.30809e-19
1.96944e-18
7.04098e-18
2.42765e-17
8.07907e-17
2.59719e-16
8.07121e-16
2.42652e-15
7.06224e-15
1.99117e-14
5.44211e-14
1.44278e-13
3.71259e-13
9.27836e-13
2.25346e-12
5.32206e-12
1.223e-11
2.73631e-11
5.96438e-11
1.26738e-10
2.62707e-10
5.31568e-10
1.05067e-09
2.03007e-09
3.83723e-09
7.10102e-09
1.28757e-08
2.28945e-08
3.99551e-08
6.84978e-08
1.1546e-07
1.91529e-07
3.12948e-07
5.0412e-07
8.01301e-07
1.25782e-06
1.95139e-06
2.99422e-06
4.547e-06
6.83788e-06
1.01881e-05
1.50462e-05
2.20334e-05
3.20023e-05
4.61133e-05
6.59319e-05
9.3551e-05
0.000131744
0.000184149
0.000255501
0.000351895
0.000481109
0.000652968
0.000879756
0.00117668
0.00156237
0.0020594
0.00269481
0.00350065
0.00451444
0.00577956
0.00734549
0.00926796
0.0116087
0.0144352
0.0178197
0.0218383
0.026569
0.0320903
