ordre_2
-1.4013e-45
-2.8026e-45
-2.8026e-45
-1.4013e-45
0
1.4013e-45
1.4013e-45
2.8026e-45
2.8026e-45
-1.4013e-44
-1.96182e-44
3.50325e-44
5.88545e-44
-1.14906e-43
-2.10195e-43
3.44719e-43
7.28675e-43
-9.72501e-43
-2.4873e-42
2.55317e-42
8.23823e-42
-6.09845e-42
-2.65154e-41
1.23356e-41
8.28041e-41
-1.6171e-41
-2.503e-40
-1.95551e-41
7.29411e-40
2.66545e-40
-2.03818e-39
-1.39177e-39
5.41469e-39
5.72651e-39
-1.34837e-38
-2.07948e-38
3.06545e-38
6.92384e-38
-5.99431e-38
-2.14647e-37
8.27034e-38
6.22576e-37
2.48066e-38
-1.68566e-36
-7.76548e-37
4.21825e-36
3.93596e-36
-9.53479e-36
-1.48347e-35
1.84303e-35
4.79274e-35
-2.54703e-35
-1.38138e-34
-2.27883e-36
3.58129e-34
1.90296e-34
-8.24438e-34
-9.2735e-34
1.60957e-33
3.24701e-33
-2.28046e-33
-9.5026e-33
3.00346e-34
2.4029e-32
1.34159e-32
-5.18387e-32
-6.47008e-32
8.84239e-32
2.14346e-31
-8.18536e-32
-5.76117e-31
-1.73085e-31
1.28429e-30
1.26914e-30
-2.24194e-30
-4.56546e-30
2.22813e-30
1.24152e-29
3.41878e-30
-2.68944e-29
-2.7339e-29
4.31553e-29
9.56694e-29
-2.93323e-29
-2.44948e-28
-1.1723e-28
4.78743e-28
6.31556e-28
-6.10427e-28
-1.87798e-27
-1.30365e-28
3.99865e-27
3.83296e-27
-5.64025e-27
-1.47899e-26
1.47485e-27
3.91054e-26
1.82194e-26
-7.67272e-26
-4.96965e-26
7.89324e-26
