ordre_2
-1.4013e-45
-2.8026e-45
-2.8026e-45
5.60519e-45
8.40779e-45
-3.08286e-44
-3.64338e-44
1.079e-43
1.38729e-43
-3.71344e-43
-5.29691e-43
1.22053e-42
1.95761e-42
-3.81293e-42
-7.04853e-42
1.12594e-41
2.4618e-41
-3.1326e-41
-8.35875e-41
8.08647e-41
2.75788e-40
-1.86943e-40
-8.83018e-40
3.51975e-40
2.73823e-39
-3.35786e-40
-8.19905e-39
-1.30453e-39
2.36016e-38
1.08402e-38
-6.48825e-38
-5.17566e-38
1.68558e-37
2.03832e-37
-4.06325e-37
-7.17734e-37
8.76265e-37
2.32659e-36
-1.53919e-36
-7.02162e-36
1.41168e-36
1.97681e-35
4.44355e-36
-5.16258e-35
-3.45449e-35
1.23125e-34
1.48323e-34
-2.58665e-34
-5.15129e-34
4.33836e-34
1.56534e-33
-3.52257e-34
-4.25398e-33
-1.28655e-33
1.03049e-32
8.81592e-33
-2.15926e-32
-3.43941e-32
3.55478e-32
1.07209e-31
-2.75921e-32
-2.85102e-31
-1.0065e-31
6.4871e-31
6.46337e-31
-1.20051e-30
-2.34396e-30
1.44694e-30
6.65188e-30
8.32811e-31
-1.55482e-29
-1.24312e-29
2.89004e-29
4.95937e-29
-3.43884e-29
-1.41932e-28
-1.96527e-29
3.20249e-28
2.7896e-28
-5.43263e-28
-1.05269e-27
4.66849e-28
2.78537e-27
1.07497e-27
-5.56103e-27
-6.84893e-27
7.32025e-27
2.13961e-26
3.33685e-28
-4.7311e-26
-3.87039e-26
6.95779e-26
1.45767e-25
-1.57099e-26
-3.62219e-25
-3.04854e-25
6.82006e-25
1.1696e-24
-9.74656e-25
-2.29768e-24
7.99858e-25
