ordre_2
-3.36562e-40
-1.82822e-39
2.93509e-39
1.09802e-38
-1.37467e-38
-4.94215e-38
5.20048e-38
1.97174e-37
-1.72016e-37
-7.33481e-37
5.05375e-37
2.59701e-36
-1.28927e-36
-8.8319e-36
2.58753e-36
2.89525e-35
-2.22659e-36
-9.15214e-35
-1.41997e-35
2.78408e-34
1.14064e-34
-8.1146e-34
-5.6689e-34
2.2493e-33
2.34764e-33
-5.85551e-33
-8.7155e-33
1.39917e-32
2.98218e-32
-2.92167e-32
-9.51353e-32
4.61095e-32
2.83844e-31
-1.42505e-32
-7.89593e-31
-2.94847e-31
2.02699e-30
1.70158e-30
-4.69462e-30
-6.7556e-30
9.30653e-30
2.24724e-29
-1.3371e-29
-6.58271e-29
7.26232e-31
1.71471e-28
9.08338e-29
-3.91028e-28
-4.52062e-28
7.37169e-28
1.57462e-27
-9.25324e-28
-4.50787e-27
-4.53927e-28
1.09145e-26
8.0356e-27
-2.16767e-26
-3.38391e-26
3.03504e-26
1.02488e-25
-3.16811e-27
-2.48312e-25
-1.67104e-25
4.71457e-25
7.36537e-25
-5.71078e-25
-2.15148e-24
-2.8569e-25
4.78094e-24
4.35016e-24
-7.6057e-24
-1.5982e-23
4.55192e-24
3.99649e-23
2.24623e-23
-7.1263e-23
-1.10018e-22
6.55326e-23
3.00192e-22
1.15419e-22
-5.5883e-22
-7.47018e-22
5.49825e-22
2.11488e-21
7.41983e-22
-3.85173e-21
-5.18058e-21
3.31363e-21
1.42012e-20
6.53959e-21
-2.37506e-20
-3.60305e-20
1.36683e-20
8.49085e-20
6.41347e-20
-1.06881e-19
-2.78128e-19
-1.4429e-20
6.30957e-19
3.0007e-19
-6.77892e-19
