ordre_1
8.94729e-42
1.06158e-39
6.24615e-38
2.43005e-36
7.03216e-35
1.61451e-33
3.06319e-32
4.93972e-31
6.91126e-30
8.52228e-29
9.37714e-28
9.29919e-27
8.38035e-26
6.91079e-25
5.24565e-24
3.68366e-23
2.40372e-22
1.46318e-21
8.337e-21
4.46014e-20
2.2465e-19
1.06797e-18
4.80275e-18
2.04733e-17
8.28848e-17
3.19233e-16
1.17162e-15
4.10364e-15
1.37362e-14
4.40003e-14
1.35047e-13
3.97624e-13
1.12441e-12
3.05717e-12
8.00076e-12
2.01753e-11
4.9073e-11
1.15253e-10
2.61643e-10
5.74742e-10
1.22297e-09
2.52362e-09
5.05591e-09
9.84599e-09
1.86614e-08
3.44681e-08
6.21242e-08
1.09415e-07
1.88573e-07
3.18495e-07
5.27923e-07
8.60018e-07
1.37885e-06
2.17855e-06
3.39619e-06
5.22965e-06
7.96214e-06
1.19957e-05
1.78961e-05
2.64525e-05
3.87563e-05
5.63021e-05
8.11177e-05
0.000115928
0.00016436
0.000231191
0.000322652
0.000446786
0.000613871
0.000836896
0.0011321
0.00151958
0.00202389
0.0026747
0.00350745
0.00456388
0.00589259
0.0075493
0.00959705
0.012106
0.0151528
0.0188199
0.023194
0.028364
0.0344186
0.0414432
0.0495163
0.0587055
0.069063
0.0806211
0.0933875
0.107341
0.122428
0.138559
0.155607
0.173404
0.191748
0.210398
0.229082
0.247503
0.265345
