ordre_2
-1.1051e-23
-1.99729e-23
9.61264e-23
1.26923e-22
-4.47235e-22
-6.17193e-22
1.66855e-21
2.66959e-21
-5.37396e-21
-1.0639e-20
1.50287e-20
3.9392e-20
-3.48556e-20
-1.35374e-19
5.52002e-20
4.28971e-19
2.028e-20
-1.23719e-18
-6.4402e-19
3.1681e-18
3.43533e-18
-6.82542e-18
-1.31471e-17
1.05243e-17
4.10893e-17
-1.52979e-18
-1.06809e-16
-6.80426e-17
2.21433e-16
3.27798e-16
-3.03017e-16
-1.027e-15
-7.06386e-17
2.3877e-15
2.12325e-15
-3.77888e-15
-8.14358e-15
1.45362e-15
1.96894e-14
1.48546e-14
-2.95854e-14
-6.08581e-14
4.59505e-15
1.35069e-13
1.27424e-13
-1.51988e-13
-4.25121e-13
-1.42636e-13
7.11205e-13
1.0763e-12
-2.08541e-13
-2.36824e-12
-2.34527e-12
1.82443e-12
6.6902e-12
4.66622e-12
-6.83973e-12
-1.72541e-11
-9.25684e-12
1.96349e-11
4.23238e-11
2.06605e-11
-4.74797e-11
-1.00534e-10
-5.5115e-11
9.67374e-11
2.29679e-10
1.62603e-10
-1.50574e-10
-4.87722e-10
-4.69052e-10
9.54916e-11
8.96828e-10
1.20729e-09
4.36266e-10
-1.20776e-09
-2.56102e-09
-2.1959e-09
3.76144e-10
3.89586e-09
5.77178e-09
3.74388e-09
-2.19594e-09
-9.05929e-09
-1.2143e-08
-7.87129e-09
3.45854e-09
1.68783e-08
2.47437e-08
2.07009e-08
3.55396e-09
-2.11562e-08
-4.29271e-08
-5.05952e-08
-3.7725e-08
-4.63933e-09
3.72804e-08
8.12456e-08
9.42967e-08
1.12151e-07
4.50399e-08
