ordre_2
-4.7958e-13
1.03613e-12
4.35318e-12
-4.16726e-12
-2.12152e-11
5.30981e-12
7.81308e-11
3.4944e-11
-2.13379e-10
-2.75295e-10
3.42282e-10
1.04905e-09
2.15945e-10
-2.2874e-09
-3.14217e-09
1.25278e-09
8.33426e-09
8.61434e-09
-4.50645e-09
-2.31856e-08
-2.69655e-08
-9.58938e-10
4.54661e-08
7.90496e-08
6.46752e-08
-8.39069e-09
-1.16793e-07
-2.15612e-07
-2.6122e-07
-2.27242e-07
-1.04455e-07
1.1304e-07
4.47307e-07
9.55738e-07
1.74962e-06
3.01672e-06
5.05464e-06
8.3219e-06
1.35142e-05
2.1674e-05
3.43441e-05
5.37786e-05
8.32256e-05
0.000127301
0.000192471
0.000287666
0.00042504
0.000620896
0.000896774
0.0012807
0.0018086
0.00252574
0.00348828
0.00476467
0.00643689
0.00860128
0.0113688
0.0148646
0.0192263
0.0246015
0.0311438
0.0390071
0.0483386
0.0592707
0.0719117
0.0863353
0.10257
0.120591
0.140309
0.161564
0.184124
0.207679
0.23185
0.256193
0.280211
0.303371
0.325121
0.344916
0.362232
0.3766
0.387617
0.394972
0.398457
0.397978
0.393557
0.385337
0.373564
0.358585
0.340824
0.320766
0.298936
0.27587
0.252105
0.228143
0.204466
0.181429
0.159592
0.138423
0.121158
0.0966934
0.106396
