ordre_2
-3.00911e-11
2.78786e-12
2.49787e-10
1.18425e-10
-9.75428e-10
-1.1812e-09
2.12931e-09
5.61318e-09
3.11152e-10
-1.39708e-08
-1.88748e-08
5.19021e-09
4.80197e-08
6.56981e-08
1.78997e-08
-8.94146e-08
-1.99736e-07
-2.41905e-07
-1.68829e-07
3.43216e-08
3.73793e-07
8.82237e-07
1.64786e-06
2.83653e-06
4.71697e-06
7.70103e-06
1.2408e-05
1.97599e-05
3.11161e-05
4.84571e-05
7.4632e-05
0.000113686
0.000171286
0.000255262
0.000376286
0.000548697
0.000791489
0.00112946
0.0015945
0.002227
0.00307731
0.0042072
0.00569111
0.00761722
0.010088
0.01322
0.0171432
0.0219986
0.0279354
0.0351059
0.0436598
0.0537367
0.0654573
0.0789139
0.09416
0.1112
0.129982
0.150385
0.17222
0.19522
0.219048
0.243295
0.267496
0.291137
0.313677
0.334566
0.353266
0.369274
0.382148
0.391522
0.397128
0.398806
0.396511
0.390318
0.380416
0.367098
0.350746
0.331818
0.310819
0.288285
0.264758
0.240766
0.216803
0.193315
0.170687
0.149237
0.12921
0.110782
0.0940578
0.0790829
0.0658469
0.0542949
0.044336
0.0358537
0.0287144
0.0227734
0.017893
0.0139002
0.0107897
0.00790136
0.00732603
