ordre_2
-5.19583e-40
3.44229e-39
4.76785e-39
-2.01543e-38
-2.47124e-38
8.69445e-38
1.08849e-37
-3.26794e-37
-4.42741e-37
1.12479e-36
1.71064e-36
-3.61137e-36
-6.34897e-36
1.08683e-35
2.2735e-35
-3.05045e-35
-7.86514e-35
7.84808e-35
2.62769e-34
-1.77291e-34
-8.46476e-34
3.08928e-34
2.622e-33
-1.54838e-34
-7.77648e-33
-1.98887e-33
2.194e-32
1.31261e-32
-5.82746e-32
-5.82951e-32
1.43122e-31
2.18405e-31
-3.13666e-31
-7.32726e-31
5.60754e-31
2.24788e-30
-5.45479e-31
-6.33654e-30
-1.43934e-30
1.63047e-29
1.16756e-29
-3.74788e-29
-4.96086e-29
7.2833e-29
1.67547e-28
-9.94742e-29
-4.86712e-28
-1.48574e-29
1.23514e-27
7.4964e-28
-2.68405e-27
-3.48922e-27
4.60112e-27
1.15359e-26
-4.16232e-27
-3.11162e-26
-9.95834e-27
6.94589e-26
7.06563e-26
-1.20091e-25
-2.5284e-25
1.11083e-25
6.81685e-25
2.26261e-25
-1.44535e-24
-1.59915e-24
2.18525e-24
5.38031e-24
-9.34196e-25
-1.31378e-23
-8.19595e-24
2.34934e-23
3.75866e-23
-2.25219e-23
-1.03291e-22
-3.57225e-23
2.00433e-22
2.50516e-22
-2.27043e-22
-7.49744e-22
-1.63742e-22
1.49007e-21
1.69673e-21
-1.67819e-21
-5.18702e-21
-1.22548e-21
9.89197e-21
1.20197e-20
-9.44248e-21
-3.45945e-20
-1.33453e-20
5.89199e-20
8.34467e-20
-3.31175e-20
-2.01578e-19
-1.67026e-19
2.75833e-19
6.96809e-19
-1.25297e-19
-1.35858e-18
-1.23956e-19
