ordre_2
-1.4013e-45
-2.8026e-45
-2.8026e-45
-1.4013e-45
0
1.4013e-45
1.4013e-45
0
-1.4013e-45
-2.8026e-45
-2.8026e-45
-1.4013e-45
0
1.4013e-45
1.4013e-45
2.8026e-45
1.4013e-45
0
-1.4013e-45
-2.8026e-45
-4.2039e-45
-5.60519e-45
-5.60519e-45
-4.2039e-45
-2.8026e-45
-1.4013e-45
-1.4013e-45
-0
-0
-1.4013e-45
-2.8026e-45
-4.2039e-45
-5.60519e-45
-7.00649e-45
-7.00649e-45
-9.80909e-45
-2.8026e-45
1.12104e-44
5.60519e-45
-2.8026e-44
-2.24208e-44
6.72623e-44
7.70714e-44
-1.70958e-43
-2.92871e-43
3.47522e-43
9.24857e-43
-6.09565e-43
-2.77457e-42
5.54914e-43
7.74918e-42
1.69277e-42
-2.01521e-41
-1.31162e-41
4.82215e-41
5.62033e-41
-1.0291e-40
-1.95602e-40
1.80988e-40
5.99141e-40
-1.88493e-40
-1.65552e-39
-3.22611e-40
4.13263e-39
2.92281e-39
-9.14833e-39
-1.22605e-38
1.69554e-38
4.03341e-38
-2.13036e-38
-1.13917e-37
-9.34557e-39
2.81629e-37
1.83444e-37
-5.98788e-37
-8.05833e-37
1.01166e-36
2.60027e-36
-9.2196e-37
-6.97514e-36
-2.0639e-36
1.58468e-35
1.50416e-35
-2.92315e-35
-5.49918e-35
3.56451e-35
1.53684e-34
1.58576e-35
-3.47284e-34
-2.82133e-34
6.02489e-34
1.15627e-33
-5.72976e-34
-3.46333e-33
-9.28332e-34
8.58056e-33
6.4096e-33
-1.77038e-32
-1.75487e-32
2.66283e-32
2.07739e-32
