ordre_2
2.98308e-34
-1.97854e-33
-2.74985e-33
1.15168e-32
1.43625e-32
-4.9165e-32
-6.37994e-32
1.81786e-31
2.6127e-31
-6.10554e-31
-1.01245e-30
1.89074e-30
3.7477e-30
-5.38948e-30
-1.32906e-29
1.38818e-29
4.51522e-29
-3.06747e-29
-1.46657e-28
4.87545e-29
4.53696e-28
4.38288e-30
-1.32856e-27
-4.85383e-28
3.646e-27
2.7841e-27
-9.21693e-27
-1.16081e-26
2.07546e-26
4.11975e-26
-3.83514e-26
-1.3009e-25
4.14678e-26
3.69795e-25
7.62528e-26
-9.39946e-25
-7.00308e-25
2.07472e-24
2.97501e-24
-3.65241e-24
-9.75366e-24
3.47994e-24
2.67904e-23
7.916e-24
-6.18869e-23
-5.97019e-23
1.13262e-22
2.22497e-22
-1.23611e-22
-6.24963e-22
-1.45824e-22
1.38994e-21
1.36682e-21
-2.2659e-21
-4.92956e-21
1.49611e-21
1.26168e-20
6.56568e-21
-2.36607e-20
-3.43291e-20
2.51821e-20
9.85919e-20
2.76524e-20
-1.95818e-19
-2.32855e-19
2.24653e-19
7.12027e-19
1.59221e-19
-1.39479e-18
-1.64463e-18
1.43164e-18
4.86837e-18
1.67902e-18
-8.59947e-18
-1.20197e-17
5.86109e-18
3.07839e-17
1.94199e-17
-4.28712e-17
-8.42397e-17
-2.2081e-18
1.66945e-16
1.84104e-16
-1.31535e-16
-5.08188e-16
-3.04906e-16
6.52035e-16
1.32752e-15
2.53813e-16
-2.25088e-15
-3.11213e-15
6.32757e-16
6.69277e-15
6.594e-15
-4.47289e-15
-1.68637e-14
-1.47085e-14
1.41544e-14
5.34908e-14
1.38994e-14
-6.40621e-14
