ordre_2
-1.4013e-45
-2.8026e-45
-2.8026e-45
-1.4013e-45
0
1.4013e-45
1.4013e-45
0
-1.4013e-45
-2.8026e-45
-2.8026e-45
-1.4013e-45
0
1.4013e-45
1.4013e-45
2.8026e-45
1.4013e-45
0
-1.4013e-45
-2.8026e-45
-4.2039e-45
-5.60519e-45
-5.60519e-45
-4.2039e-45
-2.8026e-45
-1.4013e-45
-1.4013e-45
-0
-0
-1.4013e-45
-2.8026e-45
-4.2039e-45
-5.60519e-45
-7.00649e-45
-7.00649e-45
-5.60519e-45
-4.2039e-45
-2.8026e-45
-1.4013e-45
-1.4013e-45
-2.8026e-45
-4.2039e-45
-5.60519e-45
-7.00649e-45
-7.00649e-45
-8.40779e-45
-9.80909e-45
-1.12104e-44
-1.26117e-44
-1.4013e-44
-1.4013e-44
-1.4013e-44
-1.26117e-44
-1.12104e-44
-9.80909e-45
-8.40779e-45
-8.40779e-45
-7.00649e-45
-5.60519e-45
-4.2039e-45
-2.8026e-45
-2.8026e-45
-4.2039e-45
-2.8026e-45
1.4013e-45
2.8026e-45
-1.4013e-44
-2.8026e-44
-9.80909e-45
2.94273e-44
-5.60519e-45
-1.23314e-43
-8.82818e-44
2.38221e-43
3.27904e-43
-4.52619e-43
-1.08461e-42
5.66125e-43
3.05903e-42
1.93379e-43
-7.67491e-42
-4.67753e-42
1.66937e-41
2.0749e-41
-2.96879e-41
-6.74921e-41
3.23364e-41
1.82927e-40
4.01374e-41
-4.24588e-40
-4.01612e-40
8.30243e-40
1.63517e-39
-1.27479e-39
-5.05848e-39
1.1868e-39
1.28454e-38
5.34883e-40
-2.55129e-38
-3.74698e-39
2.66985e-38
