ordre_2
-5.80788e-16
-3.05527e-15
4.51926e-15
1.83584e-14
-1.5888e-14
-8.05838e-14
2.89322e-14
2.95794e-13
4.66286e-14
-9.14522e-13
-6.73117e-13
2.26363e-12
3.43944e-12
-3.74873e-12
-1.20603e-11
-4.68245e-14
3.04415e-11
2.74614e-11
-4.72389e-11
-1.10758e-10
-5.46856e-12
2.41484e-10
2.78948e-10
-1.95328e-10
-8.12883e-10
-5.96527e-10
8.67846e-10
2.29155e-09
1.40832e-09
-2.34418e-09
-5.88227e-09
-4.31965e-09
3.89697e-09
1.3331e-08
1.41817e-08
6.16977e-10
-2.18587e-08
-3.72788e-08
-2.93886e-08
5.69822e-09
5.38278e-08
8.87554e-08
8.61026e-08
3.65057e-08
-4.96124e-08
-1.47283e-07
-2.27942e-07
-2.69503e-07
-2.60757e-07
-1.98932e-07
-8.21774e-08
1.00493e-07
3.80358e-07
8.21815e-07
1.53943e-06
2.7232e-06
4.67725e-06
7.87817e-06
1.30611e-05
2.13434e-05
3.4399e-05
5.46971e-05
8.5824e-05
0.000132909
0.000203178
0.00030665
0.000457006
0.000672626
0.000977805
0.00140414
0.00199206
0.00279239
0.00386796
0.00529496
0.0071641
0.00958118
0.0126671
0.0165565
0.0213961
0.0273407
0.0345484
0.0431737
0.0533601
0.0652304
0.0788767
0.0943498
0.111649
0.130711
0.151407
0.17353
0.196801
0.220857
0.245305
0.26956
0.293436
0.315298
0.33803
0.350322
0.385118
0.339228
0.525002
