ordre_2
7.38513e-25
1.33541e-24
-6.44021e-24
-8.45227e-24
3.01327e-23
4.09258e-23
-1.13554e-22
-1.76603e-22
3.72016e-22
7.04708e-22
-1.07182e-21
-2.62561e-21
2.63565e-21
9.13695e-21
-4.91098e-21
-2.95599e-20
2.90965e-21
8.80541e-20
3.03784e-20
-2.37284e-19
-2.00242e-19
5.58543e-19
8.43161e-19
-1.05403e-18
-2.85711e-18
1.11368e-18
8.16027e-18
2.24026e-18
-1.94566e-17
-1.86768e-17
3.59565e-17
7.17993e-17
-3.6144e-17
-2.01591e-16
-6.73123e-17
4.27712e-16
5.02597e-16
-5.86256e-16
-1.6564e-15
-8.02965e-17
3.68984e-15
3.48861e-15
-5.02704e-15
-1.2386e-14
-7.89736e-16
2.60509e-14
2.7389e-14
-2.78578e-14
-8.61134e-14
-3.13538e-14
1.44836e-13
2.19639e-13
-5.43413e-14
-5.0164e-13
-4.55656e-13
4.70095e-13
1.43505e-12
7.73894e-13
-1.83376e-12
-3.68497e-12
-1.04989e-12
5.58189e-12
8.94888e-12
1.13741e-12
-1.47987e-11
-2.13254e-11
-1.70735e-12
3.54277e-11
5.0796e-11
7.8209e-12
-7.65863e-11
-1.20193e-10
-4.01771e-11
1.43877e-10
2.73887e-10
1.62229e-10
-2.07383e-10
-5.69692e-10
-5.22947e-10
1.10276e-10
9.89238e-10
1.35546e-09
5.87836e-10
-1.14464e-09
-2.70519e-09
-2.61581e-09
-2.09026e-10
3.50705e-09
6.06818e-09
4.99556e-09
-3.31468e-10
-7.63594e-09
-1.25165e-08
-1.08308e-08
-1.4014e-09
1.2126e-08
2.38534e-08
2.44464e-08
1.39598e-08
-5.66061e-09
-4.96142e-08
