ordre_2
1.23261e-28
-1.62144e-29
-1.09582e-27
8.59263e-30
5.33778e-27
5.92654e-28
-2.14703e-26
-5.62143e-27
7.75852e-26
3.49381e-26
-2.58935e-25
-1.76968e-25
8.04122e-25
7.84533e-25
-2.31366e-24
-3.1426e-24
6.06554e-24
1.15518e-23
-1.39217e-23
-3.92211e-23
2.50122e-23
1.23014e-22
-1.83337e-23
-3.54194e-22
-1.13101e-22
9.22014e-22
7.67455e-22
-2.09859e-21
-3.17087e-21
3.83476e-21
1.05082e-20
-3.89866e-21
-2.95018e-20
-8.10459e-21
6.99016e-20
6.55784e-20
-1.31394e-19
-2.51703e-19
1.48697e-19
7.19783e-19
1.61751e-19
-1.60931e-18
-1.60205e-18
2.57021e-18
5.78118e-18
-1.34971e-18
-1.44618e-17
-8.93624e-18
2.53446e-17
4.20247e-17
-1.99774e-17
-1.11303e-16
-5.67118e-17
1.91751e-16
3.02638e-16
-1.26771e-16
-7.7081e-16
-4.83992e-16
1.14773e-15
2.16925e-15
-1.75567e-16
-4.6624e-15
-4.52544e-15
4.68594e-15
1.41831e-14
6.04594e-15
-2.15756e-14
-3.60307e-14
1.6406e-15
7.20623e-14
8.01437e-14
-4.46191e-14
-2.05499e-13
-1.61295e-13
1.9099e-13
5.34055e-13
3.05841e-13
-5.99757e-13
-1.31369e-12
-5.86244e-13
1.60774e-12
3.1333e-12
1.25894e-12
-3.84404e-12
-7.33213e-12
-3.22236e-12
8.23019e-12
1.67972e-11
9.31417e-12
-1.52595e-11
-3.70754e-11
-2.72958e-11
2.16976e-11
7.61389e-11
7.64146e-11
-1.3819e-11
-1.35154e-10
-1.8302e-10
-9.68638e-11
2.69128e-10
3.56952e-10
