ordre_2
-1.4013e-45
-2.8026e-45
-2.8026e-45
-1.4013e-45
0
1.4013e-45
1.4013e-45
0
-1.4013e-45
-2.8026e-45
-2.8026e-45
-1.4013e-45
0
1.4013e-45
-1.4013e-45
-1.26117e-44
-9.80909e-45
2.24208e-44
1.82169e-44
-6.86636e-44
-7.42688e-44
1.89175e-43
2.57839e-43
-5.26888e-43
-9.09443e-43
1.34805e-42
3.03942e-42
-3.22299e-42
-9.8217e-42
6.74445e-42
3.05413e-41
-1.06597e-41
-9.13338e-41
2.35698e-42
2.61652e-40
7.87081e-41
-7.13903e-40
-4.66868e-40
1.83676e-39
1.96488e-39
-4.37752e-39
-7.0865e-39
9.32068e-39
2.31054e-38
-1.61477e-38
-6.94577e-38
1.46054e-38
1.93543e-37
4.51155e-38
-4.97659e-37
-3.45249e-37
1.16161e-36
1.45685e-36
-2.36374e-36
-4.96676e-36
3.72678e-36
1.47929e-35
-2.13097e-36
-3.93071e-35
-1.51579e-35
9.26745e-35
8.88512e-35
-1.87006e-34
-3.29363e-34
2.86257e-34
9.92645e-34
-1.41417e-34
-2.56254e-33
-1.17567e-33
5.64399e-33
6.35755e-33
-9.95617e-33
-2.18419e-32
1.04727e-32
5.99337e-32
1.35189e-32
-1.36036e-31
-1.22951e-31
2.43683e-31
4.59701e-31
-2.63356e-31
-1.27595e-30
-2.78399e-31
2.82191e-30
2.68758e-30
-4.71264e-30
-9.68579e-30
3.95802e-30
2.50096e-29
9.57512e-30
-4.83487e-29
-6.10177e-29
5.74026e-29
1.99129e-28
3.20103e-29
-4.93961e-28
-4.04002e-28
9.85879e-28
1.19057e-27
-1.42759e-27
-1.44079e-27
