ordre_1
1.4013e-45
2.8026e-45
4.2039e-45
5.60519e-45
7.00649e-45
8.40779e-45
9.80909e-45
1.12104e-44
1.26117e-44
1.4013e-44
1.54143e-44
1.68156e-44
1.82169e-44
1.96182e-44
2.10195e-44
2.24208e-44
2.38221e-44
2.52234e-44
2.66247e-44
2.8026e-44
2.94273e-44
3.08286e-44
3.22299e-44
3.36312e-44
3.50325e-44
3.64338e-44
3.78351e-44
3.92364e-44
4.06377e-44
4.2039e-44
4.34403e-44
4.48416e-44
4.62428e-44
4.76441e-44
4.90454e-44
5.04467e-44
5.1848e-44
5.32493e-44
5.46506e-44
5.60519e-44
5.74532e-44
5.88545e-44
6.02558e-44
6.16571e-44
6.30584e-44
6.44597e-44
6.5861e-44
6.72623e-44
6.86636e-44
7.00649e-44
7.14662e-44
7.28675e-44
7.42688e-44
7.56701e-44
7.70714e-44
7.84727e-44
7.9874e-44
8.12753e-44
8.26766e-44
8.40779e-44
9.10844e-44
1.31722e-43
3.40516e-43
1.32843e-42
5.87564e-42
2.64117e-41
1.17439e-40
5.13534e-40
2.20604e-39
9.30948e-39
3.85981e-38
1.57259e-37
6.29736e-37
2.47897e-36
9.5948e-36
3.65197e-35
1.36716e-34
5.03485e-34
1.8243e-33
6.50462e-33
2.28259e-32
7.8846e-32
2.68128e-31
8.97794e-31
2.96037e-30
9.61409e-30
3.07555e-29
9.69272e-29
3.00978e-28
9.20963e-28
2.77731e-27
8.25528e-27
2.4189e-26
6.98766e-26
1.99033e-25
5.59043e-25
1.54861e-24
4.23118e-24
1.14039e-23
3.03221e-23
7.95478e-23
