ordre_2
-2.78136e-24
-1.92768e-22
8.4391e-24
1.12605e-21
1.15013e-22
-4.8203e-21
-1.38176e-21
1.77763e-20
9.2966e-21
-5.88457e-20
-4.85158e-20
1.75828e-19
2.15014e-19
-4.65945e-19
-8.39127e-19
1.03755e-18
2.92452e-18
-1.61862e-18
-9.10592e-18
-1.89236e-19
2.50032e-17
1.46439e-17
-5.84387e-17
-7.44842e-17
1.05431e-16
2.61407e-16
-9.10256e-17
-7.21856e-16
-2.96133e-16
1.55338e-15
1.9118e-15
-2.22175e-15
-6.34043e-15
-5.87476e-17
1.46701e-14
1.29566e-14
-2.17205e-14
-4.89865e-14
2.41353e-15
1.09981e-13
1.02139e-13
-1.34829e-13
-3.54435e-13
-8.32627e-14
6.50689e-13
8.71244e-13
-3.74134e-13
-2.17572e-12
-1.71679e-12
2.3249e-12
6.08012e-12
2.72728e-12
-8.35829e-12
-1.54188e-11
-3.49635e-12
2.42269e-11
3.74474e-11
4.54109e-12
-6.14507e-11
-9.00567e-11
-1.33271e-11
1.38946e-10
2.15639e-10
6.51129e-11
-2.72349e-10
-5.00612e-10
-2.76936e-10
4.13492e-10
1.06497e-09
9.38744e-10
-2.64414e-10
-1.88364e-09
-2.51703e-09
-1.05247e-09
2.16722e-09
5.06402e-09
4.96734e-09
6.43409e-10
-6.20181e-09
-1.12779e-08
-1.01123e-08
-1.20799e-09
1.21131e-08
2.26588e-08
2.29695e-08
9.70437e-09
-1.3636e-08
-3.74286e-08
-4.98234e-08
-4.22526e-08
-1.35006e-08
2.88495e-08
7.13238e-08
9.86951e-08
1.00111e-07
7.15303e-08
1.66226e-08
-5.0653e-08
-1.32455e-07
-1.61151e-07
-3.15349e-07
