ordre_2
-4.51273e-25
-3.1619e-23
1.48434e-24
1.8497e-22
1.70656e-23
-7.94172e-22
-2.12446e-22
2.94453e-21
1.44687e-21
-9.83683e-21
-7.62607e-21
2.98428e-20
3.41779e-20
-8.11705e-20
-1.35289e-19
1.8996e-19
4.80476e-19
-3.37948e-19
-1.5353e-18
1.98031e-19
4.37614e-18
1.808e-18
-1.08502e-17
-1.115e-17
2.19496e-17
4.28392e-17
-2.89314e-17
-1.28587e-16
-1.5694e-17
3.09412e-16
2.64945e-16
-5.55204e-16
-1.06793e-15
4.77924e-16
2.90971e-15
1.30838e-15
-5.60925e-15
-7.89044e-15
5.65436e-15
2.28391e-14
8.73902e-15
-4.18312e-14
-5.95736e-14
3.10733e-14
1.58208e-13
9.69069e-14
-2.28993e-13
-4.43898e-13
-1.17017e-14
8.86606e-13
1.01508e-12
-6.0782e-13
-2.69835e-12
-1.97855e-12
2.85068e-12
7.21994e-12
3.44995e-12
-9.23659e-12
-1.80267e-11
-6.04238e-12
2.49664e-11
4.35845e-11
1.33061e-11
-5.90815e-11
-1.03612e-10
-4.03182e-11
1.21486e-10
2.3963e-10
1.373e-10
-2.01012e-10
-5.19278e-10
-4.36957e-10
1.88591e-10
9.83143e-10
1.19616e-09
2.94918e-10
-1.40089e-09
-2.6494e-09
-2.05931e-09
7.05257e-10
4.21355e-09
5.81961e-09
3.39712e-09
-2.80146e-09
-9.56677e-09
-1.21788e-08
-7.29208e-09
4.43424e-09
1.77531e-08
2.49984e-08
2.00858e-08
2.25147e-09
-2.26255e-08
-4.38371e-08
-5.07276e-08
-3.62305e-08
-4.19969e-09
4.24734e-08
7.48201e-08
1.08593e-07
9.95693e-08
