ordre_1
7.87063e-29
5.95338e-27
2.2235e-25
5.46666e-24
9.95233e-23
1.43097e-21
1.6925e-20
1.69361e-19
1.46353e-18
1.10945e-17
7.4696e-17
4.51144e-16
2.46465e-15
1.22642e-14
5.5918e-14
2.34821e-13
9.12361e-13
3.29303e-12
1.10817e-11
3.48857e-11
1.03053e-10
2.86492e-10
7.51632e-10
1.866e-09
4.39529e-09
9.84898e-09
2.10524e-08
4.30453e-08
8.44348e-08
1.59364e-07
2.90328e-07
5.12164e-07
8.77734e-07
1.46608e-06
2.39413e-06
3.83361e-06
6.03496e-06
9.36117e-06
1.43343e-05
2.16991e-05
3.25077e-05
4.82315e-05
7.09072e-05
0.000103323
0.000149256
0.000213767
0.00030356
0.000427422
0.000596742
0.000826103
0.00113397
0.00154346
0.00208309
0.0027877
0.00369921
0.0048674
0.00635054
0.00821581
0.0105394
0.0134064
0.0169097
0.0211489
0.0262282
0.0322538
0.0393298
0.0475548
0.0570162
0.0677851
0.0799102
0.093412
0.108277
0.124452
0.141841
0.160302
0.179641
0.199622
0.219962
0.240337
0.260393
0.279752
0.298024
0.314823
0.329775
0.342535
0.3528
0.360319
0.364908
0.36645
0.364908
0.360319
0.3528
0.342535
0.329775
0.314823
0.298024
0.279752
0.260393
0.240337
0.219962
0.199622
0.179641
