ordre_2
-1.26117e-43
1.68156e-44
1.12104e-42
-4.90454e-44
-5.51831e-42
-1.48538e-43
2.26618e-41
2.5896e-42
-8.45894e-41
-1.8734e-41
2.96574e-40
1.03919e-40
-9.90784e-40
-4.98732e-40
3.17382e-39
2.17229e-39
-9.76503e-39
-8.79691e-39
2.88054e-38
3.35755e-38
-8.10308e-38
-1.21755e-37
2.15106e-37
4.2144e-37
-5.28227e-37
-1.39555e-36
1.14989e-36
4.42244e-36
-1.96904e-36
-1.33913e-35
1.22975e-36
3.86031e-35
1.00235e-35
-1.05223e-34
-6.70242e-35
2.67971e-34
2.90331e-34
-6.23429e-34
-1.05217e-33
1.26178e-33
3.40037e-33
-1.92087e-33
-1.00109e-32
5.60682e-34
2.69417e-32
1.13638e-32
-6.55965e-32
-6.23982e-32
1.40027e-31
2.34563e-31
-2.39914e-31
-7.33215e-31
2.17998e-31
1.99518e-30
5.65712e-31
-4.73344e-30
-4.17347e-30
9.43151e-30
1.60834e-29
-1.37153e-29
-4.83393e-29
3.61255e-30
1.2113e-28
6.91443e-29
-2.50114e-28
-3.3334e-28
3.80933e-28
1.06113e-27
-1.82425e-28
-2.65966e-27
-1.44431e-27
5.26206e-27
7.21125e-27
-7.06888e-27
-2.20922e-26
-1.11061e-28
5.11285e-26
3.9476e-26
-8.69599e-26
-1.58547e-25
7.2743e-26
4.18015e-25
1.73808e-25
-7.97866e-25
-1.05133e-24
9.01765e-25
3.11413e-24
6.42229e-25
-6.36896e-24
-6.80837e-24
7.98289e-24
2.12955e-23
2.60643e-24
-4.24339e-23
-5.02855e-23
4.86209e-23
1.73717e-22
1.03583e-23
-3.80204e-22
-1.39671e-22
4.08715e-22
