ordre_2
-1.52612e-12
-5.96263e-11
-1.00982e-11
3.12094e-10
2.34415e-10
-9.79334e-10
-1.58556e-09
1.47956e-09
5.96083e-09
2.86015e-09
-1.11348e-08
-2.12684e-08
-5.46837e-09
3.61458e-08
6.80928e-08
4.5288e-08
-4.4099e-08
-1.61116e-07
-2.39068e-07
-2.22246e-07
-8.56155e-08
1.76762e-07
5.81763e-07
1.18751e-06
2.11687e-06
3.57975e-06
5.90508e-06
9.59231e-06
1.539e-05
2.44091e-05
3.82799e-05
5.93655e-05
9.10465e-05
0.000138096
0.00020716
0.000307366
0.000451078
0.000654797
0.00094024
0.00133556
0.00187672
0.00260892
0.00358807
0.00488219
0.0065726
0.0087547
0.0115383
0.015047
0.0194168
0.0247937
0.0313293
0.0391757
0.0484788
0.0593701
0.0719573
0.0863146
0.102472
0.120407
0.140032
0.161194
0.183662
0.207135
0.231238
0.255531
0.279523
0.302682
0.324462
0.344313
0.361714
0.37619
0.387335
0.394831
0.398463
0.398131
0.393849
0.385753
0.374084
0.359184
0.341476
0.321442
0.299608
0.276515
0.252699
0.228672
0.204906
0.181817
0.159757
0.139005
0.119773
0.102198
0.0863565
0.0722632
0.0598845
0.0491464
0.0399447
0.0321505
0.025637
0.0202085
0.0159313
0.0118077
0.0111872
