ordre_2
-1.4013e-45
-2.8026e-45
-2.8026e-45
-1.4013e-45
0
1.4013e-45
1.4013e-45
0
-1.4013e-45
-2.8026e-45
-2.8026e-45
-1.4013e-45
0
1.4013e-45
1.4013e-45
2.8026e-45
1.4013e-45
5.60519e-45
9.80909e-45
-1.4013e-45
-2.24208e-44
-5.60519e-45
5.1848e-44
1.82169e-44
-1.58347e-43
-9.66896e-44
4.4281e-43
3.93765e-43
-1.20652e-42
-1.48538e-42
3.10388e-42
5.19041e-42
-7.45911e-42
-1.72065e-41
1.5986e-41
5.41238e-41
-2.76e-41
-1.62097e-40
2.16767e-41
4.61179e-40
1.0627e-40
-1.23984e-39
-7.62026e-40
3.11551e-39
3.31547e-39
-7.16283e-39
-1.19474e-38
1.43745e-38
3.83296e-38
-2.19065e-38
-1.12174e-37
7.73457e-39
3.01109e-37
1.20211e-37
-7.35526e-37
-6.7052e-37
1.5924e-36
2.53958e-36
-2.84231e-36
-8.02362e-36
3.12419e-36
2.22335e-35
3.9795e-36
-5.44323e-35
-4.02247e-35
1.15002e-34
1.66733e-34
-1.92429e-34
-5.29348e-34
1.66036e-34
1.41386e-33
4.47912e-34
-3.21076e-33
-3.09856e-33
5.91086e-33
1.13228e-32
-7.07302e-33
-3.20201e-32
-4.06171e-33
7.42327e-32
5.99902e-32
-1.36294e-31
-2.37742e-31
1.58436e-31
6.76834e-31
1.00935e-31
-1.52052e-30
-1.30465e-30
2.55816e-30
4.81871e-30
-2.04958e-30
-1.25689e-29
-6.1387e-30
2.52687e-29
3.7502e-29
-3.77416e-29
-1.19276e-28
3.47945e-29
2.6178e-28
-6.57675e-30
-2.85192e-28
