ordre_2
-1.4013e-45
-2.8026e-45
-2.8026e-45
-1.4013e-45
0
1.4013e-45
1.4013e-45
0
-1.4013e-45
-2.8026e-45
-2.8026e-45
-1.4013e-45
0
1.4013e-45
1.4013e-45
2.8026e-45
1.4013e-45
0
-1.4013e-45
-2.8026e-45
-4.2039e-45
-5.60519e-45
-5.60519e-45
-4.2039e-45
-2.8026e-45
-1.4013e-45
-1.4013e-45
-0
-0
-1.4013e-45
-2.8026e-45
-4.2039e-45
-5.60519e-45
-7.00649e-45
-7.00649e-45
-5.60519e-45
-4.2039e-45
-2.8026e-45
-1.4013e-45
-1.4013e-45
-2.8026e-45
-4.2039e-45
-5.60519e-45
-7.00649e-45
-7.00649e-45
-8.40779e-45
-9.80909e-45
-1.12104e-44
-1.26117e-44
-1.4013e-44
-1.4013e-44
-1.4013e-44
-1.26117e-44
-1.12104e-44
-9.80909e-45
-8.40779e-45
-8.40779e-45
-7.00649e-45
-5.60519e-45
-4.2039e-45
-2.8026e-45
-5.60519e-45
-1.54143e-44
-2.66247e-44
-1.12104e-44
1.68156e-44
-5.60519e-45
-8.54792e-44
-6.02558e-44
1.73761e-43
2.28412e-43
-3.44719e-43
-7.67912e-43
4.79244e-43
2.19724e-42
-9.66896e-44
-5.67666e-42
-2.83903e-42
1.28569e-41
1.4226e-41
-2.47189e-41
-4.94784e-41
3.46051e-41
1.42166e-40
-5.63602e-42
-3.49848e-40
-1.92653e-40
7.23209e-40
9.36191e-40
-1.13068e-39
-3.16353e-39
6.75884e-40
8.9293e-39
3.7043e-39
-2.20709e-38
-1.93242e-38
4.78121e-38
5.62386e-38
-8.52111e-38
-1.01368e-37
8.42983e-38
