ordre_2
2.97075e-43
-6.474e-43
-2.66107e-42
3.70643e-42
1.33109e-41
-1.54647e-41
-5.5867e-41
5.52364e-41
2.14664e-40
-1.76212e-40
-7.79673e-40
5.04268e-40
2.71515e-39
-1.25821e-39
-9.12528e-39
2.4604e-39
2.9674e-38
-1.89656e-39
-9.33705e-38
-1.46404e-38
2.83759e-37
1.13007e-37
-8.29785e-37
-5.56463e-37
2.32038e-36
2.30192e-36
-6.14191e-36
-8.58077e-36
1.51177e-35
2.96219e-35
-3.34025e-35
-9.58358e-35
6.05917e-35
2.91829e-34
-6.03071e-35
-8.35585e-34
-1.62667e-34
2.23566e-33
1.37213e-33
-5.5122e-33
-6.11438e-33
1.21612e-32
2.19367e-32
-2.23307e-32
-6.89018e-32
2.58311e-32
1.94208e-31
2.97914e-32
-4.91513e-31
-3.33559e-31
1.09368e-30
1.44922e-30
-2.00521e-30
-4.81688e-30
2.35259e-30
1.35337e-29
2.02635e-30
-3.26942e-29
-2.48557e-29
6.58994e-29
1.02577e-28
-9.72549e-29
-3.13875e-28
3.28407e-29
7.84333e-28
4.45742e-28
-1.58695e-27
-2.16041e-27
2.28561e-27
6.75075e-27
-5.90591e-28
-1.63475e-26
-1.058e-26
3.0389e-26
4.74176e-26
-3.45011e-26
-1.35973e-25
-2.61693e-26
2.90924e-25
2.90361e-25
-4.28149e-25
-1.0029e-24
1.42942e-25
2.36454e-24
1.6632e-24
-3.85128e-24
-7.00352e-24
2.50544e-24
1.76568e-23
9.68165e-24
-2.97503e-23
-4.63207e-23
1.97229e-23
1.16181e-22
7.91991e-23
-1.90779e-22
-3.87043e-22
1.71643e-22
9.56211e-22
7.89122e-24
-1.08179e-21
