ordre_2
-2.30804e-28
-4.17823e-28
2.02434e-27
2.6202e-27
-9.59179e-27
-1.25545e-26
3.695e-26
5.37964e-26
-1.25511e-25
-2.14736e-25
3.83966e-25
8.08616e-25
-1.05084e-24
-2.88126e-24
2.47281e-24
9.7019e-24
-4.37031e-24
-3.0738e-23
1.78745e-24
9.0912e-23
3.12108e-23
-2.47623e-22
-1.96407e-22
6.05722e-22
8.30498e-22
-1.2598e-21
-2.89725e-21
1.88318e-21
8.7543e-21
-1.13875e-22
-2.30251e-20
-1.32844e-20
5.1274e-20
6.58757e-20
-8.77512e-20
-2.22982e-19
6.87393e-20
5.98075e-19
2.52653e-19
-1.27145e-18
-1.54455e-18
1.87957e-18
5.10615e-18
-4.26718e-19
-1.22641e-17
-8.99014e-18
2.07418e-17
3.80179e-17
-1.42817e-17
-9.7885e-17
-5.52175e-17
1.66603e-16
2.74331e-16
-1.06822e-16
-6.94475e-16
-4.395e-16
1.04952e-15
1.96996e-15
-2.19835e-16
-4.32636e-15
-4.0215e-15
4.65768e-15
1.31376e-14
4.73134e-15
-2.11931e-14
-3.28233e-14
5.18534e-15
7.02531e-14
7.03618e-14
-5.42374e-14
-1.98552e-13
-1.32131e-13
2.16845e-13
5.10726e-13
2.22025e-13
-6.69013e-13
-1.2446e-12
-3.55482e-13
1.79558e-12
2.95456e-12
6.5232e-13
-4.36427e-12
-6.9423e-12
-1.7099e-12
9.6854e-12
1.61658e-11
5.79112e-12
-1.92676e-11
-3.67511e-11
-1.99594e-11
3.22951e-11
7.91679e-11
6.23102e-11
-3.59663e-11
-1.55181e-10
-1.70766e-10
-7.53921e-12
2.2665e-10
4.34927e-10
2.43066e-10
-5.19746e-10
