ordre_2
7.06254e-43
3.83255e-42
-6.16151e-42
-2.30121e-41
2.90209e-41
1.03583e-40
-1.1082e-40
-4.13502e-40
3.72095e-40
1.54045e-39
-1.12051e-39
-5.46936e-39
2.98922e-39
1.86858e-38
-6.64541e-39
-6.16853e-38
9.46628e-39
1.96973e-37
1.22778e-38
-6.07735e-37
-1.80075e-37
1.80636e-36
1.0056e-36
-5.14524e-36
-4.4154e-36
1.39253e-35
1.70974e-35
-3.52939e-35
-6.07367e-35
8.15142e-35
2.01294e-34
-1.61186e-34
-6.26667e-34
2.20587e-34
1.83415e-33
1.04105e-34
-5.02495e-33
-2.35147e-33
1.27441e-32
1.18881e-32
-2.92303e-32
-4.51813e-32
5.74491e-32
1.47448e-31
-8.14502e-32
-4.2904e-31
-7.75165e-34
1.12092e-30
5.84692e-31
-2.5924e-30
-2.90436e-30
5.05545e-30
1.02378e-29
-7.03383e-30
-2.9961e-29
1.29478e-31
7.51887e-29
4.52237e-29
-1.58991e-28
-2.11152e-28
2.57688e-28
6.83399e-28
-1.83148e-28
-1.78195e-27
-7.52201e-28
3.78124e-27
4.40985e-27
-5.95113e-27
-1.46951e-26
3.56333e-27
3.7227e-26
1.89717e-26
-7.29072e-26
-9.89882e-26
9.36044e-26
3.00474e-25
1.89794e-26
-6.72555e-25
-5.7896e-25
1.06008e-24
2.17029e-24
-6.01146e-25
-5.35659e-24
-3.15801e-24
9.1981e-24
1.49061e-23
-7.32909e-24
-3.93276e-23
-1.84411e-23
6.97107e-23
1.00432e-22
-5.82459e-23
-2.60539e-22
-1.34477e-22
4.20165e-22
7.77241e-22
-2.59739e-22
-2.14251e-21
-6.37713e-22
3.6429e-21
1.30028e-21
