ordre_1
1.4013e-45
2.8026e-45
4.2039e-45
5.60519e-45
7.00649e-45
8.40779e-45
9.80909e-45
1.12104e-44
2.38221e-44
2.94273e-43
4.69295e-42
6.89775e-41
9.25164e-40
1.13864e-38
1.29345e-37
1.36305e-36
1.33844e-35
1.22941e-34
1.05999e-33
8.60478e-33
6.59488e-32
4.78384e-31
3.29174e-30
2.15297e-29
1.34099e-28
7.96773e-28
4.52321e-27
2.45695e-26
1.27871e-25
6.3843e-25
3.06149e-24
1.41157e-23
6.26428e-23
2.67826e-22
1.10418e-21
4.39347e-21
1.68851e-20
6.27276e-20
2.25419e-19
7.84153e-19
2.64226e-18
8.62954e-18
2.7334e-17
8.40183e-17
2.50752e-16
7.27032e-16
2.04893e-15
5.61556e-15
1.4975e-14
3.88747e-14
9.82882e-14
2.42148e-13
5.81587e-13
1.36241e-12
3.1144e-12
6.95055e-12
1.51516e-11
3.2278e-11
6.72337e-11
1.37002e-10
2.73247e-10
5.33727e-10
1.02156e-09
1.91712e-09
3.52972e-09
6.37991e-09
1.13281e-08
1.97727e-08
3.395e-08
5.73833e-08
9.55472e-08
1.56837e-07
2.53975e-07
4.06025e-07
6.41257e-07
1.00119e-06
1.54623e-06
2.36352e-06
3.57768e-06
5.36548e-06
7.9756e-06
1.1755e-05
1.71839e-05
2.49214e-05
3.58646e-05
5.12241e-05
7.26199e-05
0.000102201
0.000142791
0.000198073
0.000272799
0.00037305
0.000506531
0.000682918
0.000914236
0.00121529
0.00160411
0.00210244
0.00273621
0.00353601
0.00453751
