u_np1_2nd_order
-1.79415e-09
1.45394e-08
2.76658e-08
-3.16343e-08
-1.44886e-07
-1.64224e-07
4.1242e-08
4.86545e-07
1.14967e-06
2.09321e-06
3.50855e-06
5.71392e-06
9.17564e-06
1.45741e-05
2.2908e-05
3.56347e-05
5.48595e-05
8.35849e-05
0.00012604
0.000188105
0.000277845
0.000406188
0.000587726
0.000841693
0.00119307
0.00167386
0.00232444
0.00319495
0.00434674
0.00585358
0.00780264
0.010295
0.0134458
0.0173827
0.0222449
0.0281789
0.035335
0.0438608
0.0538943
0.0655551
0.0789354
0.0940897
0.111025
0.129692
0.149975
0.17169
0.194577
0.218304
0.242472
0.266621
0.290241
0.312796
0.333737
0.352525
0.368656
0.381681
0.39123
0.397024
0.398895
0.396789
0.39077
0.38102
0.367825
0.351563
0.332688
0.311705
0.289153
0.265577
0.241509
0.217449
0.193851
0.171106
0.149538
0.129399
0.110867
0.0940518
0.0790007
0.0657042
0.0541075
0.0441188
0.0356201
0.0284756
0.0225403
0.0176667
0.0137109
0.0105363
0.00801721
0.00604056
0.0045066
0.00332921
0.00243532
0.00176398
0.00126519
0.000898551
0.000631915
0.000440047
0.000303461
0.000207112
0.000140499
9.19018e-05
7.10357e-05
