ordre_1
6.2965e-28
4.57381e-26
1.6397e-24
3.86763e-23
6.75193e-22
9.30453e-21
1.05422e-19
1.01003e-18
8.35261e-18
6.05627e-17
3.89812e-16
2.24968e-15
1.17381e-14
5.57602e-14
2.426e-13
9.71753e-13
3.60007e-12
1.23861e-11
3.97232e-11
1.19158e-10
3.35398e-10
8.88546e-10
2.22207e-09
5.26076e-09
1.18253e-08
2.53117e-08
5.17472e-08
1.01361e-07
1.90843e-07
3.46557e-07
6.09066e-07
1.0396e-06
1.72933e-06
2.81278e-06
4.48715e-06
7.03972e-06
1.08863e-05
1.66242e-05
2.51036e-05
3.75235e-05
5.55561e-05
8.15099e-05
0.000118536
0.000170891
0.000244259
0.000346148
0.000486366
0.000677579
0.000935951
0.00128187
0.00174075
0.00234384
0.00312911
0.00414205
0.0054364
0.00707475
0.00912881
0.0116794
0.0148161
0.0186359
0.0232421
0.0287412
0.0352404
0.0428435
0.051646
0.06173
0.0731585
0.0859692
0.100168
0.115725
0.132567
0.150575
0.169582
0.189374
0.209687
0.230215
0.250616
0.270517
0.289529
0.307258
0.323316
0.337336
0.348989
0.357991
0.364122
0.367226
0.367226
0.364122
0.357991
0.348989
0.337336
0.323316
0.307258
0.289529
0.270517
0.250615
0.230215
0.209687
0.189374
0.169582
0.150575
