ordre_2
-1.4013e-45
-2.8026e-45
-2.8026e-45
-1.4013e-45
0
1.4013e-45
1.4013e-45
0
-1.4013e-45
-2.8026e-45
-2.8026e-45
-1.4013e-45
0
1.4013e-45
1.4013e-45
2.8026e-45
1.4013e-45
0
-1.4013e-45
-2.8026e-45
-4.2039e-45
-5.60519e-45
-5.60519e-45
-4.2039e-45
-2.8026e-45
-1.4013e-45
-1.4013e-45
-1.4013e-45
-7.00649e-45
-1.96182e-44
-9.80909e-45
2.38221e-44
1.12104e-44
-7.84727e-44
-6.44597e-44
2.03188e-43
2.49431e-43
-4.9606e-43
-8.60397e-43
1.10983e-42
2.79559e-42
-2.12016e-42
-8.53671e-42
2.74094e-42
2.45704e-41
1.82309e-42
-6.65729e-41
-3.13975e-41
1.68174e-40
1.54311e-40
-3.88712e-40
-5.80789e-40
7.87666e-40
1.89767e-39
-1.23822e-39
-5.5913e-39
6.63497e-40
1.50115e-38
5.47632e-39
-3.65089e-38
-3.23347e-38
7.83632e-38
1.23511e-37
-1.37746e-37
-3.89147e-37
1.44854e-37
1.06955e-36
2.17657e-37
-2.58557e-36
-2.00204e-36
5.35953e-36
8.10476e-36
-8.65431e-36
-2.5276e-35
6.36176e-36
6.62882e-35
2.4899e-35
-1.47155e-34
-1.53295e-34
2.61238e-34
5.41483e-34
-2.81709e-34
-1.49893e-33
-3.07696e-34
3.41059e-33
2.99007e-33
-6.10634e-33
-1.10832e-32
6.52255e-33
3.00523e-32
7.76088e-33
-6.41228e-32
-7.27524e-32
1.02495e-31
2.70706e-31
-9.08443e-32
-7.36233e-31
-7.86742e-32
1.50195e-30
3.92062e-31
-1.58588e-30
