ordre_2
-8.91383e-24
5.93837e-23
8.36208e-23
-3.37898e-22
-4.4871e-22
1.38243e-21
2.04336e-21
-4.76285e-21
-8.46724e-21
1.42632e-20
3.2492e-20
-3.64132e-20
-1.15752e-19
7.17179e-20
3.81221e-19
-5.91727e-20
-1.14919e-18
-3.52762e-19
3.11163e-18
2.55687e-18
-7.28428e-18
-1.09898e-17
1.3382e-17
3.72241e-17
-1.22763e-17
-1.04559e-16
-3.74906e-17
2.39698e-16
2.62586e-16
-4.03848e-16
-9.44786e-16
2.53994e-16
2.46449e-15
1.39103e-15
-4.62523e-15
-7.15731e-15
4.38731e-15
2.01582e-14
8.49156e-15
-3.69216e-14
-5.37535e-14
2.82891e-14
1.43819e-13
8.46479e-14
-2.16674e-13
-4.03598e-13
1.82697e-14
8.46176e-13
8.95957e-13
-6.93297e-13
-2.56952e-12
-1.61162e-12
3.10648e-12
6.81423e-12
2.33104e-12
-1.00031e-11
-1.68341e-11
-2.77487e-12
2.72911e-11
4.04991e-11
4.30819e-12
-6.62685e-11
-9.71033e-11
-1.73174e-11
1.43571e-10
2.30766e-10
8.4405e-11
-2.65286e-10
-5.24797e-10
-3.34682e-10
3.56026e-10
1.07216e-09
1.05832e-09
-6.87106e-11
-1.75763e-09
-2.64215e-09
-1.48551e-09
1.62983e-09
4.85151e-09
5.47324e-09
1.8631e-09
-4.86829e-09
-1.08262e-08
-1.13455e-08
-4.0643e-09
8.85116e-09
2.09731e-08
2.45946e-08
1.50138e-08
-6.24903e-09
-3.11587e-08
-4.82364e-08
-4.75795e-08
-2.54702e-08
1.32494e-08
5.74877e-08
9.03566e-08
1.06349e-07
7.72403e-08
6.53417e-08
-7.60399e-08
