ordre_2
-1.4013e-45
-2.8026e-45
-2.8026e-45
-1.4013e-45
0
1.4013e-45
1.4013e-45
0
-1.4013e-45
-2.8026e-45
-2.8026e-45
-1.4013e-45
0
1.4013e-45
1.4013e-45
2.8026e-45
1.4013e-45
0
-1.4013e-45
-2.8026e-45
-4.2039e-45
-5.60519e-45
-7.00649e-45
-8.40779e-45
2.8026e-45
1.82169e-44
-2.8026e-45
-4.62428e-44
-0
1.34525e-43
3.64338e-44
-3.83956e-43
-2.24208e-43
1.02995e-42
9.45876e-43
-2.65406e-42
-3.53968e-42
6.35629e-42
1.21072e-41
-1.36977e-41
-3.86646e-41
2.42383e-41
1.16086e-40
-2.33989e-41
-3.28218e-40
-6.42888e-41
8.6972e-40
5.28613e-40
-2.13478e-39
-2.3277e-39
4.73157e-39
8.30259e-39
-8.90774e-39
-2.60927e-38
1.15188e-38
7.41881e-38
5.15382e-39
-1.91631e-37
-1.0784e-37
4.43876e-37
5.04601e-37
-8.84748e-37
-1.75971e-36
1.332e-36
5.20762e-36
-5.45042e-37
-1.34979e-35
-6.19392e-36
3.0447e-35
3.30676e-35
-5.68112e-35
-1.1593e-34
7.17235e-35
3.30214e-34
2.53057e-35
-7.95429e-34
-5.603e-34
1.58381e-33
2.37868e-33
-2.28683e-33
-7.25525e-33
6.68586e-34
1.79225e-32
1.05603e-32
-3.57698e-32
-4.95062e-32
5.0831e-32
1.50308e-31
-1.24082e-32
-3.50994e-31
-2.38803e-31
6.14417e-31
1.09482e-30
-5.90622e-31
-3.33272e-30
-8.01967e-31
8.04894e-30
5.33113e-30
-1.51855e-29
-1.17852e-29
1.5395e-29
