ordre_1
1.4013e-45
2.8026e-45
4.2039e-45
5.60519e-45
7.00649e-45
8.40779e-45
9.80909e-45
1.12104e-44
1.26117e-44
1.4013e-44
1.54143e-44
1.68156e-44
1.82169e-44
1.96182e-44
2.10195e-44
2.24208e-44
2.38221e-44
2.52234e-44
2.66247e-44
2.8026e-44
2.94273e-44
3.08286e-44
3.22299e-44
3.36312e-44
3.50325e-44
3.64338e-44
3.78351e-44
3.92364e-44
4.06377e-44
4.2039e-44
4.34403e-44
4.48416e-44
4.62428e-44
4.76441e-44
4.90454e-44
5.04467e-44
5.1848e-44
5.32493e-44
5.46506e-44
5.60519e-44
5.74532e-44
5.88545e-44
6.02558e-44
6.16571e-44
6.30584e-44
6.44597e-44
6.5861e-44
6.72623e-44
6.86636e-44
7.00649e-44
7.14662e-44
7.28675e-44
7.42688e-44
7.56701e-44
7.70714e-44
7.84727e-44
7.9874e-44
8.12753e-44
8.26766e-44
8.40779e-44
9.66896e-44
1.68156e-43
5.14277e-43
2.14118e-42
9.6087e-42
4.3216e-41
1.91663e-40
8.35404e-40
3.57668e-39
1.50423e-38
6.2154e-38
2.52365e-37
1.00711e-36
3.95084e-36
1.52388e-35
5.78006e-35
2.15632e-34
7.91338e-34
2.85727e-33
1.0152e-32
3.54998e-32
1.22192e-31
4.14063e-31
1.38153e-30
4.53921e-30
1.4689e-29
4.6822e-29
1.47032e-28
4.54923e-28
1.387e-27
4.16761e-27
1.23429e-26
3.6035e-26
1.03718e-25
2.94347e-25
8.23738e-25
2.27348e-24
6.18888e-24
1.66188e-23
4.40253e-23
1.1507e-22
