ordre_1
1.4013e-45
2.8026e-45
4.2039e-45
5.60519e-45
7.00649e-45
8.40779e-45
9.80909e-45
1.12104e-44
1.26117e-44
1.4013e-44
1.54143e-44
1.68156e-44
1.82169e-44
1.96182e-44
2.10195e-44
2.24208e-44
2.38221e-44
2.52234e-44
2.66247e-44
2.8026e-44
2.94273e-44
3.08286e-44
3.22299e-44
3.36312e-44
3.50325e-44
3.64338e-44
3.78351e-44
3.92364e-44
4.06377e-44
4.2039e-44
4.34403e-44
4.48416e-44
4.62428e-44
4.76441e-44
4.90454e-44
5.04467e-44
5.1848e-44
5.32493e-44
5.46506e-44
5.60519e-44
5.74532e-44
5.88545e-44
6.02558e-44
6.16571e-44
6.30584e-44
6.44597e-44
6.5861e-44
6.72623e-44
6.86636e-44
7.00649e-44
7.14662e-44
7.28675e-44
7.42688e-44
7.56701e-44
7.70714e-44
7.84727e-44
7.9874e-44
8.12753e-44
9.10844e-44
1.54143e-43
4.69435e-43
1.97023e-42
8.99213e-42
4.11533e-41
1.8562e-40
8.22416e-40
3.57747e-39
1.52791e-38
6.40822e-38
2.63985e-37
1.06835e-36
4.24837e-36
1.66032e-35
6.37826e-35
2.40897e-34
8.94656e-34
3.26777e-33
1.17406e-32
4.14994e-32
1.44337e-31
4.94039e-31
1.66442e-30
5.52004e-30
1.80246e-29
5.79551e-29
1.83519e-28
5.72393e-28
1.75868e-27
5.32371e-27
1.58794e-26
4.66765e-26
1.35226e-25
3.86166e-25
1.08715e-24
3.01756e-24
8.25897e-24
2.22918e-23
5.93423e-23
1.55823e-22
4.03636e-22
1.03155e-21
