ordre_1
1.4013e-45
2.8026e-45
4.2039e-45
5.60519e-45
7.00649e-45
8.40779e-45
9.80909e-45
1.12104e-44
1.26117e-44
1.4013e-44
1.54143e-44
1.68156e-44
1.82169e-44
1.96182e-44
2.10195e-44
2.24208e-44
2.38221e-44
2.52234e-44
2.66247e-44
2.8026e-44
2.94273e-44
3.08286e-44
3.22299e-44
3.36312e-44
3.50325e-44
3.64338e-44
3.78351e-44
3.92364e-44
4.06377e-44
4.2039e-44
4.34403e-44
4.48416e-44
4.62428e-44
4.76441e-44
4.90454e-44
5.04467e-44
5.1848e-44
5.32493e-44
5.46506e-44
5.60519e-44
5.74532e-44
5.88545e-44
6.02558e-44
6.16571e-44
6.30584e-44
6.44597e-44
6.5861e-44
6.72623e-44
6.86636e-44
7.00649e-44
7.14662e-44
7.28675e-44
7.42688e-44
7.56701e-44
7.70714e-44
7.84727e-44
7.9874e-44
8.12753e-44
8.26766e-44
8.40779e-44
8.54792e-44
8.68805e-44
8.82818e-44
8.96831e-44
9.66896e-44
1.48538e-43
3.90962e-43
1.50219e-42
6.44177e-42
2.80344e-41
1.20757e-40
5.12012e-40
2.13471e-39
8.75095e-39
3.52761e-38
1.39857e-37
5.45435e-37
2.09279e-36
7.90142e-36
2.93595e-35
1.0738e-34
3.86629e-34
1.37065e-33
4.785e-33
1.64521e-32
5.5719e-32
1.85903e-31
6.11122e-31
1.97963e-30
6.31985e-30
1.98862e-29
6.16835e-29
1.88631e-28
5.68761e-28
1.69111e-27
4.95889e-27
1.43423e-26
4.09183e-26
1.15168e-25
3.19816e-25
8.76339e-25
