ordre_1
3.38041e-19
1.47523e-17
3.15245e-16
4.39746e-15
4.50419e-14
3.61319e-13
2.36462e-12
1.2987e-11
6.1122e-11
2.50522e-10
9.05997e-10
2.92281e-09
8.49218e-09
2.24154e-08
5.41907e-08
1.2095e-07
2.51219e-07
4.89553e-07
9.02546e-07
1.58752e-06
2.68613e-06
4.40588e-06
7.05255e-06
1.10768e-05
1.71386e-05
2.61928e-05
3.96041e-05
5.92969e-05
8.7952e-05
0.00012926
0.000188246
0.000271667
0.000388514
0.000550598
0.000773254
0.00107614
0.00148415
0.00202837
0.00274713
0.003687
0.00490376
0.00646322
0.00844175
0.0109265
0.014015
0.0178143
0.0224394
0.0280105
0.0346493
0.0424753
0.0515993
0.0621183
0.0741075
0.0876138
0.102648
0.119179
0.137124
0.15635
0.176665
0.197822
0.219516
0.241395
0.263063
0.284094
0.304042
0.322459
0.338912
0.352996
0.364354
0.372689
0.377782
0.379495
0.377782
0.372689
0.364354
0.352996
0.338912
0.322459
0.304042
0.284094
0.263063
0.241395
0.219516
0.197822
0.176665
0.15635
0.137124
0.119179
0.102648
0.0876138
0.0741075
0.0621183
0.0515993
0.0424753
0.0346493
0.0280105
0.0224394
0.0178143
0.014015
0.0109265
0.00844175
