ordre_2
4.31099e-27
-9.40161e-27
-3.8858e-26
5.18562e-26
1.94379e-25
-2.00151e-25
-8.11973e-25
6.23219e-25
3.07642e-24
-1.54101e-24
-1.08574e-23
2.39273e-24
3.59734e-23
2.86828e-24
-1.11742e-22
-4.58466e-23
3.22673e-22
2.56416e-22
-8.51055e-22
-1.09353e-21
1.9773e-21
3.98667e-21
-3.69377e-21
-1.28492e-20
3.68505e-21
3.6818e-20
9.93607e-21
-9.24486e-20
-7.93511e-20
1.94209e-19
3.23747e-19
-2.93851e-19
-1.01126e-18
6.77483e-20
2.56563e-18
1.6239e-18
-5.11784e-18
-7.68762e-18
6.54898e-18
2.33473e-17
2.79374e-18
-5.24924e-17
-4.93224e-17
7.99283e-17
1.80556e-16
-2.50028e-17
-4.27875e-16
-3.28068e-16
6.46511e-16
1.31987e-15
-1.59529e-16
-3.00056e-15
-2.58634e-15
3.80519e-15
9.27544e-15
1.53132e-15
-1.76273e-14
-2.1694e-14
1.27818e-14
5.77019e-14
3.76595e-14
-7.29584e-14
-1.56533e-13
-3.57414e-14
2.62808e-13
3.76402e-13
-5.66381e-14
-7.81845e-13
-8.41824e-13
4.26412e-13
2.08823e-12
1.83788e-12
-1.47322e-12
-5.21311e-12
-4.11807e-12
3.87903e-12
1.24056e-11
9.80316e-12
-8.3037e-12
-2.82258e-11
-2.47022e-11
1.34969e-11
6.05152e-11
6.32763e-11
-9.63766e-12
-1.1783e-10
-1.55985e-10
-3.88774e-11
1.92399e-10
3.49528e-10
2.24016e-10
-2.06629e-10
-6.64042e-10
-7.07547e-10
-9.80875e-11
9.43822e-10
1.60079e-09
1.13445e-09
-2.15348e-10
-3.11128e-09
-2.8818e-09
