ordre_1
1.4013e-45
2.8026e-45
4.2039e-45
5.60519e-45
7.00649e-45
8.40779e-45
9.80909e-45
1.12104e-44
1.26117e-44
1.4013e-44
1.54143e-44
1.68156e-44
1.82169e-44
1.96182e-44
2.10195e-44
2.24208e-44
2.38221e-44
2.52234e-44
2.66247e-44
2.8026e-44
2.94273e-44
3.08286e-44
3.22299e-44
3.36312e-44
3.50325e-44
3.64338e-44
3.78351e-44
3.92364e-44
4.06377e-44
4.2039e-44
4.34403e-44
4.48416e-44
4.62428e-44
4.76441e-44
4.90454e-44
5.04467e-44
5.1848e-44
5.32493e-44
5.46506e-44
5.60519e-44
5.74532e-44
5.88545e-44
6.02558e-44
6.16571e-44
6.30584e-44
6.44597e-44
6.5861e-44
6.72623e-44
6.86636e-44
7.00649e-44
7.14662e-44
7.28675e-44
7.70714e-44
1.17709e-43
3.26503e-43
1.38448e-42
6.64356e-42
3.21458e-41
1.5325e-40
7.16585e-40
3.28413e-39
1.47536e-38
6.4983e-38
2.80691e-37
1.1893e-36
4.94417e-36
2.01711e-35
8.0779e-35
3.17609e-34
1.22632e-33
4.65073e-33
1.73272e-32
6.34323e-32
2.28217e-31
8.07083e-31
2.80608e-30
9.59328e-30
3.22547e-29
1.06672e-28
3.4706e-28
1.11103e-27
3.50012e-27
1.08527e-26
3.31248e-26
9.95389e-26
2.94522e-25
8.58197e-25
2.46297e-24
6.96292e-24
1.93928e-23
5.32187e-23
1.43918e-22
3.83571e-22
1.00766e-21
2.60956e-21
6.66286e-21
1.67743e-20
4.16459e-20
1.01975e-19
2.46295e-19
5.86831e-19
