ordre_2
-3.53637e-23
-1.89931e-22
2.96468e-22
1.1415e-21
-1.26997e-21
-5.11539e-21
4.06019e-21
2.00691e-20
-9.61557e-21
-7.18591e-20
1.07646e-20
2.37137e-19
4.84893e-20
-7.17767e-19
-4.3358e-19
1.95824e-18
2.1483e-18
-4.63161e-18
-8.39576e-18
8.57798e-18
2.77945e-17
-7.52473e-18
-7.89159e-17
-2.85599e-17
1.87766e-16
1.97468e-16
-3.43147e-16
-7.38274e-16
3.15761e-16
2.04881e-15
8.13097e-16
-4.26943e-15
-5.40328e-15
5.49549e-15
1.72331e-14
2.52475e-15
-3.68048e-14
-3.9491e-14
4.45316e-14
1.29408e-13
3.01996e-14
-2.47689e-13
-3.16898e-13
1.91022e-13
8.61541e-13
5.36807e-13
-1.16449e-12
-2.38346e-12
-3.88439e-13
4.25334e-12
5.75555e-12
-1.34767e-12
-1.26376e-11
-1.30025e-11
7.42256e-12
3.34987e-11
2.94444e-11
-2.24165e-11
-8.24943e-11
-7.06097e-11
4.93129e-11
1.90665e-10
1.80362e-10
-7.09381e-11
-4.05444e-10
-4.6669e-10
-1.15732e-11
7.45979e-10
1.13322e-09
5.17508e-10
-1.00525e-09
-2.36368e-09
-2.12876e-09
2.72662e-10
3.66944e-09
5.49685e-09
3.4773e-09
-2.38437e-09
-9.0216e-09
-1.16683e-08
-6.85151e-09
4.78489e-09
1.78188e-08
2.43628e-08
1.83629e-08
-4.9038e-10
-2.54885e-08
-4.53147e-08
-4.8925e-08
-3.09072e-08
5.80274e-09
5.00999e-08
8.72115e-08
1.02978e-07
8.99437e-08
4.77076e-08
-1.61654e-08
-8.68504e-08
-1.64375e-07
-1.87161e-07
-3.26884e-07
