ordre_1
1.4013e-45
2.8026e-45
4.2039e-45
5.60519e-45
7.00649e-45
8.40779e-45
9.80909e-45
1.12104e-44
1.26117e-44
1.4013e-44
1.54143e-44
1.68156e-44
3.50325e-44
3.19496e-43
3.89141e-42
4.53012e-41
4.92734e-40
5.01696e-39
4.79763e-38
4.32214e-37
3.67832e-36
2.96453e-35
2.26774e-34
1.64987e-33
1.14377e-32
7.56834e-32
4.78769e-31
2.89965e-30
1.68363e-29
9.38376e-29
5.02621e-28
2.59008e-27
1.2854e-26
6.14942e-26
2.83851e-25
1.26525e-24
5.45054e-24
2.27096e-23
9.15798e-23
3.57688e-22
1.35396e-21
4.97019e-21
1.77036e-20
6.12232e-20
2.05671e-19
6.71516e-19
2.13199e-18
6.58515e-18
1.97972e-17
5.79554e-17
1.65282e-16
4.59398e-16
1.24498e-15
3.29096e-15
8.48884e-15
2.13752e-14
5.25629e-14
1.26278e-13
2.96498e-13
6.80668e-13
1.52841e-12
3.35818e-12
7.22283e-12
1.52135e-11
3.13941e-11
6.34973e-11
1.25934e-10
2.45022e-10
4.67899e-10
8.77391e-10
1.6164e-09
2.92713e-09
5.21329e-09
9.13683e-09
1.57668e-08
2.68043e-08
4.49201e-08
7.42524e-08
1.21136e-07
1.9516e-07
3.10683e-07
4.88993e-07
7.61348e-07
1.17324e-06
1.7903e-06
2.70644e-06
4.05488e-06
6.0232e-06
8.87328e-06
1.29679e-05
1.88055e-05
2.70657e-05
3.86668e-05
5.48405e-05
7.7224e-05
0.000107976
0.000149917
0.000206703
0.000283026
0.000384862
0.000519742
