ordre_1
1.4013e-45
2.8026e-45
4.2039e-45
8.40779e-45
1.63952e-43
4.71957e-42
1.13055e-40
2.30679e-39
4.09064e-38
6.40421e-37
8.96207e-36
1.13232e-34
1.30237e-33
1.37315e-32
1.335e-31
1.20289e-30
1.00897e-29
7.90898e-29
5.81357e-28
4.01952e-27
2.62123e-26
1.61626e-25
9.44417e-25
5.24022e-24
2.76617e-23
1.39154e-22
6.6817e-22
3.0668e-21
1.34735e-20
5.67306e-20
2.29199e-19
8.89492e-19
3.31939e-18
1.1923e-17
4.126e-17
1.37679e-16
4.43366e-16
1.379e-15
4.14577e-15
1.20561e-14
3.39374e-14
9.25388e-14
2.44588e-13
6.27052e-13
1.56032e-12
3.77091e-12
8.85701e-12
2.02311e-11
4.49704e-11
9.73426e-11
2.05326e-10
4.2233e-10
8.47701e-10
1.66165e-09
3.1833e-09
5.96494e-09
1.09417e-08
1.96649e-08
3.46585e-08
5.99568e-08
1.01902e-07
1.70317e-07
2.80202e-07
4.54189e-07
7.2603e-07
1.14554e-06
1.78553e-06
2.75148e-06
4.19488e-06
6.3314e-06
9.46563e-06
1.40241e-05
2.0599e-05
3.00055e-05
4.33565e-05
6.21569e-05
8.84245e-05
0.000124839
0.000174929
0.000243291
0.000335866
0.000460246
0.000626048
0.000845327
0.00113304
0.00150754
0.00199114
0.00261062
0.00339778
0.00438994
0.00563032
0.00716838
0.00905988
0.0113668
0.0141569
0.0175031
0.0214822
0.0261733
0.0316561
0.0380079
0.0453011
