ordre_2
-1.4013e-45
-2.8026e-45
-2.8026e-45
-1.4013e-45
0
1.4013e-45
1.4013e-45
0
-1.4013e-45
-2.8026e-45
-2.8026e-45
-1.4013e-45
0
1.4013e-45
1.4013e-45
2.8026e-45
1.4013e-45
0
-1.4013e-45
-2.8026e-45
-4.2039e-45
-5.60519e-45
-5.60519e-45
-4.2039e-45
-2.8026e-45
-1.4013e-45
-1.4013e-45
-0
-0
-1.4013e-45
-2.8026e-45
-4.2039e-45
-5.60519e-45
-7.00649e-45
-7.00649e-45
-5.60519e-45
-4.2039e-45
-2.8026e-45
-1.4013e-45
-1.4013e-45
-2.8026e-45
-4.2039e-45
-5.60519e-45
-7.00649e-45
-7.00649e-45
-8.40779e-45
-9.80909e-45
-1.12104e-44
-1.26117e-44
-1.4013e-44
-1.4013e-44
-1.4013e-44
-1.26117e-44
-1.12104e-44
-9.80909e-45
-8.40779e-45
-1.12104e-44
-1.82169e-44
-2.52234e-44
-1.26117e-44
9.80909e-45
-7.00649e-45
-5.60519e-44
-2.66247e-44
1.28919e-43
1.28919e-43
-2.76056e-43
-4.76441e-43
4.66632e-43
1.43213e-42
-5.19882e-43
-3.97268e-42
-7.14662e-43
9.77966e-42
6.95464e-42
-2.11862e-41
-2.91302e-41
3.77328e-41
9.46059e-41
-4.25841e-41
-2.62417e-40
-4.05115e-41
6.33137e-40
4.5786e-40
-1.29645e-39
-1.86345e-39
2.01751e-39
5.71494e-39
-1.1068e-39
-1.46471e-38
-7.81053e-39
3.19967e-38
4.33425e-38
-5.8553e-38
-1.49329e-37
8.4707e-38
4.00424e-37
-8.39259e-38
-8.19146e-37
3.70123e-38
8.68741e-37
