ordre_2
5.04467e-44
3.90962e-42
-3.08286e-43
-2.31971e-41
1.89175e-43
1.02422e-40
7.41567e-42
-3.98196e-40
-6.85501e-41
1.43494e-39
4.20957e-40
-4.89587e-39
-2.14482e-39
1.5966e-38
9.7338e-39
-4.99393e-38
-4.06539e-38
1.49745e-37
1.5904e-37
-4.28688e-37
-5.88752e-37
1.16154e-36
2.07474e-36
-2.9299e-36
-6.98168e-36
6.65101e-36
2.24567e-35
-1.24668e-35
-6.8977e-35
1.31977e-35
2.01686e-34
3.29292e-35
-5.58018e-34
-2.98829e-34
1.44532e-33
1.394e-33
-3.43574e-33
-5.24097e-33
7.19027e-33
1.73489e-32
-1.1817e-32
-5.20284e-32
7.71285e-33
1.42311e-31
4.78352e-32
-3.52227e-31
-3.01586e-31
7.67313e-31
1.18291e-30
-1.362e-30
-3.78236e-30
1.42273e-30
1.04534e-29
2.30892e-30
-2.51246e-29
-2.05369e-29
5.07871e-29
8.19875e-29
-7.58906e-29
-2.50197e-28
2.86587e-29
6.32076e-28
3.41658e-28
-1.31112e-27
-1.70504e-27
2.00263e-27
5.46925e-27
-9.72774e-28
-1.36984e-26
-7.49152e-27
2.6885e-26
3.73023e-26
-3.51925e-26
-1.13282e-25
-4.47649e-27
2.58084e-25
2.10982e-25
-4.24929e-25
-8.18938e-25
3.06661e-25
2.10039e-24
1.03257e-24
-3.84812e-24
-5.52699e-24
3.85106e-24
1.5545e-23
5.00891e-24
-2.9939e-23
-3.72925e-23
3.28137e-23
1.08746e-22
2.65449e-23
-2.00437e-22
-2.51081e-22
1.6754e-22
7.7296e-22
3.64475e-22
-1.62457e-21
-1.73709e-21
2.3305e-21
2.3413e-21
