ordre_2
-2.94469e-28
6.4233e-28
2.65399e-27
-3.56179e-27
-1.32774e-26
1.38938e-26
5.55103e-26
-4.41349e-26
-2.10809e-25
1.13886e-25
7.47473e-25
-2.03632e-25
-2.49659e-24
-3.26678e-26
7.85514e-24
2.55101e-24
-2.3137e-23
-1.57445e-23
6.29443e-23
7.04052e-23
-1.54034e-22
-2.66493e-22
3.19514e-22
8.92663e-22
-4.63411e-22
-2.67872e-21
-1.01973e-22
7.15988e-21
4.1581e-21
-1.65963e-20
-2.04611e-20
3.09377e-20
7.15236e-20
-3.40853e-20
-2.02803e-19
-4.83121e-20
4.71617e-19
4.45578e-19
-8.37814e-19
-1.68769e-18
7.66577e-19
4.60773e-18
1.74127e-18
-9.45216e-18
-1.16482e-17
1.23206e-17
3.69959e-17
3.37179e-18
-8.06448e-17
-7.84855e-17
1.0914e-16
2.72475e-16
1.28509e-17
-5.80115e-16
-5.81083e-16
6.78936e-16
1.90182e-15
4.65776e-16
-3.50793e-15
-4.5672e-15
2.47772e-15
1.19553e-14
7.7467e-15
-1.57021e-14
-3.27125e-14
-5.16043e-15
5.86452e-14
7.68311e-14
-2.53337e-14
-1.77522e-13
-1.6082e-13
1.45152e-13
4.77906e-13
3.11148e-13
-5.03418e-13
-1.19996e-12
-5.89768e-13
1.42731e-12
2.89533e-12
1.20503e-12
-3.55763e-12
-6.82846e-12
-2.90333e-12
7.92953e-12
1.57902e-11
8.13972e-12
-1.54979e-11
-3.53702e-11
-2.40161e-11
2.4455e-11
7.46799e-11
6.80169e-11
-2.15442e-11
-1.40862e-10
-1.76889e-10
-3.52108e-11
2.17461e-10
3.7258e-10
3.24206e-10
-2.92993e-10
-7.76782e-10
