ordre_2
-1.4013e-45
-2.8026e-45
-2.8026e-45
-1.4013e-45
0
1.4013e-45
1.4013e-45
0
-1.4013e-45
-2.8026e-45
-2.8026e-45
-1.4013e-45
0
1.4013e-45
1.4013e-45
2.8026e-45
1.4013e-45
0
-1.4013e-45
-2.8026e-45
-4.2039e-45
-5.60519e-45
-5.60519e-45
-4.2039e-45
-2.8026e-45
-1.4013e-45
-1.4013e-45
-0
-0
-1.4013e-45
-2.8026e-45
-4.2039e-45
-5.60519e-45
-7.00649e-45
-7.00649e-45
-5.60519e-45
-4.2039e-45
-2.8026e-45
-1.4013e-45
-1.4013e-45
-2.8026e-45
-4.2039e-45
-5.60519e-45
-7.00649e-45
-7.00649e-45
-8.40779e-45
-9.80909e-45
-1.12104e-44
-1.26117e-44
-1.4013e-44
-1.26117e-44
-7.00649e-45
8.40779e-45
4.2039e-45
-2.38221e-44
-1.82169e-44
5.1848e-44
5.88545e-44
-1.35926e-43
-2.38221e-43
2.21405e-43
7.04853e-43
-2.76056e-43
-1.98984e-42
-2.18603e-43
5.08391e-42
3.0254e-42
-1.17078e-41
-1.36739e-41
2.3277e-41
4.70486e-41
-3.52539e-41
-1.38633e-40
1.59902e-41
3.60292e-40
1.56459e-40
-8.22416e-40
-8.5592e-40
1.58112e-39
3.05633e-39
-2.19595e-39
-8.91306e-39
2.86319e-40
2.2211e-38
1.22719e-38
-4.66602e-38
-5.76273e-38
7.50458e-38
1.86188e-37
-5.01627e-38
-4.92312e-37
-2.435e-37
1.10983e-36
1.4134e-36
-2.14025e-36
-4.76712e-36
3.47227e-36
1.19349e-35
-4.53507e-36
-2.01364e-35
3.55504e-36
