ordre_2
-8.83862e-31
5.86796e-30
8.17962e-30
-3.39846e-29
-4.2996e-29
1.43748e-28
1.92255e-28
-5.23714e-28
-7.90868e-28
1.71951e-27
3.06625e-27
-5.14208e-27
-1.12934e-26
1.38591e-26
3.95804e-26
-3.23292e-26
-1.318e-25
5.72088e-26
4.1536e-25
-2.63385e-26
-1.23042e-24
-3.89118e-25
3.38719e-24
2.49933e-24
-8.4913e-24
-1.0742e-23
1.85988e-23
3.82996e-23
-3.1877e-23
-1.19434e-22
2.3177e-23
3.29383e-22
1.20363e-22
-7.9214e-22
-7.7201e-22
1.57675e-21
2.93279e-21
-2.15809e-21
-8.75277e-21
-3.4901e-22
2.14408e-20
1.55244e-20
-4.14813e-20
-6.71825e-20
5.09366e-20
1.98222e-19
2.89443e-20
-4.44521e-19
-4.15956e-19
7.00558e-19
1.52752e-18
-3.44135e-19
-3.76269e-18
-2.42975e-18
6.33677e-18
1.09858e-17
-4.21374e-18
-2.79626e-17
-1.65122e-17
4.52262e-17
7.83359e-17
-2.16209e-17
-1.87451e-16
-1.38997e-16
2.54248e-16
5.46381e-16
3.33302e-17
-1.088e-15
-1.20912e-15
9.22185e-16
3.42515e-15
1.87651e-15
-4.74368e-15
-8.97486e-15
-7.82508e-16
1.65907e-14
2.05585e-14
-8.03574e-15
-4.86659e-14
-4.23873e-14
4.09769e-14
1.28817e-13
8.09685e-14
-1.3814e-13
-3.20268e-13
-1.50249e-13
3.89238e-13
7.67888e-13
2.95227e-13
-9.78957e-13
-1.80194e-12
-6.77753e-13
2.22397e-12
4.20913e-12
1.79384e-12
-4.65163e-12
-9.03187e-12
-6.34631e-12
8.3135e-12
2.53417e-11
1.97822e-12
