ordre_2
8.12897e-13
-5.59823e-12
-8.54034e-12
2.71626e-11
5.07385e-11
-7.51247e-11
-2.25418e-10
7.28866e-11
7.33261e-10
4.57416e-10
-1.50363e-09
-2.74628e-09
5.25649e-10
6.97017e-09
7.71688e-09
-4.41178e-09
-2.19516e-08
-2.38528e-08
4.50543e-09
5.06853e-08
7.7349e-08
4.91763e-08
-3.81412e-08
-1.51158e-07
-2.37503e-07
-2.52612e-07
-1.73849e-07
5.50351e-09
2.95977e-07
7.34804e-07
1.40648e-06
2.46312e-06
4.15137e-06
6.85382e-06
1.11524e-05
1.79211e-05
2.84575e-05
4.46639e-05
6.92931e-05
0.000106275
0.000161143
0.000241576
0.000358084
0.000524843
0.000760695
0.00109031
0.00154552
0.00216672
0.00300439
0.00412055
0.00559008
0.00750179
0.00995897
0.0130793
0.0169939
0.0218453
0.0277838
0.0349635
0.0435352
0.0536396
0.0653979
0.0789024
0.0942059
0.111312
0.130165
0.150643
0.172552
0.195622
0.21951
0.243805
0.268037
0.29169
0.31422
0.335075
0.353718
0.369649
0.382428
0.391694
0.397184
0.398743
0.396333
0.390034
0.38004
0.366648
0.350243
0.331284
0.310276
0.287755
0.264259
0.240315
0.216411
0.19299
0.170434
0.149054
0.1291
0.11072
0.0941069
0.0789602
0.0666017
0.0518627
0.0540879
