ordre_1
1.4013e-45
2.8026e-45
4.2039e-45
5.60519e-45
7.00649e-45
8.40779e-45
9.80909e-45
1.12104e-44
1.26117e-44
1.4013e-44
1.54143e-44
1.68156e-44
1.82169e-44
1.96182e-44
2.10195e-44
2.24208e-44
2.38221e-44
2.52234e-44
2.66247e-44
2.8026e-44
2.94273e-44
3.08286e-44
3.22299e-44
3.36312e-44
3.50325e-44
3.92364e-44
7.9874e-44
4.23192e-43
3.04222e-42
2.22947e-41
1.58396e-40
1.08514e-39
7.16994e-39
4.57309e-38
2.81808e-37
1.67925e-36
9.68377e-36
5.40839e-35
2.92751e-34
1.53684e-33
7.8296e-33
3.87343e-32
1.86188e-31
8.70051e-31
3.95464e-30
1.74926e-29
7.53357e-29
3.16041e-28
1.29203e-27
5.14963e-27
2.00183e-26
7.59275e-26
2.81094e-25
1.01612e-24
3.5878e-24
1.2378e-23
4.17398e-23
1.37615e-22
4.43744e-22
1.39983e-21
4.32137e-21
1.30585e-20
3.86371e-20
1.11963e-19
3.17846e-19
8.8418e-19
2.41076e-18
6.44411e-18
1.68917e-17
4.34298e-17
1.09549e-16
2.71167e-16
6.58828e-16
1.5715e-15
3.68101e-15
8.46885e-15
1.91421e-14
4.25171e-14
9.28211e-14
1.99224e-13
4.20489e-13
8.72951e-13
1.78302e-12
3.58397e-12
7.0913e-12
1.38152e-11
2.65083e-11
5.0109e-11
9.33448e-11
1.71409e-10
3.10369e-10
5.54327e-10
9.76867e-10
1.69916e-09
2.91817e-09
4.95014e-09
8.29679e-09
1.3745e-08
2.25156e-08
3.64822e-08
5.84922e-08
