ordre_2
1.20527e-28
-2.62924e-28
-1.08625e-27
1.46032e-27
5.43443e-27
-5.71469e-27
-2.27261e-26
1.82619e-26
8.63649e-26
-4.77063e-26
-3.06648e-25
8.84743e-26
1.02665e-24
-7.67532e-27
-3.24238e-24
-9.68014e-25
9.60562e-24
6.20533e-24
-2.63653e-23
-2.82025e-23
6.54576e-23
1.0804e-22
-1.39496e-22
-3.66186e-22
2.17945e-22
1.11392e-21
-3.8773e-23
-3.03053e-21
-1.51075e-21
7.21088e-21
8.05499e-21
-1.4103e-20
-2.92635e-20
1.81243e-20
8.57919e-20
9.91144e-21
-2.07782e-19
-1.65806e-19
3.95439e-19
6.85638e-19
-4.58117e-19
-1.9858e-18
-4.14671e-19
4.37102e-18
4.42045e-18
-6.61366e-18
-1.5623e-17
2.11556e-18
3.73143e-17
2.74759e-17
-5.93998e-17
-1.14152e-16
2.73121e-17
2.75109e-16
1.98582e-16
-4.04279e-16
-8.15756e-16
5.91066e-17
1.77931e-15
1.67136e-15
-1.98792e-15
-5.50892e-15
-1.71806e-15
9.36843e-15
1.35688e-14
-3.9468e-15
-3.13418e-14
-2.72865e-14
3.05017e-14
8.80259e-14
4.31619e-14
-1.18101e-13
-2.22165e-13
-4.33003e-14
3.64066e-13
5.26573e-13
-2.08064e-14
-9.91845e-13
-1.21543e-12
2.41378e-13
2.49193e-12
2.81378e-12
-7.07942e-13
-5.87781e-12
-6.63835e-12
1.19354e-12
1.3025e-11
1.58893e-11
3.31726e-14
-2.66464e-11
-3.77027e-11
-9.55195e-12
4.79469e-11
8.54444e-11
4.73959e-11
-7.06082e-11
-1.70909e-10
-1.56052e-10
1.51202e-11
3.97477e-10
2.77197e-10
