ordre_2
9.53081e-37
5.17112e-36
-8.27809e-36
-3.10605e-35
3.84335e-35
1.39771e-34
-1.43223e-34
-5.57046e-34
4.62115e-34
2.06687e-33
-1.30092e-33
-7.28272e-33
3.05065e-33
2.457e-32
-4.81534e-33
-7.95708e-32
-3.34805e-33
2.47129e-31
7.43668e-32
-7.33217e-31
-4.33581e-31
2.06316e-30
1.92632e-30
-5.43718e-30
-7.44142e-30
1.31146e-29
2.60831e-29
-2.75577e-29
-8.4347e-29
4.36091e-29
2.5288e-28
-1.33752e-29
-7.00645e-28
-2.77857e-28
1.77193e-27
1.58683e-27
-3.97456e-27
-6.1983e-27
7.35521e-27
2.01251e-26
-8.49176e-27
-5.68965e-26
-9.74156e-27
1.40515e-25
1.0636e-25
-2.93627e-25
-4.45471e-25
4.62785e-25
1.40112e-24
-2.54561e-25
-3.62175e-24
-1.76741e-24
7.64928e-24
9.51301e-24
-1.1856e-23
-3.11957e-23
5.95178e-24
7.84004e-23
4.38484e-23
-1.51296e-22
-2.1751e-22
1.83839e-22
6.4663e-22
9.00563e-23
-1.40671e-21
-1.35069e-21
2.06939e-21
4.77076e-21
-5.96966e-22
-1.11412e-20
-8.34132e-21
1.72424e-20
3.36135e-20
-7.41485e-21
-7.97074e-20
-5.72686e-20
1.18003e-19
2.33303e-19
-2.92653e-20
-5.21576e-19
-4.44487e-19
6.56073e-19
1.57577e-18
2.16853e-19
-3.03046e-18
-3.53312e-18
2.54244e-18
9.80085e-18
5.19248e-18
-1.42002e-17
-2.57319e-17
9.05603e-19
5.18212e-17
5.31096e-17
-3.80476e-17
-1.45498e-16
-1.13833e-16
1.968e-16
4.67922e-16
-1.04597e-16
-6.00247e-16
