ordre_1
1.4013e-45
2.8026e-45
4.2039e-45
5.60519e-45
7.00649e-45
8.40779e-45
2.94273e-44
5.15678e-43
9.91419e-42
1.69445e-40
2.59097e-39
3.57903e-38
4.50318e-37
5.19681e-36
5.53326e-35
5.46336e-34
5.02453e-33
4.32089e-32
3.48647e-31
2.64766e-30
1.89756e-29
1.28665e-28
8.27236e-28
5.05347e-27
2.93868e-26
1.62952e-25
8.6297e-25
4.37115e-24
2.12054e-23
9.86486e-23
4.40596e-22
1.89134e-21
7.81137e-21
3.10692e-20
1.19117e-19
4.40589e-19
1.57348e-18
5.42997e-18
1.812e-17
5.85131e-17
1.82968e-16
5.54375e-16
1.6286e-15
4.64162e-15
1.28418e-14
3.45089e-14
9.01224e-14
2.2886e-13
5.65436e-13
1.3599e-12
3.18551e-12
7.27168e-12
1.61851e-11
3.51449e-11
7.44945e-11
1.54225e-10
3.1204e-10
6.17393e-10
1.19533e-09
2.26606e-09
4.20934e-09
7.66694e-09
1.3703e-08
2.40504e-08
4.14842e-08
7.03786e-08
1.17529e-07
1.93354e-07
3.13625e-07
5.01952e-07
7.93311e-07
1.239e-06
1.9136e-06
2.92451e-06
4.42521e-06
6.6331e-06
9.85362e-06
1.45124e-05
2.11975e-05
3.07149e-05
4.41592e-05
6.3005e-05
8.92207e-05
0.000125411
0.000174989
0.000242393
0.000333331
0.000455083
0.000616838
0.000830086
0.00110905
0.00147116
0.00193752
0.00253347
0.00328904
0.00423942
0.00542537
0.00689348
0.00869632
0.0108923
0.0135454
