ordre_1
1.4013e-45
2.8026e-45
4.2039e-45
5.60519e-45
7.00649e-45
8.40779e-45
9.80909e-45
1.12104e-44
1.26117e-44
1.4013e-44
1.54143e-44
1.68156e-44
1.82169e-44
1.96182e-44
2.10195e-44
2.24208e-44
2.38221e-44
2.52234e-44
2.66247e-44
2.8026e-44
2.94273e-44
3.08286e-44
3.22299e-44
3.36312e-44
3.50325e-44
3.64338e-44
3.78351e-44
3.92364e-44
4.06377e-44
4.2039e-44
4.34403e-44
4.48416e-44
4.62428e-44
4.76441e-44
4.90454e-44
5.04467e-44
5.1848e-44
5.32493e-44
5.46506e-44
5.60519e-44
5.74532e-44
5.88545e-44
6.02558e-44
6.16571e-44
6.5861e-44
1.09301e-43
3.62936e-43
1.76844e-42
9.36488e-42
4.94322e-41
2.55635e-40
1.29206e-39
6.38191e-39
3.08127e-38
1.45467e-37
6.71735e-37
3.03507e-36
1.34219e-35
5.81109e-35
2.46394e-34
1.02341e-33
4.16521e-33
1.6615e-32
6.49762e-32
2.49173e-31
9.37224e-31
3.45846e-30
1.25232e-29
4.45078e-29
1.55287e-28
5.31985e-28
1.78986e-27
5.91527e-27
1.92066e-26
6.1281e-26
1.92167e-25
5.92358e-25
1.79522e-24
5.34998e-24
1.56805e-23
4.52071e-23
1.28222e-22
3.57848e-22
9.82827e-22
2.65683e-21
7.07006e-21
1.85233e-20
4.77871e-20
1.21412e-19
3.03834e-19
7.49015e-19
1.81923e-18
4.35395e-18
1.02693e-17
2.38738e-17
5.47117e-17
1.23617e-16
2.75408e-16
6.0511e-16
1.31133e-15
2.80332e-15
