ordre_2
-7.36037e-26
-5.20824e-24
2.59338e-25
3.05079e-23
2.54338e-24
-1.31333e-22
-3.28677e-23
4.89247e-22
2.2651e-22
-1.64748e-21
-1.20488e-21
5.06379e-21
5.45442e-21
-1.40774e-20
-2.1862e-20
3.42806e-20
7.89221e-20
-6.6877e-20
-2.57822e-19
6.93827e-20
7.58107e-19
1.96107e-19
-1.97013e-18
-1.62302e-18
4.32803e-18
6.86631e-18
-7.05856e-18
-2.2221e-17
3.3964e-18
5.84088e-17
3.22961e-17
-1.21182e-16
-1.68414e-16
1.65812e-16
5.32412e-16
3.06088e-17
-1.22544e-15
-1.09389e-15
1.88777e-15
4.14064e-15
-5.727e-16
-9.77874e-15
-7.80625e-15
1.40589e-14
3.05156e-14
-2.66352e-16
-6.52992e-14
-6.59288e-14
6.82484e-14
2.0847e-13
8.32245e-14
-3.33207e-13
-5.35995e-13
6.2988e-14
1.13118e-12
1.18507e-12
-8.0371e-13
-3.23417e-12
-2.37269e-12
3.19851e-12
8.39969e-12
4.62766e-12
-9.52184e-12
-2.06783e-11
-9.82596e-12
2.39177e-11
4.93245e-11
2.47968e-11
-5.16642e-11
-1.14079e-10
-7.15686e-11
9.12668e-11
2.50072e-10
2.10109e-10
-1.03553e-10
-4.94206e-10
-5.69542e-10
-6.869e-11
7.95654e-10
1.32842e-09
8.23974e-10
-7.52453e-10
-2.44188e-09
-2.75545e-09
-7.82059e-10
2.80878e-09
5.74265e-09
5.40125e-09
7.327e-10
-6.46538e-09
-1.19866e-08
-1.14244e-08
-3.08308e-09
1.03527e-08
2.22845e-08
2.53184e-08
1.58198e-08
-7.17051e-09
-2.76576e-08
-5.41615e-08
-4.70566e-08
