ordre_2
-1.4013e-45
-2.8026e-45
-2.8026e-45
-1.4013e-45
0
1.4013e-45
1.4013e-45
0
-1.4013e-45
-2.8026e-45
-2.8026e-45
-1.4013e-45
0
1.4013e-45
1.4013e-45
2.8026e-45
1.4013e-45
0
-1.4013e-45
-2.8026e-45
-4.2039e-45
-5.60519e-45
-5.60519e-45
-4.2039e-45
-2.8026e-45
-1.4013e-45
-1.4013e-45
-0
-0
-1.4013e-45
-2.8026e-45
-4.2039e-45
-5.60519e-45
-7.00649e-45
-7.00649e-45
-5.60519e-45
-4.2039e-45
-2.8026e-45
-1.4013e-45
-1.4013e-45
-2.8026e-45
-4.2039e-45
-5.60519e-45
-7.00649e-45
-7.00649e-45
-8.40779e-45
-9.80909e-45
-1.12104e-44
-1.26117e-44
-1.4013e-44
-1.4013e-44
-1.4013e-44
-1.26117e-44
-1.12104e-44
-9.80909e-45
-8.40779e-45
-8.40779e-45
-7.00649e-45
-5.60519e-45
-4.2039e-45
-2.8026e-45
-2.8026e-45
-4.2039e-45
-5.60519e-45
-7.00649e-45
-8.40779e-45
-9.80909e-45
-1.12104e-44
-1.26117e-44
-1.4013e-44
-1.54143e-44
-1.54143e-44
-7.00649e-45
8.40779e-45
0
-3.08286e-44
-2.24208e-44
5.74532e-44
6.72623e-44
-1.38729e-43
-2.87266e-43
1.49939e-43
7.49695e-43
-1.54143e-44
-1.89596e-42
-1.04537e-42
3.9923e-42
4.97321e-42
-6.62674e-42
-1.69613e-41
5.41602e-42
4.87414e-41
1.61163e-41
-1.23978e-40
-1.02733e-40
2.81406e-40
3.38266e-40
-5.54037e-40
-7.62766e-40
8.14848e-40
8.43421e-40
