ordre_2
-1.4013e-45
-2.8026e-45
-2.8026e-45
-1.4013e-45
0
1.4013e-45
1.4013e-45
0
-1.4013e-45
-2.8026e-45
-2.8026e-45
-1.4013e-45
0
1.4013e-45
1.4013e-45
2.8026e-45
1.4013e-45
0
-1.4013e-45
-1.4013e-45
2.8026e-45
9.80909e-45
2.8026e-45
-2.52234e-44
-1.26117e-44
7.00649e-44
5.04467e-44
-2.01787e-43
-2.05991e-43
5.35296e-43
7.44089e-43
-1.34945e-42
-2.54336e-42
3.11929e-42
8.24244e-42
-6.30724e-42
-2.54658e-41
9.36628e-42
7.48574e-41
-1.87774e-43
-2.08967e-40
-7.57276e-41
5.49903e-40
4.18206e-40
-1.34609e-39
-1.67761e-39
2.9836e-39
5.78106e-39
-5.61994e-39
-1.79615e-38
7.20081e-39
5.11415e-38
4.03439e-39
-1.33587e-37
-7.32962e-38
3.16197e-37
3.45206e-37
-6.54989e-37
-1.22507e-36
1.07404e-36
3.71543e-36
-8.16556e-37
-9.95274e-36
-3.27891e-36
2.35243e-35
2.13472e-35
-4.74185e-35
-8.0724e-35
7.23306e-35
2.4402e-34
-3.56117e-35
-6.26995e-34
-2.92591e-34
1.36572e-33
1.56756e-33
-2.35666e-33
-5.32053e-33
2.29906e-33
1.43721e-32
3.946e-33
-3.19219e-32
-3.11062e-32
5.51849e-32
1.12535e-31
-5.37509e-32
-3.04602e-31
-8.42096e-32
6.51028e-31
6.51669e-31
-1.00307e-30
-2.23532e-30
4.66799e-31
5.66595e-30
3.83887e-30
-1.14225e-29
-1.8482e-29
1.82388e-29
5.20625e-29
-2.19861e-29
-9.21828e-29
1.54516e-29
