ordre_2
-1.1911e-43
-9.42653e-42
7.39886e-43
5.5944e-41
-4.06377e-43
-2.46949e-40
-1.83178e-41
9.59723e-40
1.67978e-40
-3.45654e-39
-1.0288e-39
1.17839e-38
5.23313e-39
-3.83856e-38
-2.37164e-38
1.19877e-37
9.89154e-38
-3.58675e-37
-3.86372e-37
1.02369e-36
1.4278e-36
-2.76154e-36
-5.02109e-36
6.91887e-36
1.68544e-35
-1.55241e-35
-5.40487e-35
2.8357e-35
1.65394e-34
-2.65193e-35
-4.81339e-34
-9.46953e-35
1.32365e-33
7.60426e-34
-3.40002e-33
-3.45016e-33
7.98379e-33
1.27783e-32
-1.63608e-32
-4.18121e-32
2.55809e-32
1.24006e-31
-1.07147e-32
-3.35004e-31
-1.34135e-31
8.16128e-31
7.63655e-31
-1.73623e-30
-2.89343e-30
2.94106e-30
9.04182e-30
-2.52326e-30
-2.4461e-29
-7.61446e-30
5.73212e-29
5.30748e-29
-1.11472e-28
-2.00297e-28
1.52063e-28
5.90138e-28
3.69884e-30
-1.44111e-27
-9.57358e-28
2.85498e-27
4.24258e-27
-3.95104e-27
-1.2897e-26
3.29213e-28
3.08233e-26
2.14926e-26
-5.67486e-26
-9.23437e-26
6.3053e-26
2.62143e-25
5.55107e-26
-5.60033e-25
-5.67098e-25
8.27087e-25
1.9528e-24
-2.85646e-25
-4.63336e-24
-3.19859e-24
7.66207e-24
1.35879e-23
-5.29954e-24
-3.45473e-23
-1.86882e-23
5.93977e-23
9.37285e-23
-4.64628e-23
-2.42034e-22
-1.16969e-22
3.91003e-22
6.23604e-22
-1.73139e-22
-1.63947e-21
-1.26982e-21
3.01544e-21
4.62006e-21
-3.81967e-21
-5.88786e-21
