ordre_2
-1.4013e-45
-2.8026e-45
-2.8026e-45
-1.4013e-45
0
1.4013e-45
1.4013e-45
0
-1.4013e-45
-2.8026e-45
-2.8026e-45
-1.4013e-45
0
1.4013e-45
1.4013e-45
2.8026e-45
1.4013e-45
0
-1.4013e-45
-2.8026e-45
-4.2039e-45
-5.60519e-45
-5.60519e-45
-4.2039e-45
-2.8026e-45
-1.4013e-45
-1.4013e-45
-0
-0
-1.4013e-45
-2.8026e-45
-4.2039e-45
-5.60519e-45
-7.00649e-45
-7.00649e-45
-5.60519e-45
-4.2039e-45
-2.8026e-45
-1.4013e-45
-1.4013e-45
-2.8026e-45
-4.2039e-45
-5.60519e-45
-7.00649e-45
-7.00649e-45
-4.2039e-45
7.00649e-45
8.40779e-45
-1.12104e-44
-2.24208e-44
1.12104e-44
3.64338e-44
-4.62428e-44
-1.45735e-43
4.48416e-44
3.9937e-43
4.90454e-44
-1.04257e-42
-5.94151e-43
2.4873e-42
2.68769e-42
-5.31933e-42
-9.55265e-42
9.38169e-42
2.94287e-41
-1.00277e-41
-8.12739e-41
-1.49042e-41
2.01818e-40
1.42285e-40
-4.42463e-40
-5.96865e-40
8.06052e-40
1.94971e-39
-9.66022e-40
-5.44818e-39
-6.48203e-40
1.32815e-38
9.31716e-39
-2.77129e-38
-3.96033e-38
4.54466e-38
1.25243e-37
-3.74915e-38
-3.28799e-37
-1.06873e-37
7.22152e-37
7.09049e-37
-1.23564e-36
-2.54461e-36
1.10423e-36
7.1927e-36
2.61833e-36
-1.72999e-35
-1.79077e-35
3.61431e-35
5.96807e-35
-6.46824e-35
-1.35006e-34
8.77308e-35
1.49397e-34
