ordre_1
1.4013e-45
2.8026e-45
4.2039e-45
5.60519e-45
7.00649e-45
8.40779e-45
9.80909e-45
1.12104e-44
1.26117e-44
1.4013e-44
1.54143e-44
1.68156e-44
1.82169e-44
1.96182e-44
2.10195e-44
2.24208e-44
2.38221e-44
2.52234e-44
2.66247e-44
2.8026e-44
2.94273e-44
3.08286e-44
3.22299e-44
3.36312e-44
3.50325e-44
3.64338e-44
3.78351e-44
3.92364e-44
4.06377e-44
4.2039e-44
4.34403e-44
4.48416e-44
4.62428e-44
4.76441e-44
4.90454e-44
5.04467e-44
5.1848e-44
5.32493e-44
5.46506e-44
5.60519e-44
5.74532e-44
5.88545e-44
6.02558e-44
6.16571e-44
6.30584e-44
6.44597e-44
6.5861e-44
6.72623e-44
6.86636e-44
7.00649e-44
7.14662e-44
7.28675e-44
7.42688e-44
7.56701e-44
7.70714e-44
7.84727e-44
7.9874e-44
8.12753e-44
8.26766e-44
8.68805e-44
1.27518e-43
3.25101e-43
1.27378e-42
5.68647e-42
2.57825e-41
1.1561e-40
5.09654e-40
2.2067e-39
9.38368e-39
3.91951e-38
1.60842e-37
6.4858e-37
2.57042e-36
1.00139e-35
3.83568e-35
1.44475e-34
5.35219e-34
1.95044e-33
6.993e-33
2.46715e-32
8.56633e-32
2.92771e-31
9.85049e-31
3.26323e-30
1.06453e-29
3.4202e-29
1.08239e-28
3.37451e-28
1.03655e-27
3.13746e-27
9.35897e-27
2.75164e-26
7.97482e-26
2.2786e-25
6.41921e-25
1.78325e-24
4.88549e-24
1.32013e-23
3.51873e-23
9.25254e-23
2.40043e-22
