ordre_1
1.03162e-23
6.04946e-22
1.74568e-20
3.30473e-19
4.61664e-18
5.07589e-17
4.57488e-16
3.47638e-15
2.27348e-14
1.29989e-13
6.57938e-13
2.97804e-12
1.21569e-11
4.5081e-11
1.52821e-10
4.76241e-10
1.37134e-09
3.66616e-09
9.14117e-09
2.13527e-08
4.69353e-08
9.75235e-08
1.92447e-07
3.62417e-07
6.54583e-07
1.13968e-06
1.92243e-06
3.15686e-06
5.06893e-06
7.98901e-06
1.23978e-05
1.89892e-05
2.87554e-05
4.30994e-05
6.39826e-05
9.41163e-05
0.000137205
0.000198256
0.000283957
0.000403141
0.000567344
0.000791445
0.00109442
0.00150014
0.00203831
0.00274534
0.00366532
0.00485086
0.0063638
0.0082757
0.0106681
0.013632
0.0172673
0.0216812
0.0269859
0.0332954
0.0407217
0.04937
0.059333
0.0706846
0.0834737
0.0977173
0.113394
0.130439
0.148737
0.168125
0.188383
0.209242
0.230386
0.251455
0.27206
0.291789
0.310221
0.326944
0.341566
0.353733
0.363142
0.369553
0.372801
0.372801
0.369553
0.363142
0.353733
0.341566
0.326944
0.310221
0.291789
0.27206
0.251455
0.230386
0.209242
0.188383
0.168125
0.148737
0.130439
0.113394
0.0977173
0.0834737
0.0706846
0.059333
0.04937
