ordre_2
8.75417e-23
4.69891e-22
-7.32375e-22
-2.82415e-21
3.12172e-21
1.26512e-20
-9.87691e-21
-4.95714e-20
2.27904e-20
1.77001e-19
-2.18597e-20
-5.81129e-19
-1.38974e-19
1.74382e-18
1.1352e-18
-4.68921e-18
-5.47144e-18
1.08059e-17
2.09616e-17
-1.88546e-17
-6.7968e-17
1.13284e-17
1.87915e-16
8.86504e-17
-4.29355e-16
-5.17578e-16
7.22855e-16
1.8145e-15
-4.29242e-16
-4.74956e-15
-2.72161e-15
9.08497e-15
1.39812e-14
-9.13532e-15
-4.01385e-14
-1.53638e-14
7.59782e-14
1.0569e-13
-6.5026e-14
-2.93453e-13
-1.55159e-13
4.64155e-13
8.11136e-13
-9.99617e-14
-1.7754e-12
-1.75962e-12
1.58976e-12
5.3202e-12
3.06681e-12
-6.72554e-12
-1.39962e-11
-4.29161e-12
2.10517e-11
3.45224e-11
5.30511e-12
-5.61175e-11
-8.33994e-11
-1.10061e-11
1.32492e-10
2.00768e-10
4.95291e-11
-2.73903e-10
-4.73805e-10
-2.24201e-10
4.57955e-10
1.04364e-09
8.16288e-10
-4.40912e-10
-1.96942e-09
-2.35112e-09
-6.14027e-10
2.64338e-09
5.15294e-09
4.33617e-09
-6.00098e-10
-7.37087e-09
-1.1385e-08
-8.50554e-09
1.79804e-09
1.50726e-08
2.35596e-08
2.03317e-08
3.66689e-09
-2.095e-08
-4.25137e-08
-4.93506e-08
-3.4576e-08
5.30886e-11
4.45361e-08
8.34205e-08
1.02645e-07
9.21e-08
5.2691e-08
-1.13938e-08
-8.31e-08
-1.56379e-07
-2.08543e-07
-2.48388e-07
-2.55927e-07
-2.40129e-07
-2.67041e-07
