ordre_2
-1.4013e-45
-2.8026e-45
-2.8026e-45
-1.4013e-45
0
1.4013e-45
1.4013e-45
0
5.60519e-45
5.60519e-45
-1.54143e-44
-2.38221e-44
3.92364e-44
7.00649e-44
-1.30321e-43
-2.52234e-43
3.76949e-43
8.71608e-43
-1.03136e-42
-2.93012e-42
2.60361e-42
9.56947e-42
-5.8322e-42
-3.03661e-41
1.02771e-41
9.3412e-41
-6.42495e-42
-2.77756e-40
-5.80082e-41
7.9455e-40
4.02732e-40
-2.1724e-39
-1.83671e-39
5.6173e-39
7.08078e-39
-1.34867e-38
-2.46368e-38
2.89792e-38
7.93176e-38
-5.06771e-38
-2.38598e-37
4.5681e-38
6.71624e-37
1.50931e-37
-1.75958e-36
-1.16001e-36
4.22867e-36
4.9884e-36
-9.02129e-36
-1.74198e-35
1.56771e-35
5.34089e-35
-1.51175e-35
-1.4709e-34
-3.47984e-35
3.63544e-34
2.79232e-34
-7.87373e-34
-1.13869e-33
1.38798e-33
3.6639e-33
-1.45456e-33
-1.00726e-32
-2.17429e-33
2.39387e-32
1.96668e-32
-4.76084e-32
-7.77724e-32
6.9212e-32
2.34441e-31
-2.03831e-32
-5.84631e-31
-3.31403e-31
1.1962e-30
1.59738e-30
-1.79527e-30
-5.04864e-30
7.9539e-31
1.2542e-29
6.97245e-30
-2.4555e-29
-3.41363e-29
3.24344e-29
1.03828e-28
2.12721e-30
-2.40227e-28
-1.85977e-28
4.13181e-28
7.33618e-28
-3.66859e-28
-1.90412e-27
-7.69096e-28
3.55552e-27
5.12724e-27
-3.91385e-27
-1.66217e-26
-1.996e-27
3.91487e-26
1.92192e-26
-6.28885e-26
-2.80429e-26
