ordre_2
-1.4013e-45
-2.8026e-45
-2.8026e-45
-1.4013e-45
0
1.4013e-45
1.4013e-45
0
-1.4013e-45
-2.8026e-45
-2.8026e-45
-1.4013e-45
0
1.4013e-45
1.4013e-45
2.8026e-45
1.4013e-45
0
-1.4013e-45
-2.8026e-45
-4.2039e-45
-5.60519e-45
-5.60519e-45
-4.2039e-45
-2.8026e-45
-1.4013e-45
-1.4013e-45
-0
-0
-1.4013e-45
-2.8026e-45
-4.2039e-45
-5.60519e-45
-7.00649e-45
-7.00649e-45
-5.60519e-45
-4.2039e-45
-2.8026e-45
-1.4013e-45
-1.4013e-45
-2.8026e-45
-4.2039e-45
-5.60519e-45
-7.00649e-45
-7.00649e-45
-8.40779e-45
-9.80909e-45
-1.12104e-44
-1.26117e-44
-1.4013e-44
-1.4013e-44
-1.4013e-44
-1.26117e-44
-1.12104e-44
-9.80909e-45
-8.40779e-45
-8.40779e-45
-7.00649e-45
-5.60519e-45
-4.2039e-45
-2.8026e-45
-2.8026e-45
-4.2039e-45
-5.60519e-45
-7.00649e-45
-8.40779e-45
-9.80909e-45
-1.12104e-44
-1.12104e-44
-2.8026e-45
7.00649e-45
2.8026e-45
-2.38221e-44
-2.38221e-44
3.36312e-44
5.04467e-44
-9.66896e-44
-2.28412e-43
8.26766e-44
5.84341e-43
7.00649e-44
-1.46716e-42
-9.76705e-43
3.12069e-42
4.1016e-42
-5.34455e-42
-1.31035e-41
4.94238e-42
3.52707e-41
1.15383e-41
-8.25575e-41
-8.71902e-41
1.67256e-40
3.34071e-40
-2.85978e-40
-9.82867e-40
3.90365e-40
2.30773e-39
-3.83994e-40
-3.77551e-39
2.08108e-40
