ordre_1
1.4013e-45
2.8026e-45
4.2039e-45
5.60519e-45
7.00649e-45
8.40779e-45
9.80909e-45
1.12104e-44
1.26117e-44
1.4013e-44
1.54143e-44
1.68156e-44
1.82169e-44
1.96182e-44
2.10195e-44
2.24208e-44
2.38221e-44
2.52234e-44
2.66247e-44
2.8026e-44
2.94273e-44
3.08286e-44
3.22299e-44
3.36312e-44
3.50325e-44
3.64338e-44
3.78351e-44
3.92364e-44
4.06377e-44
4.2039e-44
4.34403e-44
4.48416e-44
4.62428e-44
4.76441e-44
4.90454e-44
5.04467e-44
5.1848e-44
5.32493e-44
5.46506e-44
5.60519e-44
5.74532e-44
5.88545e-44
6.02558e-44
6.16571e-44
6.30584e-44
6.44597e-44
6.5861e-44
6.72623e-44
6.86636e-44
7.00649e-44
7.14662e-44
7.28675e-44
7.42688e-44
7.56701e-44
7.70714e-44
7.84727e-44
7.9874e-44
8.12753e-44
8.26766e-44
8.40779e-44
8.54792e-44
8.68805e-44
8.82818e-44
8.96831e-44
9.10844e-44
9.52883e-44
1.27518e-43
2.77457e-43
9.68297e-43
4.03294e-42
1.73719e-41
7.44089e-41
3.14119e-40
1.30456e-39
5.32856e-39
2.14074e-38
8.46037e-38
3.28971e-37
1.25874e-36
4.74022e-36
1.75714e-35
6.41252e-35
2.30424e-34
8.15391e-34
2.84187e-33
9.75666e-33
3.30001e-32
1.09978e-31
3.61179e-31
1.16903e-30
3.72961e-30
1.17298e-29
3.63713e-29
1.11203e-28
3.35284e-28
9.97005e-28
2.92426e-27
8.46087e-27
2.41513e-26
6.80203e-26
1.89039e-25
