ordre_2
-1.6748e-37
2.23873e-38
1.49466e-36
-5.11736e-38
-7.3428e-36
-3.71584e-37
2.9979e-35
4.67392e-36
-1.10958e-34
-3.17234e-35
3.8418e-34
1.70276e-34
-1.26061e-33
-7.9677e-34
3.93717e-33
3.38713e-33
-1.16904e-32
-1.33609e-32
3.27901e-32
4.94804e-32
-8.56996e-32
-1.73137e-31
2.02936e-31
5.74025e-31
-4.07166e-31
-1.80321e-30
5.42839e-31
5.35161e-30
4.58476e-31
-1.49078e-29
-7.21194e-30
3.85013e-29
3.6154e-29
-9.00116e-29
-1.38687e-28
1.80608e-28
4.58278e-28
-2.6348e-28
-1.34947e-27
1.76616e-29
3.55919e-27
1.82792e-27
-8.27276e-27
-9.27164e-27
1.60743e-26
3.29031e-26
-2.16871e-26
-9.61061e-26
-3.65016e-27
2.38178e-25
1.58598e-25
-4.88169e-25
-7.07614e-25
7.27898e-25
2.21245e-24
-2.53964e-25
-5.50888e-24
-3.26902e-24
1.08046e-23
1.55945e-23
-1.40307e-23
-4.71015e-23
-2.87547e-24
1.07291e-22
9.01307e-23
-1.75824e-22
-3.46812e-22
1.19858e-22
8.84232e-22
4.63449e-22
-1.59456e-21
-2.39025e-21
1.4853e-21
6.57537e-21
2.52364e-21
-1.21395e-20
-1.64261e-20
1.13415e-20
4.58424e-20
1.83234e-20
-8.0597e-20
-1.15494e-19
5.94717e-20
3.00555e-19
1.69606e-19
-4.57789e-19
-8.07428e-19
1.26734e-19
1.78645e-18
1.58775e-18
-2.01375e-18
-5.30626e-18
-1.41195e-18
8.78877e-18
1.222e-17
-2.52882e-18
-2.99108e-17
-3.0014e-17
4.35376e-17
8.18206e-17
-3.26416e-17
