ordre_1
1.4013e-45
2.8026e-45
4.2039e-45
5.60519e-45
7.00649e-45
8.40779e-45
9.80909e-45
1.12104e-44
1.26117e-44
1.4013e-44
1.54143e-44
1.68156e-44
1.82169e-44
1.96182e-44
2.10195e-44
2.24208e-44
2.38221e-44
2.52234e-44
2.66247e-44
2.8026e-44
2.94273e-44
3.08286e-44
3.22299e-44
3.36312e-44
3.50325e-44
3.64338e-44
3.78351e-44
3.92364e-44
4.06377e-44
4.2039e-44
4.34403e-44
4.48416e-44
4.62428e-44
4.76441e-44
4.90454e-44
5.04467e-44
5.1848e-44
5.32493e-44
5.46506e-44
5.60519e-44
5.74532e-44
5.88545e-44
6.02558e-44
6.16571e-44
6.30584e-44
6.44597e-44
6.5861e-44
6.72623e-44
6.86636e-44
7.00649e-44
7.14662e-44
7.28675e-44
7.42688e-44
8.68805e-44
1.61149e-43
5.38099e-43
2.43406e-42
1.17036e-41
5.60449e-41
2.63808e-40
1.21764e-39
5.50962e-39
2.44436e-38
1.06353e-37
4.53917e-37
1.90087e-36
7.81218e-36
3.15163e-35
1.24835e-34
4.8558e-34
1.85525e-33
6.96375e-33
2.56844e-32
9.31021e-32
3.31737e-31
1.16212e-30
4.00313e-30
1.35618e-29
4.51936e-29
1.48165e-28
4.77956e-28
1.51731e-27
4.74099e-27
1.45826e-26
4.41603e-26
1.31681e-25
3.86695e-25
1.11847e-24
3.18676e-24
8.94541e-24
2.47418e-23
6.7437e-23
1.81156e-22
4.79679e-22
1.25211e-21
3.22241e-21
8.17741e-21
2.04644e-20
5.05103e-20
1.22973e-19
2.95349e-19
