ordre_1
1.4013e-45
2.8026e-45
4.2039e-45
5.60519e-45
7.00649e-45
8.40779e-45
9.80909e-45
1.12104e-44
1.26117e-44
1.4013e-44
1.54143e-44
1.68156e-44
1.82169e-44
1.96182e-44
2.10195e-44
2.24208e-44
2.38221e-44
2.52234e-44
2.66247e-44
2.8026e-44
2.94273e-44
3.08286e-44
3.22299e-44
3.36312e-44
3.50325e-44
3.64338e-44
3.78351e-44
3.92364e-44
4.06377e-44
4.2039e-44
4.34403e-44
4.48416e-44
4.62428e-44
4.76441e-44
4.90454e-44
5.04467e-44
5.1848e-44
5.32493e-44
5.46506e-44
5.60519e-44
5.74532e-44
6.72623e-44
1.47136e-43
6.30584e-43
3.39815e-42
1.88531e-41
1.02935e-40
5.48914e-40
2.85602e-39
1.45016e-38
7.18822e-38
3.47974e-37
1.64571e-36
7.60671e-36
3.43738e-35
1.51912e-34
6.5679e-34
2.77887e-33
1.15092e-32
4.6675e-32
1.85398e-31
7.21484e-31
2.75144e-30
1.02853e-29
3.76965e-29
1.35493e-28
4.77711e-28
1.6525e-27
5.60973e-27
1.8692e-26
6.11471e-26
1.9642e-25
6.19686e-25
1.92051e-24
5.84791e-24
1.74986e-23
5.14637e-23
1.48789e-22
4.22945e-22
1.18227e-21
3.2504e-21
8.79059e-21
2.33899e-20
6.12399e-20
1.57799e-19
4.00228e-19
9.99323e-19
2.45678e-18
5.94779e-18
1.41819e-17
3.33098e-17
7.7078e-17
1.75741e-16
3.94882e-16
8.74532e-16
1.90926e-15
4.1096e-15
8.72263e-15
1.8259e-14
3.77011e-14
7.67979e-14
