ordre_2
1.4013e-45
-0
-1.4013e-44
0
7.00649e-44
2.8026e-45
-2.8026e-43
-3.08286e-44
1.04677e-42
2.17201e-43
-3.67701e-42
-1.20652e-42
1.23398e-41
5.8308e-42
-3.9752e-41
-2.55485e-41
1.23261e-40
1.0414e-40
-3.67492e-40
-4.00323e-40
1.04928e-39
1.46372e-39
-2.84585e-39
-5.11595e-39
7.22238e-39
1.71389e-38
-1.66455e-38
-5.50818e-38
3.24033e-38
1.69694e-37
-4.0337e-38
-4.9986e-37
-5.10408e-38
1.40096e-36
6.36243e-37
-3.7042e-36
-3.14853e-36
9.10087e-36
1.22473e-35
-2.01713e-35
-4.17654e-35
3.75825e-35
1.2933e-34
-4.52194e-35
-3.67769e-34
-4.57575e-35
9.58592e-34
5.7347e-34
-2.25546e-33
-2.61209e-33
4.60089e-33
9.14309e-33
-7.21582e-33
-2.74163e-32
3.91548e-33
7.23693e-32
2.99598e-32
-1.67065e-31
-1.70958e-31
3.22085e-31
6.18053e-31
-4.36734e-31
-1.80216e-30
-2.21246e-32
4.43521e-30
2.84918e-30
-9.0414e-30
-1.28007e-29
1.3571e-29
3.99846e-29
-5.81351e-30
-9.99333e-29
-5.49942e-29
1.99601e-28
2.71414e-28
-2.77713e-28
-8.39613e-28
3.76319e-29
1.98864e-27
1.39691e-27
-3.55033e-27
-5.93013e-27
3.56864e-27
1.63669e-26
4.8249e-27
-3.34758e-26
-3.7947e-26
4.53976e-26
1.21811e-25
-2.96869e-27
-2.67676e-25
-2.18791e-25
3.77237e-25
8.45806e-25
-2.74876e-26
-2.14037e-24
-1.74076e-24
4.11855e-24
5.65957e-24
-5.65499e-24
-7.03031e-24
