ordre_1
1.4013e-45
2.8026e-45
4.2039e-45
5.60519e-45
7.00649e-45
8.40779e-45
9.80909e-45
1.12104e-44
1.26117e-44
1.4013e-44
1.54143e-44
1.68156e-44
1.82169e-44
1.96182e-44
2.10195e-44
2.24208e-44
2.38221e-44
2.52234e-44
2.66247e-44
2.8026e-44
2.94273e-44
3.08286e-44
3.22299e-44
3.36312e-44
3.50325e-44
3.64338e-44
3.78351e-44
3.92364e-44
4.06377e-44
4.2039e-44
4.34403e-44
4.48416e-44
4.62428e-44
4.76441e-44
4.90454e-44
5.04467e-44
5.1848e-44
5.32493e-44
5.46506e-44
5.60519e-44
5.74532e-44
5.88545e-44
6.02558e-44
6.16571e-44
6.30584e-44
6.44597e-44
6.5861e-44
6.72623e-44
6.86636e-44
7.00649e-44
7.14662e-44
7.28675e-44
7.42688e-44
7.56701e-44
7.70714e-44
7.84727e-44
7.9874e-44
8.12753e-44
1.02295e-43
2.07392e-43
7.30076e-43
3.21178e-42
1.47739e-41
6.75342e-41
3.03705e-40
1.34113e-39
5.81381e-39
2.47444e-38
1.0342e-37
4.2455e-37
1.71215e-36
6.7846e-36
2.64218e-35
1.01143e-34
3.8065e-34
1.40866e-33
5.12688e-33
1.83543e-32
6.46445e-32
2.24029e-31
7.6405e-31
2.56478e-30
8.4753e-30
2.75738e-29
8.83363e-29
2.78702e-28
8.66083e-28
2.65127e-27
7.99615e-27
2.37626e-26
6.95904e-26
2.00862e-25
5.7147e-25
1.60283e-24
4.4323e-24
1.20856e-23
3.2498e-23
8.61867e-23
2.25459e-22
5.81814e-22
1.48129e-21
