ordre_2
-1.4013e-45
-2.8026e-45
-2.8026e-45
-1.4013e-45
0
1.4013e-45
1.4013e-45
0
-1.4013e-45
-2.8026e-45
-2.8026e-45
-1.4013e-45
0
1.4013e-45
1.4013e-45
2.8026e-45
1.4013e-45
0
-1.4013e-45
-2.8026e-45
-4.2039e-45
-5.60519e-45
-5.60519e-45
-4.2039e-45
-2.8026e-45
-1.4013e-45
-1.4013e-45
-0
-0
-1.4013e-45
-2.8026e-45
-4.2039e-45
-5.60519e-45
-7.00649e-45
-7.00649e-45
-5.60519e-45
-4.2039e-45
-2.8026e-45
-1.4013e-45
-1.4013e-45
-2.8026e-45
-4.2039e-45
-5.60519e-45
-7.00649e-45
-7.00649e-45
-8.40779e-45
-9.80909e-45
-1.12104e-44
-1.26117e-44
-1.4013e-44
-1.4013e-44
-1.4013e-44
-1.26117e-44
-1.12104e-44
-9.80909e-45
-8.40779e-45
-8.40779e-45
-7.00649e-45
-5.60519e-45
-4.2039e-45
-2.8026e-45
-2.8026e-45
-5.60519e-45
-1.96182e-44
-2.66247e-44
-1.4013e-45
1.96182e-44
-2.66247e-44
-1.05097e-43
-1.26117e-44
2.4803e-43
1.41531e-43
-5.78736e-43
-6.69821e-43
1.12104e-42
2.27851e-42
-1.67315e-42
-6.72623e-42
5.78736e-43
1.73635e-41
8.04065e-42
-3.93639e-41
-4.18302e-41
7.47383e-41
1.44779e-40
-9.97458e-41
-4.08862e-40
-1.17639e-41
9.81126e-40
7.02023e-40
-1.97447e-39
-3.23803e-39
3.08151e-39
1.06905e-38
-2.63601e-39
-2.90382e-38
-3.4378e-39
6.49319e-38
1.87387e-38
-1.03345e-37
-2.55358e-38
