ordre_2
3.6938e-34
6.69484e-34
-3.25929e-33
-4.15706e-33
1.56443e-32
1.96764e-32
-6.15977e-32
-8.34683e-32
2.16552e-31
3.31841e-31
-6.98792e-31
-1.25605e-30
2.08251e-30
4.55166e-30
-5.68118e-30
-1.58116e-29
1.37675e-29
5.25982e-29
-2.71962e-29
-1.67091e-28
2.93553e-29
5.04501e-28
8.50169e-29
-1.43685e-27
-7.72309e-28
3.81214e-27
3.69255e-27
-9.2118e-27
-1.41853e-26
1.93316e-26
4.76524e-26
-3.07245e-26
-1.43664e-25
1.24532e-26
3.8993e-25
1.67695e-25
-9.38778e-25
-9.46582e-25
1.91642e-24
3.53081e-24
-2.87187e-24
-1.07036e-23
8.01266e-25
2.74433e-23
1.5289e-23
-5.84118e-23
-7.60515e-23
9.26947e-23
2.48681e-22
-5.27682e-23
-6.36945e-22
-3.2998e-22
1.27739e-21
1.72812e-21
-1.70702e-21
-5.35135e-21
-1.84335e-22
1.2236e-20
1.02192e-20
-1.96807e-20
-3.94509e-20
1.15184e-20
9.84194e-20
5.87903e-20
-1.67476e-19
-2.77541e-19
1.19896e-19
7.145e-19
3.94111e-19
-1.17702e-18
-1.95048e-18
6.59958e-19
4.77323e-18
3.24595e-18
-6.82478e-18
-1.35543e-17
5.39084e-19
2.85064e-17
2.8156e-17
-2.89335e-17
-8.74231e-17
-3.42105e-17
1.38698e-16
2.18025e-16
-3.71542e-17
-4.70917e-16
-4.5043e-16
4.1285e-16
1.33841e-15
7.37789e-16
-1.71177e-15
-3.42417e-15
-7.23916e-16
5.61008e-15
7.74855e-15
-4.75323e-16
-1.48358e-14
-2.08472e-14
9.01096e-15
5.0426e-14
5.70865e-15
