ordre_1
1.4013e-45
2.8026e-45
4.2039e-45
5.60519e-45
7.00649e-45
8.40779e-45
9.80909e-45
1.12104e-44
1.26117e-44
1.4013e-44
1.54143e-44
1.68156e-44
1.82169e-44
1.96182e-44
2.10195e-44
2.24208e-44
2.38221e-44
2.52234e-44
2.66247e-44
2.8026e-44
2.94273e-44
3.08286e-44
3.22299e-44
3.36312e-44
3.50325e-44
3.64338e-44
3.78351e-44
3.92364e-44
4.06377e-44
4.2039e-44
4.34403e-44
4.48416e-44
4.62428e-44
4.76441e-44
4.90454e-44
5.04467e-44
5.1848e-44
5.32493e-44
5.46506e-44
5.60519e-44
5.74532e-44
5.88545e-44
6.02558e-44
6.16571e-44
7.14662e-44
1.48538e-43
5.78736e-43
2.95674e-42
1.57744e-41
8.30914e-41
4.28177e-40
2.15595e-39
1.06079e-38
5.10176e-38
2.39917e-37
1.10355e-36
4.96659e-36
2.18771e-35
9.43447e-35
3.98443e-34
1.64838e-33
6.68204e-33
2.65481e-32
1.03404e-31
3.94941e-31
1.47951e-30
5.43742e-30
1.9609e-29
6.94065e-29
2.41167e-28
8.22803e-28
2.75691e-27
9.07363e-27
2.93396e-26
9.32225e-26
2.91111e-25
8.93605e-25
2.69684e-24
8.00313e-24
2.33578e-23
6.70563e-23
1.89388e-22
5.26308e-22
1.43935e-21
3.87432e-21
1.02658e-20
2.67808e-20
6.87934e-20
1.74031e-19
4.33636e-19
1.06439e-18
2.57406e-18
6.13385e-18
1.44048e-17
3.33427e-17
7.60806e-17
1.71154e-16
3.79663e-16
8.30558e-16
1.79211e-15
3.81453e-15
