ordre_1
1.4013e-45
2.8026e-45
4.2039e-45
5.60519e-45
7.00649e-45
8.40779e-45
4.90454e-44
9.83712e-43
1.88433e-41
3.20045e-40
4.86189e-39
6.67187e-38
8.33918e-37
9.5597e-36
1.01105e-34
9.91567e-34
9.05749e-33
7.73603e-32
6.19933e-31
4.67539e-30
3.32759e-29
2.24054e-28
1.43042e-27
8.67653e-27
5.0097e-26
2.75806e-25
1.45013e-24
7.29217e-24
3.51185e-23
1.62179e-22
7.19013e-22
3.06368e-21
1.25591e-20
4.95793e-20
1.88655e-19
6.92523e-19
2.45445e-18
8.40549e-18
2.78346e-17
8.91917e-17
2.76743e-16
8.32006e-16
2.42519e-15
6.85804e-15
1.88255e-14
5.01923e-14
1.30053e-13
3.27668e-13
8.03203e-13
1.9166e-12
4.45441e-12
1.00889e-11
2.22812e-11
4.80086e-11
1.0098e-10
2.07469e-10
4.16611e-10
8.18176e-10
1.57248e-09
2.95964e-09
5.45903e-09
9.87485e-09
1.75311e-08
3.05697e-08
5.23987e-08
8.83585e-08
1.467e-07
2.40008e-07
3.87242e-07
6.16662e-07
9.69959e-07
1.50805e-06
2.31914e-06
3.52988e-06
5.32055e-06
7.94565e-06
1.17616e-05
1.72632e-05
2.51318e-05
3.62979e-05
5.20206e-05
7.39895e-05
0.000104452
0.000146369
0.000203609
0.000281177
0.000385486
0.000524679
0.000708996
0.000951177
0.00126693
0.00167539
0.00219965
0.00286729
0.00371079
0.00476805
0.00608269
0.00770428
0.00968836
0.0120963
0.0149946
