ordre_1
4.69126e-36
4.6744e-34
2.30643e-32
7.51346e-31
1.81781e-29
3.48387e-28
5.50911e-27
7.39284e-26
8.59363e-25
8.79001e-24
8.00974e-23
6.56754e-22
4.88565e-21
3.32033e-20
2.07366e-19
1.19618e-18
6.40139e-18
3.19053e-17
1.48614e-16
6.4894e-16
2.66383e-15
1.03054e-14
3.76598e-14
1.30279e-13
4.27477e-13
1.3329e-12
3.95624e-12
1.11968e-11
3.02638e-11
7.82433e-11
1.93787e-10
4.60478e-10
1.05138e-09
2.31014e-09
4.89245e-09
1.00028e-08
1.97763e-08
3.78752e-08
7.03933e-08
1.272e-07
2.23906e-07
3.84701e-07
6.46435e-07
1.06446e-06
1.72096e-06
2.73675e-06
4.28792e-06
6.62904e-06
1.01252e-05
1.52957e-05
2.28724e-05
3.3878e-05
4.97275e-05
7.23598e-05
0.000104406
0.000149397
0.000212028
0.000298473
0.000416767
0.000577255
0.000793109
0.00108092
0.00146133
0.00195975
0.00260706
0.00344035
0.00450354
0.00584798
0.00753285
0.00962533
0.0122004
0.0153404
0.019134
0.0236743
0.0290574
0.0353786
0.0427298
0.0511952
0.0608464
0.0717379
0.0839018
0.0973426
0.112033
0.127907
0.144863
0.162753
0.181389
0.200542
0.219943
0.239291
0.258259
0.276501
0.293664
0.309397
0.323367
0.335264
0.344819
0.35181
0.356073
0.357505
0.356073
