ordre_1
5.15809e-24
3.07631e-22
9.03086e-21
1.73965e-19
2.47356e-18
2.76878e-17
2.54123e-16
1.96694e-15
1.31056e-14
7.6362e-14
3.93964e-13
1.81799e-12
7.56745e-12
2.86189e-11
9.8951e-11
3.14531e-10
9.23791e-10
2.51875e-09
6.40367e-09
1.5247e-08
3.4144e-08
7.22294e-08
1.44985e-07
2.77432e-07
5.085e-07
8.97132e-07
1.53106e-06
2.53965e-06
4.1129e-06
6.52897e-06
1.01934e-05
1.56935e-05
2.38723e-05
3.59274e-05
5.3541e-05
7.90495e-05
0.000115661
0.000167731
0.000241106
0.000343549
0.000485243
0.000679395
0.000942931
0.00129728
0.00176922
0.00239182
0.00320533
0.00425809
0.00560733
0.00731975
0.00947188
0.01215
0.0154496
0.0194742
0.0243335
0.0301406
0.0370085
0.0450458
0.0543515
0.0650088
0.0770792
0.0905955
0.105556
0.121916
0.139588
0.158431
0.178254
0.198812
0.219814
0.240921
0.261758
0.281925
0.301005
0.318582
0.334255
0.34765
0.358438
0.366348
0.371177
0.372801
0.371177
0.366348
0.358438
0.34765
0.334255
0.318582
0.301005
0.281924
0.261758
0.240921
0.219814
0.198812
0.178254
0.158431
0.139588
0.121916
0.105556
0.0905955
0.0770792
0.0650088
0.0543515
