ordre_2
5.80664e-11
1.65381e-09
5.57071e-10
-7.79181e-09
-9.7518e-09
1.46515e-08
4.73639e-08
3.05549e-08
-6.39217e-08
-1.79719e-07
-2.11023e-07
-8.15974e-08
2.25859e-07
7.11435e-07
1.42026e-06
2.48198e-06
4.12984e-06
6.72503e-06
1.08057e-05
1.7168e-05
2.69835e-05
4.19596e-05
6.45564e-05
9.82722e-05
0.000148018
0.000220598
0.000325312
0.000474702
0.000685448
0.000979419
0.00138488
0.00193781
0.00268335
0.00367721
0.00498702
0.00669351
0.00889127
0.0116891
0.0152092
0.0195864
0.0249648
0.0314946
0.0393263
0.0486045
0.0594598
0.0719995
0.0862981
0.102387
0.120245
0.139788
0.160866
0.183253
0.206652
0.230692
0.25494
0.278906
0.302064
0.323867
0.343767
0.361242
0.375814
0.387073
0.394696
0.398461
0.398261
0.394106
0.386123
0.374549
0.359722
0.342063
0.322053
0.300218
0.2771
0.253239
0.229152
0.205315
0.182147
0.160004
0.139173
0.119865
0.102224
0.0863245
0.0721841
0.0597692
0.0490057
0.0397878
0.0319884
0.0254669
0.0200772
0.0156739
0.0121172
0.0092764
0.00703254
0.00527961
0.00392513
0.00288975
0.00210713
0.00152026
0.0010921
0.000750685
0.000626086
