ordre_2
9.85994e-26
-6.56032e-25
-9.204e-25
3.7571e-24
4.90323e-24
-1.55626e-23
-2.21978e-23
5.47684e-23
9.18642e-23
-1.70052e-22
-3.54534e-22
4.63571e-22
1.2818e-21
-1.05502e-21
-4.33391e-21
1.64301e-21
1.36216e-20
6.64797e-22
-3.93519e-20
-1.94821e-20
1.02356e-19
1.04403e-19
-2.29726e-19
-4.06362e-19
3.97141e-19
1.30995e-18
-2.77936e-19
-3.58885e-18
-1.53237e-18
8.18425e-18
9.32496e-18
-1.41158e-17
-3.30582e-17
1.07792e-17
8.83774e-17
4.1184e-17
-1.78758e-16
-2.39687e-16
2.2311e-16
7.41551e-16
1.1835e-16
-1.58494e-15
-1.67161e-15
2.03051e-15
5.57213e-15
7.75839e-16
-1.13738e-14
-1.27409e-14
1.16716e-14
3.87201e-14
1.51694e-14
-6.47057e-14
-9.96744e-14
2.50974e-14
2.29116e-13
2.03202e-13
-2.27434e-13
-6.59565e-13
-3.17487e-13
9.05488e-13
1.68406e-12
3.0234e-13
-2.80775e-12
-4.02932e-12
1.69218e-13
7.61498e-12
9.43855e-12
-1.51859e-12
-1.88743e-11
-2.23217e-11
3.25705e-12
4.33031e-11
5.36991e-11
2.32507e-13
-9.07862e-11
-1.28755e-10
-3.25762e-11
1.65739e-10
2.94866e-10
1.64849e-10
-2.29508e-10
-6.07121e-10
-5.56384e-10
1.00999e-10
1.01967e-09
1.43103e-09
6.90939e-10
-1.06929e-09
-2.7432e-09
-2.83137e-09
-5.61591e-10
3.20726e-09
6.11715e-09
5.57636e-09
6.89742e-10
-6.63797e-09
-1.25825e-08
-1.14407e-08
-4.89459e-09
9.81516e-09
2.7975e-08
