ordre_1
1.4013e-45
2.8026e-45
4.2039e-45
1.31722e-43
4.54161e-42
1.26932e-40
2.93637e-39
5.78199e-38
9.89251e-37
1.4939e-35
2.01606e-34
2.45582e-33
2.72263e-32
2.76626e-31
2.59101e-30
2.24865e-29
1.81623e-28
1.37057e-27
9.69624e-27
6.45065e-26
4.04664e-25
2.39965e-24
1.34815e-23
7.19041e-23
3.64755e-22
1.7629e-21
8.13054e-21
3.58353e-20
1.51144e-19
6.10821e-19
2.36804e-18
8.81659e-18
3.15575e-17
1.08698e-16
3.60636e-16
1.15352e-15
3.56014e-15
1.06107e-14
3.05629e-14
8.51444e-14
2.29586e-13
5.99624e-13
1.51797e-12
3.72741e-12
8.88405e-12
2.05675e-11
4.62831e-11
1.01309e-10
2.15858e-10
4.48036e-10
9.06593e-10
1.78983e-09
3.45039e-09
6.50056e-09
1.19797e-08
2.16146e-08
3.82184e-08
6.6289e-08
1.12899e-07
1.88997e-07
3.113e-07
5.05008e-07
8.07679e-07
1.27471e-06
1.98703e-06
3.06179e-06
4.66714e-06
7.04236e-06
1.05252e-05
1.55881e-05
2.2887e-05
3.33238e-05
4.81283e-05
6.89626e-05
9.80518e-05
0.000138348
0.000193732
0.000269254
0.000371424
0.000508554
0.000691149
0.000932346
0.00124841
0.00165926
0.00218903
0.00286661
0.0037262
0.0048078
0.00615758
0.00782811
0.00987845
0.0123739
0.0153854
0.0189889
0.0232636
0.0282907
0.0341506
0.0409206
0.0486716
0.0574645
0.0673464
