ordre_1
2.86332e-40
3.25389e-38
1.83321e-36
6.82672e-35
1.8903e-33
4.15116e-32
7.53068e-31
1.16074e-29
1.55168e-28
1.82748e-27
1.91979e-26
1.81699e-25
1.56217e-24
1.22854e-23
8.88972e-23
5.94881e-22
3.69769e-21
2.14326e-20
1.16239e-19
5.91684e-19
2.83457e-18
1.28122e-17
5.47618e-17
2.21794e-16
8.52837e-16
3.11881e-15
1.0865e-14
3.61117e-14
1.14676e-13
3.48414e-13
1.0141e-12
2.83116e-12
7.59061e-12
1.9567e-11
4.85526e-11
1.16101e-10
2.67852e-10
5.96886e-10
1.28629e-09
2.68386e-09
5.4287e-09
1.06588e-08
2.03413e-08
3.77847e-08
6.84142e-08
1.20927e-07
2.08985e-07
3.5367e-07
5.87025e-07
9.5711e-07
1.53519e-06
2.42593e-06
3.78157e-06
5.82182e-06
8.86099e-06
1.3345e-05
1.99013e-05
2.94043e-05
4.30622e-05
6.25285e-05
9.00441e-05
0.000128617
0.000182243
0.000256181
0.000357278
0.000494355
0.00067866
0.000924385
0.00124923
0.00167503
0.00222841
0.00294145
0.00385233
0.00500587
0.00645405
0.00825624
0.0104792
0.013197
0.01649
0.0204439
0.0251483
0.030694
0.0371707
0.0446631
0.0532476
0.0629875
0.0739286
0.0860943
0.0994811
0.114054
0.129744
0.146443
0.164005
0.182244
0.200934
0.219817
0.238603
0.256979
0.274617
0.291183
0.306345
