ordre_2
-1.4013e-45
-2.8026e-45
-2.8026e-45
-1.4013e-45
0
1.4013e-45
1.4013e-45
0
-1.4013e-45
-2.8026e-45
-2.8026e-45
-1.4013e-45
0
1.4013e-45
1.4013e-45
2.8026e-45
1.4013e-45
0
-1.4013e-45
-2.8026e-45
-4.2039e-45
-5.60519e-45
-5.60519e-45
-4.2039e-45
-2.8026e-45
-1.4013e-45
-1.4013e-45
-0
-0
-1.4013e-45
-2.8026e-45
-4.2039e-45
-5.60519e-45
-7.00649e-45
-7.00649e-45
-5.60519e-45
-4.2039e-45
-2.8026e-45
-1.4013e-45
-1.4013e-45
-2.8026e-45
-4.2039e-45
-5.60519e-45
-7.00649e-45
-7.00649e-45
-8.40779e-45
-9.80909e-45
-1.12104e-44
-1.26117e-44
-1.4013e-44
-1.4013e-44
-1.4013e-44
-1.26117e-44
-1.12104e-44
-9.80909e-45
-8.40779e-45
-8.40779e-45
-7.00649e-45
-5.60519e-45
-4.2039e-45
-2.8026e-45
-2.8026e-45
-4.2039e-45
-5.60519e-45
-7.00649e-45
-8.40779e-45
-9.80909e-45
-1.12104e-44
-5.60519e-45
5.60519e-45
5.60519e-45
-1.54143e-44
-2.94273e-44
1.26117e-44
5.32493e-44
-4.2039e-44
-2.08793e-43
-5.04467e-44
4.66632e-43
3.40516e-43
-1.02715e-42
-1.42512e-42
1.80908e-42
4.51498e-42
-2.00806e-42
-1.21829e-41
-2.24628e-42
2.81829e-41
2.37002e-41
-5.42064e-41
-9.85295e-41
7.54179e-41
3.15411e-40
-2.28159e-41
-8.59989e-40
-2.88447e-40
2.01836e-39
1.13544e-39
-3.81823e-39
-2.25236e-39
3.90206e-39
