ordre_2
-1.4013e-45
-2.8026e-45
-2.8026e-45
-1.4013e-45
0
1.4013e-45
1.4013e-45
0
-1.4013e-45
-2.8026e-45
-2.8026e-45
-1.4013e-45
0
1.4013e-45
1.4013e-45
2.8026e-45
1.4013e-45
0
-1.4013e-45
-2.8026e-45
-4.2039e-45
-5.60519e-45
-5.60519e-45
-4.2039e-45
-2.8026e-45
-1.4013e-45
-1.4013e-45
-0
-0
-1.4013e-45
-2.8026e-45
-4.2039e-45
-5.60519e-45
-7.00649e-45
-7.00649e-45
-5.60519e-45
-4.2039e-45
-2.8026e-45
-1.4013e-45
-1.4013e-45
-2.8026e-45
-4.2039e-45
-5.60519e-45
-7.00649e-45
-7.00649e-45
-8.40779e-45
-9.80909e-45
-7.00649e-45
4.2039e-45
9.80909e-45
-8.40779e-45
-2.38221e-44
9.80909e-45
4.90454e-44
-3.22299e-44
-1.76564e-43
-1.54143e-44
4.4281e-43
2.28412e-43
-1.0776e-42
-1.09161e-42
2.33737e-42
3.94606e-42
-4.27256e-42
-1.23538e-41
5.13296e-42
3.45939e-41
3.94886e-42
-8.72771e-41
-5.48118e-41
1.95379e-40
2.42541e-40
-3.68841e-40
-8.14143e-40
4.8944e-40
2.3244e-39
7.13541e-41
-5.79488e-39
-3.51263e-39
1.24592e-38
1.60758e-38
-2.15941e-38
-5.26552e-38
2.22334e-38
1.42103e-37
3.09479e-38
-3.21841e-37
-2.75854e-37
5.7938e-37
1.06065e-36
-6.24902e-37
-3.13511e-36
-7.35776e-37
7.86128e-36
6.82674e-36
-1.71672e-35
-2.39732e-35
3.21614e-35
5.53559e-35
-4.53162e-35
-6.17583e-35
