ordre_2
-4.07258e-32
5.39919e-33
3.62735e-31
-7.47232e-33
-1.77425e-30
-1.45226e-31
7.18942e-30
1.51468e-30
-2.62933e-29
-9.74842e-30
8.94049e-29
5.06439e-29
-2.85639e-28
-2.30239e-28
8.58056e-28
9.49269e-28
-2.40616e-27
-3.61429e-27
6.18769e-27
1.28259e-26
-1.40241e-26
-4.25782e-26
2.51108e-26
1.32134e-25
-1.91306e-26
-3.81296e-25
-1.09085e-25
1.01109e-24
7.61491e-25
-2.40506e-24
-3.23075e-24
4.85781e-24
1.11202e-23
-7.00473e-24
-3.30452e-23
-7.93385e-26
8.56204e-23
5.01921e-23
-1.88831e-22
-2.42854e-22
3.24111e-22
8.1498e-22
-2.74082e-22
-2.19509e-21
-8.19078e-22
4.7811e-21
5.35864e-21
-7.64162e-21
-1.83991e-20
4.41558e-21
4.67341e-20
2.57237e-20
-8.85952e-20
-1.30156e-19
9.81126e-20
3.7796e-19
9.33132e-20
-7.72965e-19
-8.74637e-19
9.56756e-19
2.7827e-18
3.96738e-19
-5.71807e-18
-6.1396e-18
6.59473e-18
1.94127e-17
4.57603e-18
-3.66628e-17
-4.56945e-17
3.11866e-17
1.26401e-16
6.44247e-17
-1.93074e-16
-3.32806e-16
4.05472e-17
7.13945e-16
6.88272e-16
-6.7144e-16
-2.10078e-15
-1.01637e-15
2.96322e-15
5.33711e-15
3.97621e-16
-9.7779e-15
-1.21845e-14
4.1493e-15
2.78951e-14
2.57591e-14
-2.0684e-14
-7.28141e-14
-5.20308e-14
6.78219e-14
1.81266e-13
1.04786e-13
-1.93092e-13
-4.15752e-13
-2.38599e-13
4.15742e-13
1.19259e-12
3.13007e-13
-1.48086e-12
