ordre_2
-1.4013e-45
-2.8026e-45
-2.8026e-45
-1.4013e-45
-0
-0
-9.80909e-45
-9.80909e-45
1.96182e-44
2.94273e-44
-7.70714e-44
-1.17709e-43
2.39622e-43
4.11982e-43
-7.44089e-43
-1.46716e-42
2.14959e-42
5.05588e-42
-5.83361e-42
-1.69585e-41
1.45651e-41
5.52756e-41
-3.19566e-41
-1.74928e-40
5.32858e-41
5.36082e-40
-1.68941e-41
-1.58577e-39
-3.97789e-40
4.50611e-39
2.50732e-39
-1.22107e-38
-1.10823e-38
3.11837e-38
4.19543e-38
-7.34892e-38
-1.43945e-37
1.52943e-37
4.5748e-37
-2.48486e-37
-1.35777e-36
1.38172e-37
3.76366e-36
1.19738e-36
-9.67348e-36
-7.43924e-36
2.26427e-35
3.0128e-35
-4.6304e-35
-1.0157e-34
7.34381e-35
3.02552e-34
-4.18653e-35
-8.09113e-34
-3.06932e-34
1.92988e-33
1.81365e-33
-3.96753e-33
-6.80111e-33
6.30453e-33
2.07782e-32
-3.99945e-33
-5.45205e-32
-2.21279e-32
1.22667e-31
1.29275e-31
-2.23977e-31
-4.57907e-31
2.60905e-31
1.28613e-30
1.96727e-31
-2.99131e-30
-2.45975e-30
5.55094e-30
9.67294e-30
-6.61752e-30
-2.76331e-29
-3.72567e-30
6.26293e-29
5.3757e-29
-1.07634e-28
-2.04663e-28
9.775e-29
5.48873e-28
1.92422e-28
-1.1226e-27
-1.30854e-27
1.56837e-27
4.16973e-27
-2.79942e-28
-9.37175e-27
-7.16927e-27
1.42066e-26
2.98631e-26
-5.53961e-27
-8.13365e-26
-4.77875e-26
1.70096e-25
1.71364e-25
-2.52064e-25
-2.1826e-25
