ordre_2
-1.29934e-09
-5.92991e-09
5.21015e-09
3.35662e-08
2.32062e-08
-6.89627e-08
-1.77922e-07
-1.67964e-07
4.8066e-08
4.73917e-07
1.10606e-06
2.01901e-06
3.39926e-06
5.55429e-06
8.94104e-06
1.42309e-05
2.24109e-05
3.49238e-05
5.38555e-05
8.21855e-05
0.000124115
0.00018549
0.000274344
0.000401562
0.000581701
0.000833956
0.00118329
0.00166167
0.00230949
0.00317692
0.00432537
0.00582872
0.00777428
0.0102634
0.0134113
0.0173461
0.0222072
0.0281417
0.0352999
0.04383
0.05387
0.0655399
0.0789318
0.0941002
0.111052
0.129736
0.150037
0.17177
0.194675
0.218418
0.242598
0.266755
0.290379
0.312932
0.333865
0.352639
0.368752
0.381754
0.391276
0.397041
0.398882
0.396747
0.390701
0.380928
0.367713
0.351438
0.332554
0.311569
0.289019
0.26545
0.241394
0.217349
0.193768
0.171041
0.149491
0.129369
0.110853
0.0940526
0.0790133
0.0657263
0.0541364
0.0441524
0.0356563
0.0285126
0.0225765
0.0177011
0.0137427
0.0105649
0.00804255
0.00606249
0.00452525
0.00334479
0.00244812
0.00177433
0.00127345
0.000905028
0.000636986
0.000443677
0.000307338
0.000204752
0.000162685
