ordre_2
-1.49038e-12
-7.5833e-12
1.02084e-11
4.53662e-11
-2.20256e-11
-1.86142e-10
-5.07355e-11
5.52077e-10
6.19607e-10
-9.6053e-10
-2.60401e-09
-4.32111e-10
5.70543e-09
8.05584e-09
-1.8591e-09
-1.94e-08
-2.45052e-08
8.20252e-12
4.54799e-08
7.5717e-08
5.28068e-08
-3.13237e-08
-1.44886e-07
-2.34142e-07
-2.51749e-07
-1.72998e-07
9.37978e-09
3.05549e-07
7.52537e-07
1.43551e-06
2.50826e-06
4.2201e-06
6.95719e-06
1.13061e-05
1.81468e-05
2.87847e-05
4.51319e-05
6.99533e-05
0.000107193
0.000162402
0.000243278
0.000360351
0.000527818
0.00076454
0.00109521
0.00155165
0.00217427
0.00301353
0.00413141
0.00560276
0.00751628
0.00997517
0.013097
0.0170127
0.0218645
0.0278029
0.0349814
0.0435508
0.0536518
0.0654053
0.0789037
0.0942
0.111298
0.130142
0.150611
0.17251
0.195571
0.219452
0.243741
0.267969
0.291621
0.314152
0.335011
0.353661
0.369602
0.382393
0.391673
0.397177
0.398751
0.396356
0.39007
0.380087
0.366704
0.350306
0.33135
0.310344
0.287821
0.264322
0.240371
0.21646
0.193031
0.170465
0.149078
0.12911
0.11074
0.0940532
0.0791612
0.0657896
0.0549143
0.0424509
0.0436111
