ordre_1
7.15825e-41
8.27789e-39
4.74644e-37
1.79915e-35
5.07166e-34
1.13401e-32
2.09495e-31
3.28876e-30
4.4784e-29
5.37355e-28
5.75201e-27
5.54806e-26
4.86193e-25
3.89786e-24
2.87575e-23
1.9624e-22
1.24409e-21
7.35571e-21
4.07004e-20
2.11399e-19
1.03355e-18
4.76825e-18
2.08052e-17
8.60326e-17
3.37797e-16
1.26157e-15
4.48885e-15
1.52401e-14
4.94411e-14
1.5347e-13
4.564e-13
1.30194e-12
3.56676e-12
9.39486e-12
2.38193e-11
5.81933e-11
1.37152e-10
3.12173e-10
6.86978e-10
1.46333e-09
3.02067e-09
6.05001e-09
1.17719e-08
2.22815e-08
4.10812e-08
7.3885e-08
1.29813e-07
2.23142e-07
3.75837e-07
6.21208e-07
1.00911e-06
1.61336e-06
2.54216e-06
3.95272e-06
6.07155e-06
9.22221e-06
1.38631e-05
2.0638e-05
3.0443e-05
4.45143e-05
6.45408e-05
9.28083e-05
0.00013238
0.000187321
0.000262971
0.000366273
0.000506162
0.000694015
0.000944165
0.00127447
0.00170692
0.00226833
0.00299091
0.003913
0.00507953
0.00654255
0.00836144
0.0106029
0.0133408
0.0166552
0.0206315
0.0253586
0.0309267
0.0374246
0.0449361
0.0535365
0.0632878
0.0742348
0.0863996
0.0997777
0.114333
0.129997
0.146659
0.164174
0.182357
0.200982
0.219792
0.2385
0.256795
0.274349
0.290832
