ordre_1
1.4013e-45
2.8026e-45
4.2039e-45
5.60519e-45
7.00649e-45
8.40779e-45
9.80909e-45
1.12104e-44
1.26117e-44
1.4013e-44
1.54143e-44
1.68156e-44
1.82169e-44
1.96182e-44
2.10195e-44
2.24208e-44
2.38221e-44
2.52234e-44
2.66247e-44
2.8026e-44
2.94273e-44
3.08286e-44
3.22299e-44
3.36312e-44
3.50325e-44
3.64338e-44
3.78351e-44
3.92364e-44
4.06377e-44
4.2039e-44
4.34403e-44
4.48416e-44
4.90454e-44
8.40779e-44
3.37713e-43
2.03188e-42
1.29298e-41
8.0726e-41
4.8959e-40
2.88191e-39
1.64713e-38
9.14595e-38
4.93663e-37
2.59165e-36
1.32401e-35
6.58568e-35
3.19087e-34
1.50667e-33
6.93616e-33
3.11456e-32
1.36466e-31
5.83681e-31
2.43787e-30
9.94682e-30
3.96596e-29
1.54578e-28
5.89148e-28
2.19639e-27
8.01191e-27
2.86041e-26
9.99793e-26
3.42214e-25
1.14738e-24
3.7692e-24
1.21348e-23
3.82965e-23
1.18504e-22
3.5963e-22
1.07059e-21
3.12701e-21
8.9633e-21
2.52191e-20
6.96633e-20
1.88964e-19
5.03429e-19
1.31756e-18
3.38809e-18
8.56206e-18
2.12677e-17
5.19356e-17
1.24707e-16
2.94496e-16
6.84087e-16
1.56339e-15
3.51583e-15
7.78171e-15
1.69547e-14
3.63711e-14
7.68349e-14
1.59875e-13
3.27726e-13
6.61966e-13
1.31779e-12
2.58604e-12
5.00378e-12
9.5484e-12
1.79735e-11
3.33816e-11
6.1187e-11
1.10713e-10
1.97804e-10
