ordre_1
1.4013e-45
2.8026e-45
4.2039e-45
5.60519e-45
7.00649e-45
8.40779e-45
9.80909e-45
1.12104e-44
1.26117e-44
1.4013e-44
1.54143e-44
1.68156e-44
1.82169e-44
1.96182e-44
2.10195e-44
2.24208e-44
2.38221e-44
2.52234e-44
2.66247e-44
2.8026e-44
2.94273e-44
3.08286e-44
3.22299e-44
3.36312e-44
3.50325e-44
3.64338e-44
3.78351e-44
3.92364e-44
4.06377e-44
4.48416e-44
9.3887e-44
4.56823e-43
3.01419e-42
2.03076e-41
1.33279e-40
8.47057e-40
5.21214e-39
3.10702e-38
1.79554e-37
1.00662e-36
5.47819e-36
2.89581e-35
1.48772e-34
7.4324e-34
3.61263e-33
1.70933e-32
7.87663e-32
3.53649e-31
1.54778e-30
6.606e-30
2.75064e-29
1.1178e-28
4.43502e-28
1.71862e-27
6.50688e-27
2.40778e-26
8.71066e-26
3.08186e-25
1.06668e-24
3.61276e-24
1.19772e-23
3.88772e-23
1.23589e-22
3.84874e-22
1.17442e-21
3.51237e-21
1.0298e-20
2.96063e-20
8.34818e-20
2.30927e-19
6.26798e-19
1.66973e-18
4.36638e-18
1.1211e-17
2.8269e-17
7.00171e-17
1.70379e-16
4.07412e-16
9.5752e-16
2.21231e-15
5.0259e-15
1.12291e-14
2.46788e-14
5.33636e-14
1.13553e-13
2.37836e-13
4.90428e-13
9.9584e-13
1.99167e-12
3.92429e-12
7.61944e-12
1.45817e-11
2.75124e-11
5.11908e-11
9.39542e-11
1.70145e-10
3.04105e-10
5.36605e-10
9.35064e-10
1.60959e-09
2.73785e-09
