ordre_2
-3.24961e-42
-5.89666e-42
2.88149e-41
3.63104e-41
-1.39735e-40
-1.7e-40
5.59558e-40
7.1362e-40
-2.01804e-39
-2.81706e-39
6.76084e-39
1.06501e-38
-2.12906e-38
-3.88541e-38
6.31373e-38
1.37202e-37
-1.75176e-37
-4.69316e-37
4.4654e-37
1.55424e-36
-1.00108e-36
-4.97575e-36
1.73122e-36
1.53596e-35
-8.34962e-37
-4.55418e-35
-1.12985e-35
1.28953e-34
7.42987e-35
-3.45545e-34
-3.30902e-34
8.62972e-34
1.24799e-33
-1.95137e-33
-4.23157e-33
3.73506e-33
1.31841e-32
-4.7545e-33
-3.79911e-32
-3.68643e-33
1.00909e-31
5.59967e-32
-2.43496e-31
-2.64991e-31
5.15178e-31
9.53524e-31
-8.66541e-31
-2.93353e-30
7.04324e-31
7.95285e-30
2.5312e-30
-1.89374e-29
-1.71501e-29
3.81327e-29
6.55552e-29
-5.68025e-29
-1.98155e-28
1.982e-29
5.0317e-28
2.69229e-28
-1.06242e-27
-1.34959e-27
1.69355e-27
4.40301e-27
-1.0942e-27
-1.13236e-26
-5.28273e-27
2.32135e-26
2.9134e-26
-3.36375e-26
-9.31205e-26
9.45673e-27
2.23929e-25
1.48532e-25
-4.02465e-25
-6.54948e-25
4.0473e-25
1.81504e-24
5.44659e-25
-3.65765e-24
-4.23625e-24
4.66985e-24
1.33643e-23
9.90636e-25
-2.8658e-23
-2.71317e-23
3.90487e-23
9.4279e-23
-1.49626e-24
-2.0644e-22
-1.79248e-22
2.73949e-22
6.19948e-22
4.5831e-23
-1.2732e-21
-1.52636e-21
1.56933e-21
5.11931e-21
-5.09088e-22
-9.45828e-21
-9.61919e-22
