ordre_2
2.24988e-16
1.18616e-15
-1.76479e-15
-7.12814e-15
6.35171e-15
3.13811e-14
-1.26464e-14
-1.16254e-13
-1.08877e-14
3.66911e-13
2.35828e-13
-9.48648e-13
-1.28612e-12
1.76188e-12
4.76683e-12
-9.64372e-13
-1.30221e-11
-8.72248e-12
2.40011e-11
4.32895e-11
-1.37017e-11
-1.12591e-10
-8.81477e-11
1.49268e-10
3.56838e-10
1.04711e-10
-6.03859e-10
-9.58917e-10
-3.93213e-11
1.79148e-09
2.48781e-09
1.33111e-10
-4.30985e-09
-6.48924e-09
-2.14937e-09
7.78594e-09
1.56725e-08
1.2102e-08
-5.57048e-09
-2.82553e-08
-3.90015e-08
-2.41817e-08
1.56699e-08
6.33014e-08
9.26828e-08
8.25392e-08
2.72987e-08
-6.03774e-08
-1.55739e-07
-2.32277e-07
-2.70451e-07
-2.60977e-07
-2.0205e-07
-9.22019e-08
7.90225e-08
3.41487e-07
7.56741e-07
1.43465e-06
2.55823e-06
4.42169e-06
7.48803e-06
1.24743e-05
2.04744e-05
3.31321e-05
5.28785e-05
8.32533e-05
0.000129332
0.000198277
0.000300043
0.000448244
0.000661194
0.000963135
0.00138564
0.00196912
0.00276448
0.00383462
0.00525594
0.00711939
0.00953112
0.0126124
0.0164985
0.0213366
0.0272821
0.0344936
0.0431262
0.0533237
0.065209
0.0788742
0.0943701
0.111694
0.130787
0.151503
0.173678
0.196901
0.221213
0.244953
0.271441
0.288574
0.330695
0.293135
0.482933
