ordre_2
-1.4013e-45
-2.8026e-45
-2.8026e-45
-1.4013e-45
0
1.4013e-45
1.4013e-45
0
-1.4013e-45
-2.8026e-45
-2.8026e-45
-1.4013e-45
0
1.4013e-45
1.4013e-45
2.8026e-45
1.4013e-45
0
-1.4013e-45
-2.8026e-45
-4.2039e-45
-5.60519e-45
-5.60519e-45
-4.2039e-45
-2.8026e-45
-1.4013e-45
-1.4013e-45
-0
-0
-1.4013e-45
-2.8026e-45
-4.2039e-45
-5.60519e-45
-7.00649e-45
-7.00649e-45
-5.60519e-45
-4.2039e-45
-2.8026e-45
-1.4013e-45
-1.4013e-45
-2.8026e-45
-4.2039e-45
-5.60519e-45
-7.00649e-45
-7.00649e-45
-8.40779e-45
-9.80909e-45
-1.12104e-44
-9.80909e-45
-1.4013e-45
9.80909e-45
1.4013e-45
-2.24208e-44
-1.12104e-44
4.90454e-44
2.66247e-44
-1.45735e-43
-1.69557e-43
2.81661e-43
5.5071e-43
-5.04467e-43
-1.68716e-42
5.43704e-43
4.67753e-42
7.91734e-43
-1.18186e-41
-7.84447e-42
2.67242e-41
3.36886e-41
-5.16687e-41
-1.13102e-40
7.3131e-41
3.27003e-40
-1.07438e-41
-8.34119e-40
-4.3183e-40
1.86016e-39
2.13746e-39
-3.44399e-39
-7.3479e-39
4.33354e-39
2.0872e-38
1.46463e-39
-5.07086e-38
-3.34425e-38
1.03102e-37
1.42747e-37
-1.55531e-37
-4.40572e-37
6.39573e-38
1.1198e-36
6.87454e-37
-2.40745e-36
-3.51544e-36
4.32989e-36
1.14181e-35
-6.25522e-36
-2.80661e-35
6.71527e-36
4.69145e-35
-4.14729e-36
