ordre_2
1.81398e-13
-2.01251e-14
-1.55437e-12
-3.85647e-13
6.8482e-12
4.72953e-12
-2.20333e-11
-2.91857e-11
4.91455e-11
1.2307e-10
-3.89756e-11
-3.66137e-10
-2.42068e-10
6.69448e-10
1.28857e-09
-1.07786e-10
-3.00325e-09
-3.4687e-09
1.79981e-09
9.42929e-09
9.66391e-09
-3.85725e-09
-2.35977e-08
-2.99053e-08
-7.27955e-09
3.82956e-08
7.77536e-08
7.66552e-08
1.89445e-08
-8.11011e-08
-1.86074e-07
-2.54385e-07
-2.56825e-07
-1.80895e-07
-2.22587e-08
2.31093e-07
6.16177e-07
1.21202e-06
2.159e-06
3.68583e-06
6.15065e-06
1.0103e-05
1.63747e-05
2.62085e-05
4.1438e-05
6.4731e-05
9.99148e-05
0.000152402
0.000229738
0.000342288
0.000504079
0.000733816
0.00105606
0.00150258
0.00211379
0.00294025
0.00404423
0.005501
0.00739994
0.0098451
0.0129551
0.0168621
0.0217099
0.0276501
0.0348381
0.0434257
0.0535546
0.0653464
0.0788933
0.0942477
0.111412
0.130328
0.150872
0.172846
0.195977
0.219918
0.244255
0.268513
0.292175
0.314694
0.335518
0.354111
0.369974
0.382669
0.39184
0.397228
0.398684
0.396174
0.389783
0.379709
0.366253
0.349802
0.330818
0.309798
0.28731
0.263765
0.240147
0.215256
0.195642
0.159763
0.185794
