ordre_2
-5.6239e-36
1.22793e-35
5.06647e-35
-6.97013e-35
-2.53527e-34
2.84392e-34
1.06313e-33
-9.7852e-34
-4.0719e-33
2.93548e-33
1.46895e-32
-7.52996e-33
-5.05513e-32
1.47922e-32
1.66743e-31
-9.78554e-33
-5.2738e-31
-1.02062e-31
1.59502e-30
7.53803e-31
-4.5855e-30
-3.64444e-30
1.24008e-29
1.47788e-29
-3.09634e-29
-5.36351e-29
6.87492e-29
1.78486e-28
-1.23199e-28
-5.49351e-28
1.11278e-28
1.56295e-27
3.91185e-28
-4.07265e-27
-2.97197e-27
9.50044e-27
1.26296e-26
-1.87798e-26
-4.30234e-26
2.63017e-26
1.2625e-25
2.11901e-27
-3.23379e-25
-1.92832e-25
7.07548e-25
9.13918e-25
-1.21465e-24
-3.04317e-24
1.0722e-24
8.2086e-24
2.80044e-24
-1.81479e-23
-1.92236e-23
3.04128e-23
6.76559e-23
-2.39422e-23
-1.78066e-22
-7.55263e-23
3.61171e-22
4.52235e-22
-4.88175e-22
-1.42817e-21
-1.70781e-23
3.24901e-21
2.69982e-21
-5.10248e-21
-1.03591e-20
2.58757e-21
2.52704e-20
1.63377e-20
-4.11675e-20
-7.25759e-20
2.39508e-20
1.79093e-19
1.14241e-19
-2.76767e-19
-5.05552e-19
1.02871e-19
1.16574e-18
9.24041e-19
-1.51953e-18
-3.43506e-18
-3.2724e-19
6.72397e-18
7.58617e-18
-5.79508e-18
-2.1398e-17
-1.09983e-17
3.09582e-17
5.55005e-17
-8.65097e-19
-1.11411e-16
-1.19265e-16
8.41967e-17
3.12684e-16
2.2006e-16
-3.36894e-16
-9.64939e-16
-2.17502e-16
1.78473e-15
7.72645e-16
