ordre_2
-4.80498e-39
-3.71837e-37
2.775e-38
2.20266e-36
1.22143e-38
-9.69084e-36
-9.60518e-37
3.74605e-35
8.07972e-36
-1.33833e-34
-4.7912e-35
4.50933e-34
2.38611e-34
-1.44456e-33
-1.06141e-33
4.40645e-33
4.34217e-33
-1.27537e-32
-1.65962e-32
3.47018e-32
5.97866e-32
-8.71121e-32
-2.03918e-31
1.93776e-31
6.59472e-31
-3.41942e-31
-2.0196e-30
2.53058e-31
5.83154e-30
1.52069e-30
-1.57394e-29
-1.06392e-29
3.90681e-29
4.60579e-29
-8.62947e-29
-1.64166e-28
1.56276e-28
5.14694e-28
-1.64825e-28
-1.44606e-27
-3.06041e-28
3.62687e-27
2.73599e-27
-7.89753e-27
-1.14456e-26
1.37168e-26
3.70983e-26
-1.28247e-26
-1.01171e-25
-2.98755e-26
2.33487e-25
2.22288e-25
-4.32166e-25
-8.28993e-25
5.01109e-25
2.35198e-24
4.10554e-25
-5.36234e-24
-4.79025e-24
9.29478e-24
1.81295e-23
-8.41849e-24
-4.87798e-23
-1.76109e-23
9.9426e-23
1.18537e-22
-1.33966e-22
-3.78341e-22
-3.96371e-24
8.51708e-22
7.20134e-22
-1.29686e-21
-2.7123e-21
5.25536e-22
6.43812e-21
4.54739e-21
-9.97863e-21
-1.89065e-20
4.26045e-21
4.45873e-20
3.25666e-20
-6.41636e-20
-1.30244e-19
9.7915e-21
2.82733e-19
2.57144e-19
-3.31157e-19
-8.63216e-19
-1.96709e-19
1.57431e-18
2.02738e-18
-1.13271e-18
-5.19415e-18
-3.14363e-18
6.44531e-18
1.39048e-17
3.72804e-18
-2.93156e-17
-3.47924e-17
3.79431e-17
5.07654e-17
