ordre_2
-1.4013e-44
8.96831e-44
1.24716e-43
-5.19882e-43
-6.33387e-43
2.25609e-42
2.76897e-42
-8.55212e-42
-1.11992e-41
2.98224e-41
4.3146e-41
-9.75402e-41
-1.60097e-40
3.01426e-40
5.75204e-40
-8.79626e-40
-2.00503e-39
2.40408e-39
6.78309e-39
-6.03069e-39
-2.22557e-38
1.32321e-38
7.07104e-38
-2.18548e-38
-2.1701e-37
5.31825e-39
6.40955e-37
1.73076e-37
-1.81193e-36
-1.06982e-36
4.86095e-36
4.68077e-36
-1.22018e-35
-1.75417e-35
2.79138e-35
5.94515e-35
-5.48509e-35
-1.85995e-34
7.61437e-35
5.40704e-34
2.03968e-35
-1.45742e-33
-6.97068e-34
3.60055e-33
3.51762e-33
-7.93023e-33
-1.31084e-32
1.4513e-32
4.16102e-32
-1.68468e-32
-1.16895e-31
-1.77238e-32
2.91835e-31
2.03984e-31
-6.32979e-31
-8.74247e-31
1.10453e-30
2.84491e-30
-1.09935e-30
-7.77047e-30
-1.97548e-30
1.80497e-29
1.61461e-29
-3.41515e-29
-6.14562e-29
4.32616e-29
1.77747e-28
1.42118e-29
-4.18364e-28
-3.21015e-28
7.76128e-28
1.30918e-27
-9.06367e-28
-3.74098e-27
-5.98184e-28
8.3116e-27
7.59637e-27
-1.35611e-26
-2.79072e-26
9.71064e-27
7.15324e-26
3.41558e-26
-1.35281e-25
-1.86366e-25
1.52924e-25
5.46154e-25
1.11368e-25
-1.13291e-24
-1.19386e-24
1.50574e-24
3.84215e-24
8.55712e-26
-8.005e-24
-7.96364e-24
9.86189e-24
2.96377e-23
2.145e-24
-7.16562e-23
-4.04542e-23
1.14773e-22
6.15057e-23
