ordre_1
1.4013e-45
2.8026e-45
4.2039e-45
5.60519e-45
7.00649e-45
8.40779e-45
9.80909e-45
1.12104e-44
1.26117e-44
1.4013e-44
1.54143e-44
1.68156e-44
1.82169e-44
1.96182e-44
2.10195e-44
2.24208e-44
2.38221e-44
2.52234e-44
2.66247e-44
2.8026e-44
2.94273e-44
3.08286e-44
3.22299e-44
3.36312e-44
3.50325e-44
3.64338e-44
3.78351e-44
3.92364e-44
4.06377e-44
4.2039e-44
4.34403e-44
4.48416e-44
4.62428e-44
4.76441e-44
4.90454e-44
5.04467e-44
5.1848e-44
7.00649e-44
1.8357e-43
9.10844e-43
5.32914e-42
3.1319e-41
1.79981e-40
1.0071e-39
5.48601e-39
2.91037e-38
1.50434e-37
7.57973e-37
3.72442e-36
1.78545e-35
8.35399e-35
3.81653e-34
1.70307e-33
7.42582e-33
3.16485e-32
1.31887e-31
5.37568e-31
2.14378e-30
8.36706e-30
3.19695e-29
1.19617e-28
4.38388e-28
1.57415e-27
5.5395e-27
1.91088e-26
6.4631e-26
2.14384e-25
6.9757e-25
2.227e-24
6.97725e-24
2.1457e-23
6.47834e-23
1.92068e-22
5.59275e-22
1.59978e-21
4.49611e-21
1.24176e-20
3.37086e-20
8.99542e-20
2.36024e-19
6.09003e-19
1.54556e-18
3.85858e-18
9.47804e-18
2.29102e-17
5.45046e-17
1.27644e-16
2.94309e-16
6.6821e-16
1.49418e-15
3.29111e-15
7.14181e-15
1.52712e-14
3.21817e-14
6.68488e-14
1.369e-13
2.76451e-13
5.50576e-13
1.08164e-12
2.0965e-12
4.00998e-12
