ordre_1
1.4013e-45
2.8026e-45
4.2039e-45
5.60519e-45
7.00649e-45
8.40779e-45
9.80909e-45
1.12104e-44
1.26117e-44
1.4013e-44
1.54143e-44
1.68156e-44
1.82169e-44
1.96182e-44
2.10195e-44
2.24208e-44
2.38221e-44
2.52234e-44
2.66247e-44
2.8026e-44
2.94273e-44
3.08286e-44
3.22299e-44
3.36312e-44
3.50325e-44
3.64338e-44
3.78351e-44
3.92364e-44
5.1848e-44
1.68156e-43
1.02435e-42
7.10458e-42
4.87442e-41
3.23949e-40
2.08144e-39
1.29351e-38
7.78082e-38
4.5337e-37
2.56073e-36
1.40298e-35
7.46101e-35
3.8536e-34
1.93425e-33
9.44004e-33
4.4821e-32
2.07135e-31
9.32181e-31
4.08715e-30
1.74666e-29
7.27853e-29
2.95873e-28
1.17372e-27
4.54547e-27
1.71913e-26
6.35194e-26
2.29358e-25
8.09609e-25
2.79463e-24
9.43611e-24
3.11752e-23
1.00808e-22
3.19134e-22
9.89365e-22
3.00442e-21
8.93916e-21
2.60658e-20
7.45057e-20
2.08812e-19
5.73943e-19
1.5475e-18
4.0939e-18
1.06288e-17
2.70875e-17
6.77773e-17
1.66541e-16
4.01954e-16
9.53101e-16
2.22076e-15
5.08579e-15
1.14499e-14
2.53466e-14
5.51839e-14
1.18188e-13
2.49056e-13
5.16515e-13
1.05446e-12
2.11955e-12
4.19588e-12
8.18236e-12
1.57224e-11
2.97754e-11
5.55916e-11
1.02352e-10
1.85882e-10
3.33091e-10
5.89118e-10
1.0287e-09
1.77402e-09
3.02242e-09
5.08882e-09
8.47018e-09
