ordre_1
1.4013e-45
2.8026e-45
4.2039e-45
5.60519e-45
7.00649e-45
8.40779e-45
9.80909e-45
1.12104e-44
1.26117e-44
1.4013e-44
1.54143e-44
1.68156e-44
1.82169e-44
1.96182e-44
2.10195e-44
2.24208e-44
2.38221e-44
2.52234e-44
2.66247e-44
2.8026e-44
2.94273e-44
3.08286e-44
3.22299e-44
3.36312e-44
3.50325e-44
3.64338e-44
3.78351e-44
3.92364e-44
4.06377e-44
4.2039e-44
4.34403e-44
4.48416e-44
4.62428e-44
4.76441e-44
4.90454e-44
5.04467e-44
5.1848e-44
5.32493e-44
5.46506e-44
5.60519e-44
5.74532e-44
5.88545e-44
6.5861e-44
1.20512e-43
4.47014e-43
2.30373e-42
1.25879e-41
6.79994e-41
3.59258e-40
1.85311e-39
9.3327e-39
4.59053e-38
2.2061e-37
1.03621e-36
4.75867e-36
2.13736e-35
9.3922e-35
4.03913e-34
1.70047e-33
7.01026e-33
2.83079e-32
1.11997e-31
4.34249e-31
1.65051e-30
6.1511e-30
2.24824e-29
8.06097e-29
2.83586e-28
9.79104e-28
3.31827e-27
1.10413e-26
3.60782e-26
1.15789e-25
3.65066e-25
1.13093e-24
3.44303e-24
1.03029e-23
3.03092e-23
8.76702e-23
2.49383e-22
6.97735e-22
1.9204e-21
5.20042e-21
1.38579e-20
3.63444e-20
9.38259e-20
2.38461e-19
5.96742e-19
1.4706e-18
3.56946e-18
8.53442e-18
2.01036e-17
4.66617e-17
1.06734e-16
2.40633e-16
5.34795e-16
1.17182e-15
2.53185e-15
5.39491e-15
1.13388e-14
2.35098e-14
