ordre_2
-2.55522e-17
-4.59547e-17
2.16664e-16
3.03416e-16
-9.49825e-16
-1.52445e-15
3.15917e-15
6.6139e-15
-8.13817e-15
-2.52196e-14
1.34487e-14
8.38032e-14
7.43719e-15
-2.36061e-13
-1.71937e-13
5.2701e-13
8.35133e-13
-7.42688e-13
-2.71279e-12
-3.89415e-13
6.28676e-12
6.56986e-12
-8.62177e-12
-2.34384e-11
-3.9907e-12
4.77576e-11
5.96237e-11
-3.6276e-11
-1.65913e-10
-1.18596e-10
1.93153e-10
4.72308e-10
2.18187e-10
-6.22568e-10
-1.23201e-09
-5.13275e-10
1.5281e-09
3.06991e-09
1.73954e-09
-2.73448e-09
-7.04017e-09
-6.19422e-09
1.88537e-09
1.29458e-08
1.78851e-08
9.21223e-09
-1.19626e-08
-3.41386e-08
-4.12032e-08
-2.26056e-08
1.86652e-08
6.56328e-08
9.48997e-08
8.78179e-08
3.91055e-08
-4.11882e-08
-1.32447e-07
-2.11709e-07
-2.61075e-07
-2.71244e-07
-2.40385e-07
-1.69314e-07
-5.45364e-08
1.19911e-07
3.92087e-07
8.3487e-07
1.57476e-06
2.82102e-06
4.91092e-06
8.37781e-06
1.40508e-05
2.31971e-05
3.77213e-05
6.0441e-05
9.54582e-05
0.000148649
0.000228289
0.000345847
0.000516947
0.000762529
0.00111019
0.00159569
0.00226454
0.00317369
0.00439301
0.00600668
0.00811413
0.0108301
0.0142849
0.0186199
0.0239939
0.0305505
0.0384953
0.047845
0.0591241
0.0713318
0.0876747
0.0994147
0.130762
0.11523
0.232556
