ordre_1
1.4013e-45
2.8026e-45
4.2039e-45
5.60519e-45
7.00649e-45
1.12104e-44
1.69557e-43
3.58732e-42
6.80344e-41
1.14052e-39
1.70985e-38
2.31537e-37
2.8555e-36
3.22963e-35
3.36974e-34
3.26003e-33
2.93729e-32
2.47435e-31
1.95549e-30
1.45432e-29
1.02062e-28
6.7755e-28
4.26451e-27
2.54995e-26
1.45124e-25
7.87477e-25
4.08046e-24
2.02203e-23
9.59532e-23
4.36588e-22
1.90692e-21
8.00426e-21
3.23208e-20
1.25671e-19
4.70956e-19
1.70251e-18
5.94181e-18
2.00358e-17
6.53248e-17
2.06081e-16
6.29486e-16
1.86297e-15
5.34533e-15
1.48785e-14
4.01996e-14
1.05491e-13
2.69028e-13
6.67127e-13
1.60953e-12
3.7802e-12
8.64773e-12
1.92801e-11
4.1917e-11
8.89203e-11
1.84164e-10
3.72626e-10
7.37028e-10
1.42602e-09
2.70084e-09
5.01087e-09
9.11356e-09
1.62614e-08
2.84882e-08
4.90412e-08
8.30243e-08
1.38344e-07
2.27089e-07
3.67509e-07
5.8686e-07
9.2542e-07
1.44214e-06
2.2225e-06
3.38943e-06
5.11816e-06
7.65643e-06
1.13516e-05
1.66867e-05
2.43277e-05
3.51852e-05
5.04933e-05
7.19103e-05
0.000101644
0.000142609
0.000198615
0.000274599
0.000376895
0.000513555
0.000694714
0.000933
0.00124399
0.00164671
0.00216412
0.00282366
0.00365771
0.00470408
0.00600633
0.00761402
0.00958274
0.0119739
0.0148544
0.0182956
