ordre_2
-1.4013e-45
-2.8026e-45
-2.8026e-45
-1.4013e-45
0
1.4013e-45
1.4013e-45
0
-1.4013e-45
-2.8026e-45
-2.8026e-45
-1.4013e-45
0
1.4013e-45
1.4013e-45
2.8026e-45
1.4013e-45
0
-1.4013e-45
-2.8026e-45
-4.2039e-45
-5.60519e-45
-5.60519e-45
-4.2039e-45
-2.8026e-45
-1.4013e-45
-1.4013e-45
-0
-0
-1.4013e-45
-2.8026e-45
-4.2039e-45
-5.60519e-45
-7.00649e-45
-7.00649e-45
-5.60519e-45
-4.2039e-45
-2.8026e-45
-1.4013e-45
-1.4013e-45
-2.8026e-45
-4.2039e-45
-5.60519e-45
-7.00649e-45
-7.00649e-45
-8.40779e-45
-9.80909e-45
-1.12104e-44
-1.26117e-44
-1.4013e-44
-1.4013e-44
-1.4013e-44
-1.26117e-44
-1.12104e-44
-9.80909e-45
-8.40779e-45
-8.40779e-45
-7.00649e-45
-5.60519e-45
-4.2039e-45
-7.00649e-45
-1.82169e-44
-2.52234e-44
-9.80909e-45
1.4013e-44
-9.80909e-45
-8.26766e-44
-4.06377e-44
1.77965e-43
1.82169e-43
-3.79752e-43
-6.69821e-43
6.2638e-43
2.01787e-42
-5.81539e-43
-5.49029e-42
-1.47697e-42
1.31372e-41
1.09077e-41
-2.73099e-41
-4.26681e-41
4.51582e-41
1.31864e-40
-3.88622e-41
-3.46461e-40
-1.03601e-40
7.75753e-40
7.2798e-40
-1.39706e-39
-2.74222e-39
1.5488e-39
8.23145e-39
1.53708e-39
-2.13577e-38
-1.5631e-38
4.88639e-38
5.56146e-38
-9.63167e-38
-1.29121e-37
1.41463e-37
1.44389e-37
