ordre_2
1.34805e-42
2.44386e-42
-1.19461e-41
-1.50499e-41
5.79577e-41
7.04279e-41
-2.32226e-40
-2.95516e-40
8.3825e-40
1.16618e-39
-2.8118e-39
-4.40819e-39
8.87037e-39
1.60839e-38
-2.63724e-38
-5.68193e-38
7.34497e-38
1.9451e-37
-1.88375e-37
-6.44945e-37
4.27085e-37
2.06828e-36
-7.59929e-37
-6.39953e-36
4.84953e-37
1.90344e-35
4.25882e-36
-5.4123e-35
-2.96101e-35
1.45864e-34
1.34241e-34
-3.6731e-34
-5.11648e-34
8.4152e-34
1.74948e-33
-1.65176e-33
-5.49495e-33
2.27457e-33
1.59743e-32
7.16495e-34
-4.2883e-32
-2.13062e-32
1.04964e-31
1.06272e-31
-2.27057e-31
-3.91921e-31
3.9962e-31
1.22816e-30
-3.99559e-31
-3.39042e-30
-8.0195e-31
8.25195e-30
6.66224e-30
-1.7173e-29
-2.67807e-29
2.74846e-29
8.35298e-29
-1.78769e-29
-2.18462e-28
-9.24693e-29
4.79018e-28
5.35202e-28
-8.18926e-28
-1.84277e-27
7.4222e-28
4.94263e-27
1.63249e-27
-1.0656e-26
-1.14296e-26
1.70147e-26
3.92927e-26
-1.10153e-26
-9.99875e-26
-4.97131e-26
1.93665e-25
2.64013e-25
-2.38719e-25
-7.92109e-25
-8.83711e-26
1.72513e-24
1.60503e-24
-2.55675e-24
-5.71624e-24
8.85014e-25
1.34255e-23
9.62321e-24
-2.12328e-23
-3.98944e-23
1.15562e-23
9.71829e-23
6.00802e-23
-1.51423e-22
-2.6233e-22
5.60696e-23
6.25244e-22
5.58353e-22
-9.92078e-22
-2.1995e-21
9.66813e-22
4.30407e-21
-4.18329e-22
