ordre_2
7.51209e-15
3.77788e-13
2.39339e-14
-2.09467e-12
-9.0414e-13
7.90443e-12
7.37306e-12
-2.21797e-11
-3.77373e-11
3.92089e-11
1.38158e-10
9.51554e-12
-3.53224e-10
-3.64192e-10
4.86275e-10
1.37903e-09
4.62557e-10
-2.47533e-09
-4.06436e-09
-1.80994e-10
7.8694e-09
1.13963e-08
1.79158e-09
-1.81054e-08
-3.13738e-08
-1.92278e-08
2.07377e-08
6.68548e-08
8.47201e-08
4.9774e-08
-3.57463e-08
-1.42915e-07
-2.31145e-07
-2.66213e-07
-2.29693e-07
-1.15695e-07
8.17923e-08
3.85142e-07
8.49444e-07
1.57977e-06
2.75347e-06
4.6533e-06
7.71778e-06
1.26161e-05
2.03562e-05
3.24372e-05
5.1058e-05
7.93992e-05
0.000121997
0.000185225
0.000277912
0.000412108
0.00060401
0.000875067
0.00125325
0.00177444
0.00248396
0.00343809
0.00470548
0.00636848
0.0085239
0.0112833
0.0147726
0.0191302
0.0245046
0.0310504
0.0389223
0.0482682
0.0592212
0.0718895
0.0863467
0.102621
0.120685
0.14045
0.161752
0.184357
0.207953
0.232158
0.256525
0.280556
0.303715
0.325451
0.345216
0.362489
0.376802
0.387755
0.395039
0.39845
0.397898
0.393409
0.385127
0.373302
0.358286
0.340492
0.320452
0.298518
0.275848
0.250742
0.231667
0.190946
0.227523
