ordre_2
1.59465e-25
-2.07731e-26
-1.41443e-24
-1.1362e-26
6.85347e-24
1.00928e-24
-2.73034e-23
-8.8837e-24
9.70922e-23
5.33819e-23
-3.15815e-22
-2.62862e-22
9.41844e-22
1.12994e-21
-2.53995e-21
-4.35968e-21
5.96034e-21
1.52789e-20
-1.09045e-20
-4.87346e-20
8.3216e-21
1.40499e-19
4.78348e-20
-3.59017e-19
-3.24683e-19
7.76326e-19
1.31138e-18
-1.2392e-18
-4.16495e-18
5.00734e-19
1.08894e-17
6.14625e-18
-2.27651e-17
-3.14548e-17
3.23263e-17
1.00305e-16
2.28712e-19
-2.3736e-16
-1.92571e-16
3.9244e-16
7.75031e-16
-2.26932e-16
-1.95211e-15
-1.24401e-15
3.19584e-15
5.71706e-15
-1.54021e-15
-1.38444e-14
-1.03181e-14
1.90684e-14
4.11069e-14
2.72807e-15
-8.2112e-14
-9.31858e-14
6.58446e-14
2.59996e-13
1.58619e-13
-3.3485e-13
-6.95276e-13
-1.57927e-13
1.15353e-12
1.67983e-12
-1.51104e-13
-3.33833e-12
-3.86234e-12
1.30463e-12
8.72136e-12
8.85836e-12
-4.13804e-12
-2.12277e-11
-2.09637e-11
8.92648e-12
4.85253e-11
5.14149e-11
-1.12413e-11
-1.02691e-10
-1.2693e-10
-1.14516e-11
1.9237e-10
2.99988e-10
1.31753e-10
-2.84604e-10
-6.3759e-10
-5.19827e-10
1.99018e-10
1.1123e-09
1.42985e-09
5.58774e-10
-1.26808e-09
-2.86522e-09
-2.74744e-09
-2.70491e-10
3.55773e-09
6.27279e-09
5.36826e-09
2.41066e-10
-7.46625e-09
-1.23029e-08
-1.19024e-08
-5.00651e-09
1.92573e-08
