ordre_2
-1.4013e-45
-2.8026e-45
-2.8026e-45
-1.4013e-45
0
1.4013e-45
1.4013e-45
0
-1.4013e-45
-2.8026e-45
-2.8026e-45
-1.4013e-45
0
1.4013e-45
1.4013e-45
2.8026e-45
1.4013e-45
0
-1.4013e-45
-2.8026e-45
-4.2039e-45
-5.60519e-45
-5.60519e-45
-4.2039e-45
-2.8026e-45
-1.4013e-45
-1.4013e-45
-0
-0
-1.4013e-45
-2.8026e-45
-4.2039e-45
-5.60519e-45
-7.00649e-45
-7.00649e-45
-5.60519e-45
-4.2039e-45
-2.8026e-45
-2.8026e-45
-7.00649e-45
-1.54143e-44
-1.54143e-44
5.60519e-45
1.26117e-44
-3.22299e-44
-5.88545e-44
6.16571e-44
1.80768e-43
-1.02295e-43
-5.42303e-43
5.1848e-44
1.48117e-42
4.61027e-43
-3.79331e-42
-2.85304e-42
8.90245e-42
1.15005e-41
-1.85084e-41
-3.88188e-41
3.09561e-41
1.16536e-40
-2.57825e-41
-3.1675e-40
-8.77241e-41
7.78284e-40
6.18254e-40
-1.69105e-39
-2.4628e-39
3.04187e-39
7.9027e-39
-3.49695e-39
-2.19515e-38
-3.24344e-39
5.35066e-38
3.83429e-38
-1.11983e-37
-1.60553e-37
1.84262e-37
5.08267e-37
-1.50156e-37
-1.34909e-36
-4.56715e-37
3.04286e-36
2.99661e-36
-5.56695e-36
-1.06809e-35
6.60354e-36
2.94348e-35
4.16612e-36
-6.594e-35
-5.90948e-35
1.14787e-34
2.41063e-34
-1.19701e-34
-7.25352e-34
-9.52435e-35
1.78167e-33
8.19876e-34
-3.43987e-33
-1.86588e-33
3.54201e-33
