ordre_2
-1.4013e-45
-2.8026e-45
-2.8026e-45
-1.4013e-45
0
1.4013e-45
1.4013e-45
0
-1.4013e-45
-2.8026e-45
-2.8026e-45
-1.4013e-45
0
1.4013e-45
1.4013e-45
2.8026e-45
1.4013e-45
0
-1.4013e-45
-2.8026e-45
-4.2039e-45
-5.60519e-45
-5.60519e-45
-4.2039e-45
-2.8026e-45
-1.4013e-45
-1.4013e-45
-0
-0
-1.4013e-45
-2.8026e-45
-4.2039e-45
-5.60519e-45
-7.00649e-45
-7.00649e-45
-5.60519e-45
-4.2039e-45
-2.8026e-45
-1.4013e-45
-1.4013e-45
-2.8026e-45
-4.2039e-45
-5.60519e-45
-7.00649e-45
-4.2039e-45
2.8026e-45
8.40779e-45
-5.60519e-45
-2.24208e-44
-4.2039e-45
3.50325e-44
-1.12104e-44
-1.26117e-43
-4.34403e-44
3.06884e-43
2.43826e-43
-7.13261e-43
-9.64093e-43
1.46015e-42
3.19496e-42
-2.41163e-42
-9.53163e-42
1.85392e-42
2.58077e-41
7.61746e-42
-6.33597e-41
-5.12203e-41
1.37892e-40
2.0224e-40
-2.49512e-40
-6.48061e-40
2.93181e-40
1.8047e-39
2.37426e-40
-4.42646e-39
-3.06686e-39
9.37659e-39
1.3057e-38
-1.58544e-38
-4.18996e-38
1.46948e-38
1.12947e-37
3.09861e-38
-2.59912e-37
-2.31328e-37
4.89957e-37
8.54146e-37
-6.21803e-37
-2.42479e-36
-2.23181e-37
5.68233e-36
4.91733e-36
-1.09334e-35
-2.09432e-35
1.60921e-35
6.35531e-35
-1.38653e-35
-1.50648e-34
-4.99455e-36
2.47004e-34
2.16424e-35
