ordre_2
-9.5267e-25
-5.12719e-24
8.04477e-24
3.08123e-23
-3.5055e-23
-1.3824e-22
1.16062e-22
5.4459e-22
-2.98255e-22
-1.96784e-21
4.78001e-22
6.60351e-21
5.44763e-22
-2.05563e-20
-9.0845e-21
5.87202e-20
5.08229e-20
-1.50279e-19
-2.14187e-19
3.26614e-19
7.62059e-19
-5.12659e-19
-2.35863e-18
7.12962e-20
6.33602e-18
3.60575e-18
-1.42879e-17
-1.84418e-17
2.42538e-17
6.30261e-17
-1.63523e-17
-1.67404e-16
-8.40282e-17
3.40929e-16
4.66997e-16
-4.34528e-16
-1.45105e-15
-2.06392e-16
3.15959e-15
3.23617e-15
-4.22934e-15
-1.10859e-14
-9.73557e-16
2.3351e-14
2.47135e-14
-2.57913e-14
-7.84767e-14
-2.58405e-14
1.36958e-13
1.98236e-13
-6.74756e-14
-4.75942e-13
-3.92423e-13
5.05594e-13
1.35239e-12
5.81696e-13
-1.93323e-12
-3.42458e-12
-4.73821e-13
5.86482e-12
8.17938e-12
-5.26769e-13
-1.56438e-11
-1.92682e-11
2.88555e-12
3.81163e-11
4.6013e-11
-4.1692e-12
-8.53507e-11
-1.11298e-10
-1.12136e-11
1.71372e-10
2.64457e-10
1.00287e-10
-2.85784e-10
-5.8542e-10
-4.16218e-10
3.02764e-10
1.11745e-09
1.24776e-09
2.11518e-10
-1.57941e-09
-2.82227e-09
-2.1368e-09
7.55992e-10
4.38202e-09
6.08986e-09
3.74397e-09
-2.47662e-09
-9.48938e-09
-1.2643e-08
-8.43333e-09
2.86623e-09
1.65621e-08
2.51496e-08
2.23081e-08
6.75056e-09
-1.91311e-08
-3.71708e-08
-5.91572e-08
-3.31636e-08
