ordre_1
4.47435e-42
5.35262e-40
3.17615e-38
1.24625e-36
3.63758e-35
8.42414e-34
1.61232e-32
2.62302e-31
3.70262e-30
4.6067e-29
5.11469e-28
5.11845e-27
4.65513e-26
3.87441e-25
2.96836e-24
2.10411e-23
1.38604e-22
8.51777e-22
4.90009e-21
2.64692e-20
1.34626e-19
6.46311e-19
2.93536e-18
1.2638e-17
5.16791e-17
2.01059e-16
7.45428e-16
2.63763e-15
8.91992e-15
2.88682e-14
8.95234e-14
2.66335e-13
7.61016e-13
2.09079e-12
5.52897e-12
1.4088e-11
3.46242e-11
8.21632e-11
1.88448e-10
4.18192e-10
8.98857e-10
1.8733e-09
3.78977e-09
7.45095e-09
1.42537e-08
2.65648e-08
4.82962e-08
8.57694e-08
1.48994e-07
2.53534e-07
4.23209e-07
6.93971e-07
1.11943e-06
1.7787e-06
2.78737e-06
4.31292e-06
6.59589e-06
9.97891e-06
1.49459e-05
2.21743e-05
3.26044e-05
4.75292e-05
6.87099e-05
9.85231e-05
0.000140144
0.000197776
0.000276921
0.000384719
0.000530329
0.000725384
0.0009845
0.00132584
0.00177174
0.0023493
0.00309108
0.00403566
0.00522823
0.00672094
0.00857318
0.0108515
0.0136294
0.0169864
0.021007
0.025779
0.0313913
0.0379309
0.0454797
0.0541109
0.0638842
0.074842
0.0870043
0.100364
0.114885
0.130494
0.147083
0.164505
0.182576
0.201073
0.21974
0.238293
0.256424
