ordre_1
1.4013e-45
2.8026e-45
4.2039e-45
5.60519e-45
7.00649e-45
8.40779e-45
9.80909e-45
1.12104e-44
1.26117e-44
1.4013e-44
6.5861e-44
8.54792e-43
1.18592e-41
1.52237e-40
1.80518e-39
1.98631e-38
2.03706e-37
1.9547e-36
1.76104e-35
1.49417e-34
1.19721e-33
9.0814e-33
6.53617e-32
4.47269e-31
2.91542e-30
1.81327e-29
1.07781e-28
6.13155e-28
3.34298e-27
1.74895e-26
8.7904e-26
4.24916e-25
1.97745e-24
8.86809e-24
3.83594e-23
1.60176e-22
6.46189e-22
2.5205e-21
9.51246e-21
3.47597e-20
1.23061e-19
4.22376e-19
1.40627e-18
4.54446e-18
1.42618e-17
4.34891e-17
1.2892e-16
3.71717e-16
1.04296e-15
2.84896e-15
7.58009e-15
1.96529e-14
4.96751e-14
1.22462e-13
2.94584e-13
6.91749e-13
1.58641e-12
3.55466e-12
7.78563e-12
1.66763e-11
3.49479e-11
7.16903e-11
1.44023e-10
2.835e-10
5.47081e-10
1.03552e-09
1.92362e-09
3.50898e-09
6.2893e-09
1.10829e-08
1.92134e-08
3.27898e-08
5.51242e-08
9.13491e-08
1.49319e-07
2.40915e-07
3.83912e-07
6.04639e-07
9.41718e-07
1.45129e-06
2.21427e-06
3.34626e-06
5.01114e-06
7.43925e-06
1.09518e-05
1.59931e-05
2.31725e-05
3.33194e-05
4.75524e-05
6.73684e-05
9.47526e-05
0.000132315
0.000183459
0.000252577
0.000345295
0.000468747
0.000631895
0.00084589
0.00112448
0.00148442
0.00194596
