ordre_2
5.8967e-14
2.74141e-12
2.57888e-13
-1.49579e-11
-7.84898e-12
5.38874e-11
6.05087e-11
-1.33506e-10
-2.86265e-10
1.43117e-10
9.10728e-10
5.23452e-10
-1.7102e-09
-3.16107e-09
1.52964e-10
7.13019e-09
9.06485e-09
-2.00652e-09
-2.06948e-08
-2.73305e-08
-4.88513e-09
4.04872e-08
7.67616e-08
6.69905e-08
-2.70459e-09
-1.10801e-07
-2.11781e-07
-2.59889e-07
-2.26761e-07
-1.02282e-07
1.19402e-07
4.60162e-07
9.77745e-07
1.78466e-06
3.07082e-06
5.13682e-06
8.44522e-06
1.3697e-05
2.19415e-05
3.47304e-05
5.43286e-05
8.39976e-05
0.000128369
0.000193928
0.000289624
0.000427633
0.000624278
0.000901117
0.00128619
0.00181542
0.00253408
0.00349829
0.00477647
0.00645053
0.0086167
0.0113858
0.0148829
0.0192455
0.0246209
0.0311625
0.039024
0.0483526
0.0592807
0.0719162
0.0863331
0.10256
0.120573
0.140281
0.161527
0.184077
0.207624
0.231788
0.256126
0.280142
0.303302
0.325056
0.344856
0.362181
0.376559
0.387589
0.394958
0.398458
0.397993
0.393587
0.385379
0.373616
0.358645
0.340889
0.320834
0.299003
0.275935
0.252163
0.228198
0.204502
0.181499
0.159491
0.138924
0.119363
0.103371
0.0819335
0.0887707
