ordre_2
-1.4013e-45
-2.8026e-45
-2.8026e-45
-1.4013e-45
0
1.4013e-45
1.4013e-45
0
1.4013e-45
8.40779e-45
1.4013e-45
-2.52234e-44
-1.26117e-44
7.14662e-44
3.78351e-44
-2.38221e-43
-1.62551e-43
7.32879e-43
6.48801e-43
-2.17061e-42
-2.45788e-42
6.15731e-42
8.86882e-42
-1.66362e-41
-3.06996e-41
4.21609e-41
1.0215e-40
-9.73846e-41
-3.27017e-40
1.91301e-40
1.00619e-39
-2.4789e-40
-2.96891e-39
-2.43906e-40
8.36436e-39
3.5232e-39
-2.23333e-38
-1.78347e-38
5.57902e-38
7.03874e-38
-1.27266e-37
-2.43496e-37
2.51173e-37
7.66758e-37
-3.61884e-37
-2.22722e-36
5.96135e-39
5.97312e-36
2.68307e-36
-1.46434e-35
-1.3969e-35
3.19403e-35
5.21965e-35
-5.77365e-35
-1.64978e-34
6.5494e-35
4.60331e-34
7.4302e-35
-1.14039e-33
-8.1033e-34
2.45341e-33
3.42894e-33
-4.24274e-33
-1.10708e-32
4.15036e-33
3.009e-32
7.77629e-33
-6.9784e-32
-6.2275e-32
1.32576e-31
2.36492e-31
-1.71714e-31
-6.86395e-31
-3.54707e-32
1.63276e-30
1.18426e-30
-3.10492e-30
-4.96216e-30
3.92551e-30
1.45058e-29
1.0829e-30
-3.32923e-29
-2.68856e-29
5.79609e-29
1.06098e-28
-5.54823e-29
-2.88014e-28
-8.80007e-29
5.89179e-28
6.43804e-28
-7.95989e-28
-2.06972e-27
-5.62446e-29
4.76935e-27
4.63483e-27
-8.28599e-27
-1.78758e-26
1.03045e-26
4.21029e-26
-7.90486e-27
-4.71317e-26
