ordre_2
-1.4013e-45
1.4013e-45
7.00649e-45
-8.40779e-45
-2.94273e-44
3.36312e-44
1.20512e-43
-1.1911e-43
-4.56823e-43
3.83956e-43
1.65633e-42
-1.13085e-42
-5.78736e-42
2.95534e-42
1.95355e-41
-6.40113e-42
-6.3923e-41
8.58155e-42
2.02951e-40
1.46716e-41
-6.2442e-40
-1.84715e-40
1.85687e-39
1.00967e-39
-5.31291e-39
-4.40285e-39
1.4521e-38
1.70393e-38
-3.74641e-38
-6.07752e-38
8.93155e-38
2.03117e-37
-1.88131e-37
-6.40729e-37
3.08338e-37
1.91135e-36
-1.60655e-37
-5.37913e-36
-1.62976e-36
1.41791e-35
1.01998e-35
-3.44859e-35
-4.22802e-35
7.50113e-35
1.46874e-34
-1.34958e-34
-4.53755e-34
1.46183e-34
1.2696e-33
2.31813e-34
-3.21356e-33
-2.22329e-33
7.21316e-33
9.514e-33
-1.35468e-32
-3.17167e-32
1.72543e-32
9.03233e-32
7.30021e-33
-2.23814e-31
-1.48687e-31
4.72511e-31
6.5406e-31
-7.75776e-31
-2.09626e-30
6.00787e-31
5.52462e-30
2.07888e-30
-1.20969e-29
-1.30112e-29
2.05336e-29
4.5173e-29
-1.83023e-29
-1.20492e-28
-4.09163e-29
2.56385e-28
2.80396e-28
-3.9933e-28
-9.49031e-28
2.27998e-28
2.37334e-27
1.2712e-27
-4.48834e-27
-6.40669e-27
5.24169e-27
1.88249e-26
3.05085e-27
-4.03803e-26
-3.89849e-26
5.86565e-26
1.32365e-25
-1.50568e-26
-2.9819e-25
-2.53417e-25
4.49164e-25
1.07019e-24
-2.64549e-25
-2.79024e-24
-6.57124e-25
4.7013e-24
1.32011e-24
