ordre_1
1.4013e-45
2.8026e-45
7.00649e-45
2.55036e-43
8.82958e-42
2.45037e-40
5.62771e-39
1.10012e-37
1.86849e-36
2.80096e-35
3.75202e-34
4.53643e-33
4.99163e-32
5.03336e-31
4.67868e-30
4.02944e-29
3.22952e-28
2.41819e-27
1.69743e-26
1.12039e-25
6.97289e-25
4.10202e-24
2.28611e-23
1.20947e-22
6.08563e-22
2.91724e-21
1.33438e-20
5.83267e-20
2.43962e-19
9.77679e-19
3.7584e-18
1.38748e-17
4.92402e-17
1.68156e-16
5.53115e-16
1.75393e-15
5.36634e-15
1.5855e-14
4.52709e-14
1.25018e-13
3.34155e-13
8.65093e-13
2.17085e-12
5.28396e-12
1.24841e-11
2.86508e-11
6.39154e-11
1.38702e-10
2.93014e-10
6.03057e-10
1.21013e-09
2.36953e-09
4.53125e-09
8.46988e-09
1.54894e-08
2.77398e-08
4.86969e-08
8.38811e-08
1.41917e-07
2.36077e-07
3.86522e-07
6.23493e-07
9.91865e-07
1.55756e-06
2.4165e-06
3.70708e-06
5.62719e-06
8.45752e-06
1.25928e-05
1.85835e-05
2.71905e-05
3.9457e-05
5.67996e-05
8.11255e-05
0.000114978
0.000161719
0.000225746
0.000312762
0.000430086
0.000587023
0.000795275
0.00106942
0.00142741
0.00189112
0.00248694
0.00324628
0.00420612
0.00540948
0.00690567
0.00875055
0.0110064
0.0137414
0.0170294
0.0209484
0.0255789
0.0310025
0.0372987
0.0445425
0.0528007
0.0621283
0.0725645
