ordre_1
1.4013e-45
2.8026e-45
4.2039e-45
5.60519e-45
7.00649e-45
8.40779e-45
9.80909e-45
1.12104e-44
1.26117e-44
1.4013e-44
1.54143e-44
1.68156e-44
1.82169e-44
1.96182e-44
2.10195e-44
2.24208e-44
2.38221e-44
2.52234e-44
2.66247e-44
2.8026e-44
2.94273e-44
3.08286e-44
3.22299e-44
3.36312e-44
3.50325e-44
3.64338e-44
3.78351e-44
3.92364e-44
4.06377e-44
4.2039e-44
4.34403e-44
4.48416e-44
4.62428e-44
4.76441e-44
4.90454e-44
5.04467e-44
5.1848e-44
5.32493e-44
5.46506e-44
5.60519e-44
5.74532e-44
5.88545e-44
8.54792e-44
2.49431e-43
1.20091e-42
6.56929e-42
3.60092e-41
1.9341e-40
1.0142e-39
5.19063e-39
2.59353e-38
1.2656e-37
6.03385e-37
2.81152e-36
1.28082e-35
5.70665e-35
2.48747e-34
1.06109e-33
4.43094e-33
1.81181e-32
7.25644e-32
2.84739e-31
1.09495e-30
4.12741e-30
1.52546e-29
5.52928e-29
1.96598e-28
6.85854e-28
2.34811e-27
7.891e-27
2.60352e-26
8.43515e-26
2.68418e-25
8.39075e-25
2.57715e-24
7.77873e-24
2.30772e-23
6.73036e-23
1.92996e-22
5.44237e-22
1.50947e-21
4.11842e-21
1.10554e-20
2.92026e-20
7.59173e-20
1.94267e-19
4.89394e-19
1.21391e-18
2.96517e-18
7.13357e-18
1.69054e-17
3.94699e-17
9.08018e-17
2.05861e-16
4.60009e-16
1.0133e-15
2.20066e-15
4.71277e-15
9.95346e-15
2.07354e-14
4.26147e-14
