ordre_1
1.4013e-45
2.8026e-45
4.2039e-45
5.60519e-45
7.00649e-45
8.40779e-45
9.80909e-45
1.12104e-44
1.26117e-44
1.4013e-44
2.10195e-44
1.37327e-43
1.82869e-42
2.38053e-41
2.8729e-40
3.2184e-39
3.36079e-38
3.28402e-37
3.01318e-36
2.60395e-35
2.12531e-34
1.64236e-33
1.20434e-32
8.39744e-32
5.57799e-31
3.53577e-30
2.14216e-29
1.24226e-28
6.90489e-28
3.68321e-27
1.88768e-26
9.3055e-26
4.41675e-25
2.02039e-24
8.91511e-24
3.79795e-23
1.56333e-22
6.22244e-22
2.39659e-21
8.9381e-21
3.22998e-20
1.13169e-19
3.84668e-19
1.26918e-18
4.06705e-18
1.26643e-17
3.83397e-17
1.12901e-16
3.23545e-16
9.02738e-16
2.45344e-15
6.49788e-15
1.67779e-14
4.22533e-14
1.03831e-13
2.4907e-13
5.83483e-13
1.33546e-12
2.98757e-12
6.53545e-12
1.39861e-11
2.92936e-11
6.00767e-11
1.20698e-10
2.37667e-10
4.58911e-10
8.69366e-10
1.61668e-09
2.95283e-09
5.30017e-09
9.35486e-09
1.6246e-08
2.77771e-08
4.6788e-08
7.76911e-08
1.27255e-07
2.05745e-07
3.28555e-07
5.18536e-07
8.09284e-07
1.24974e-06
1.91058e-06
2.893e-06
4.34072e-06
6.45616e-06
9.52217e-06
1.39308e-05
2.0221e-05
2.91276e-05
4.16445e-05
5.91043e-05
8.32788e-05
0.000116504
0.000161831
0.000223215
0.000305728
0.000415825
0.000561639
0.000753322
0.00100343
0.00132732
