ordre_2
2.5889e-26
-5.64511e-26
-2.33374e-25
3.10132e-25
1.16731e-24
-1.18753e-24
-4.87286e-24
3.6412e-24
1.84287e-23
-8.69842e-24
-6.48021e-23
1.18027e-23
2.13361e-22
2.74966e-23
-6.56105e-22
-3.10989e-22
1.86501e-21
1.64406e-21
-4.7967e-21
-6.79607e-21
1.06617e-20
2.41213e-20
-1.80104e-20
-7.55154e-20
9.53299e-21
2.08623e-19
9.17061e-20
-4.97162e-19
-5.37233e-19
9.53567e-19
1.98167e-18
-1.12085e-18
-5.72956e-18
-1.16891e-18
1.32895e-17
1.25072e-17
-2.2839e-17
-4.73775e-17
1.7331e-17
1.25342e-16
6.15881e-17
-2.38688e-16
-3.43649e-16
2.45071e-16
9.90295e-16
3.42805e-16
-1.87865e-15
-2.50338e-15
1.71393e-15
7.05505e-15
3.25481e-15
-1.17193e-14
-1.87204e-14
5.17295e-15
4.41186e-14
3.61961e-14
-5.07414e-14
-1.28397e-13
-4.07609e-14
2.08797e-13
3.1782e-13
-4.04712e-14
-6.61788e-13
-7.05796e-13
4.12245e-13
1.8311e-12
1.47852e-12
-1.55731e-12
-4.67749e-12
-3.11161e-12
4.45433e-12
1.13761e-11
7.04475e-12
-1.06935e-11
-2.66921e-11
-1.7706e-11
2.16083e-11
6.01472e-11
4.76644e-11
-3.34764e-11
-1.27055e-10
-1.27921e-10
2.16458e-11
2.3921e-10
3.19709e-10
9.67155e-11
-3.59509e-10
-6.98867e-10
-5.14222e-10
2.80912e-10
1.2242e-09
1.50368e-09
5.45529e-10
-1.36402e-09
-2.99956e-09
-2.93453e-09
-2.93174e-10
3.43623e-09
6.26347e-09
7.20599e-09
-3.45982e-09
