ordre_2
1.4013e-45
-7.00649e-45
-9.80909e-45
3.92364e-44
4.62428e-44
-1.63952e-43
-1.98984e-43
6.13769e-43
8.01543e-43
-2.14539e-42
-3.07165e-42
7.04853e-42
1.13996e-41
-2.18925e-41
-4.0974e-41
6.43672e-41
1.43018e-40
-1.77882e-40
-4.84943e-40
4.54266e-40
1.59662e-39
-1.03028e-39
-5.09715e-39
1.85359e-39
1.57441e-38
-1.32944e-39
-4.68984e-38
-9.47679e-39
1.34081e-37
6.83436e-38
-3.65234e-37
-3.14295e-37
9.36808e-37
1.2128e-36
-2.21558e-36
-4.20586e-36
4.62446e-36
1.34459e-35
-7.53772e-36
-4.00003e-35
4.28205e-36
1.10777e-34
3.57317e-35
-2.83414e-34
-2.22349e-34
6.56857e-34
8.9685e-34
-1.3167e-33
-3.00167e-33
1.98456e-33
8.84469e-33
-6.63982e-34
-2.32806e-32
-1.0559e-32
5.41976e-32
5.657e-32
-1.06849e-31
-2.0374e-31
1.53727e-31
6.02165e-31
-3.08419e-32
-1.52211e-30
-8.46122e-31
3.24957e-30
4.1134e-30
-5.38296e-30
-1.35136e-29
4.34436e-30
3.56576e-29
1.32536e-29
-7.69135e-29
-8.43247e-29
1.25399e-28
2.88402e-28
-9.28618e-29
-7.47402e-28
-3.23515e-28
1.51366e-27
1.87638e-27
-2.11166e-27
-5.93859e-27
3.16414e-28
1.38659e-26
1.01649e-26
-2.35498e-26
-4.20817e-26
1.95758e-26
1.11216e-25
4.55999e-26
-2.09833e-25
-2.70052e-25
2.21821e-25
7.75696e-25
2.61477e-25
-1.54507e-24
-2.17494e-24
2.09899e-24
6.72176e-24
-1.51378e-24
-1.22202e-23
1.09419e-25
