ordre_1
1.4013e-45
2.8026e-45
4.2039e-45
5.60519e-45
7.00649e-45
8.40779e-45
9.80909e-45
1.12104e-44
1.26117e-44
1.4013e-44
1.54143e-44
1.68156e-44
1.82169e-44
1.96182e-44
2.10195e-44
3.36312e-44
2.00386e-43
2.00666e-42
2.04968e-41
1.98511e-40
1.81787e-39
1.57719e-38
1.29928e-37
1.01838e-36
7.60873e-36
5.42824e-35
3.7037e-34
2.42034e-33
1.51694e-32
9.12971e-32
5.28264e-31
2.94188e-30
1.57842e-29
8.16697e-29
4.07878e-28
1.96788e-27
9.17943e-27
4.14294e-26
1.81046e-25
7.66565e-25
3.14682e-24
1.25321e-23
4.84458e-23
1.81892e-22
6.63633e-22
2.35407e-21
8.12274e-21
2.7276e-20
8.91768e-20
2.83991e-19
8.81298e-19
2.66615e-18
7.86612e-18
2.26423e-17
6.361e-17
1.74476e-16
4.67422e-16
1.22348e-15
3.13005e-15
7.82928e-15
1.91539e-14
4.58462e-14
1.07401e-13
2.46333e-13
5.53337e-13
1.21776e-12
2.62658e-12
5.55432e-12
1.15196e-11
2.3441e-11
4.68174e-11
9.18127e-11
1.76863e-10
3.34805e-10
6.23093e-10
1.14055e-09
2.05434e-09
3.6428e-09
6.36228e-09
1.09502e-08
1.85817e-08
3.11049e-08
5.13901e-08
8.38427e-08
1.3515e-07
2.15354e-07
3.39392e-07
5.29262e-07
8.17083e-07
1.24933e-06
1.89273e-06
2.84222e-06
4.23193e-06
6.24973e-06
9.15681e-06
1.33134e-05
1.92122e-05
2.75224e-05
3.91448e-05
5.52826e-05
7.75295e-05
