ordre_2
3.10725e-37
5.63422e-37
-2.74775e-36
-3.48571e-36
1.32504e-35
1.64201e-35
-5.25738e-35
-6.93462e-35
1.87006e-34
2.74947e-34
-6.14057e-34
-1.04082e-33
1.87833e-33
3.78636e-33
-5.33596e-33
-1.32644e-32
1.38473e-32
4.47409e-32
-3.14448e-32
-1.45067e-31
5.47791e-32
4.50779e-31
-2.59681e-32
-1.33604e-30
-3.62862e-31
3.74882e-30
2.3675e-30
-9.83775e-30
-1.04257e-29
2.36236e-29
3.86373e-29
-4.95889e-29
-1.27692e-28
7.99441e-29
3.83645e-28
-3.91047e-29
-1.05014e-27
-4.05321e-28
2.5882e-27
2.3875e-27
-5.55187e-27
-9.1856e-27
9.41298e-27
2.89257e-26
-7.76029e-27
-7.82787e-26
-2.64451e-26
1.81604e-25
1.77473e-25
-3.42573e-25
-6.57723e-25
4.21103e-25
1.89119e-24
2.34035e-25
-4.4348e-24
-3.62284e-24
8.12108e-24
1.44363e-23
-8.89042e-24
-4.06664e-23
-9.31115e-24
8.81852e-23
8.91281e-23
-1.3522e-22
-3.11722e-22
6.18248e-23
7.6108e-22
4.81734e-22
-1.31995e-21
-2.18856e-21
1.09372e-21
5.80639e-21
2.6251e-21
-1.04749e-20
-1.50646e-20
9.27921e-21
4.11036e-20
1.77734e-20
-7.17081e-20
-1.05318e-19
5.23771e-20
2.72933e-19
1.5436e-19
-4.20395e-19
-7.36908e-19
1.36031e-19
1.65416e-18
1.40666e-18
-1.92412e-18
-4.87912e-18
-1.19719e-18
8.63734e-18
1.13083e-17
-4.88815e-18
-2.65763e-17
-2.2432e-17
2.78411e-17
8.83578e-17
1.64437e-17
-1.62721e-16
-6.03961e-17
