ordre_1
1.4013e-45
2.8026e-45
4.2039e-45
5.60519e-45
7.00649e-45
8.40779e-45
9.80909e-45
1.12104e-44
1.26117e-44
1.4013e-44
1.54143e-44
1.68156e-44
1.82169e-44
1.96182e-44
2.10195e-44
2.24208e-44
2.38221e-44
2.52234e-44
2.66247e-44
2.8026e-44
2.94273e-44
3.08286e-44
3.22299e-44
3.36312e-44
3.50325e-44
3.64338e-44
3.78351e-44
3.92364e-44
4.06377e-44
4.2039e-44
4.34403e-44
4.48416e-44
4.62428e-44
4.76441e-44
4.90454e-44
5.04467e-44
6.30584e-44
1.56945e-43
7.58102e-43
4.48135e-42
2.67466e-41
1.5611e-40
8.86799e-40
4.90133e-39
2.63676e-38
1.38136e-37
7.05064e-37
3.50782e-36
1.70186e-35
8.05514e-35
3.72101e-34
1.67824e-33
7.39299e-33
3.18208e-32
1.33868e-31
5.50637e-31
2.21521e-30
8.71884e-30
3.35837e-29
1.26634e-28
4.67564e-28
1.69092e-27
5.99114e-27
2.08022e-26
7.07995e-26
2.36252e-25
7.73118e-25
2.48165e-24
7.81546e-24
2.41536e-23
7.32674e-23
2.18189e-22
6.38019e-22
1.83231e-21
5.16904e-21
1.43268e-20
3.9021e-20
1.04456e-19
2.74875e-19
7.11177e-19
1.80941e-18
4.52783e-18
1.11458e-17
2.69941e-17
6.43344e-17
1.50905e-16
3.48438e-16
7.92103e-16
1.77315e-15
3.90922e-15
8.4897e-15
1.81646e-14
3.82972e-14
7.95783e-14
1.62999e-13
3.29172e-13
6.55519e-13
1.28753e-12
2.49476e-12
4.76959e-12
8.99928e-12
