ordre_1
1.4013e-45
2.8026e-45
4.2039e-45
5.60519e-45
7.00649e-45
8.40779e-45
9.80909e-45
2.8026e-44
4.02173e-43
7.0149e-42
1.10707e-40
1.57942e-39
2.05289e-38
2.44783e-37
2.69346e-36
2.74891e-35
2.61369e-34
2.32421e-33
1.93963e-32
1.52376e-31
1.12994e-30
7.92898e-30
5.27682e-29
3.33739e-28
2.00971e-27
1.15423e-26
6.33249e-26
3.32359e-25
1.67101e-24
8.05815e-24
3.73151e-23
1.66112e-22
7.11592e-22
2.93625e-21
1.1681e-20
4.48399e-20
1.66226e-19
5.9555e-19
2.06366e-18
6.92093e-18
2.24794e-17
7.07584e-17
2.15978e-16
6.39647e-16
1.83915e-15
5.13671e-15
1.39437e-14
3.68067e-14
9.45282e-14
2.36322e-13
5.75409e-13
1.36522e-12
3.15792e-12
7.12522e-12
1.56898e-11
3.37357e-11
7.08673e-11
1.45522e-10
2.92267e-10
5.74458e-10
1.10566e-09
2.0852e-09
3.8558e-09
6.99543e-09
1.24609e-08
2.18087e-08
3.75297e-08
6.35495e-08
1.05967e-07
1.74134e-07
2.82215e-07
4.51426e-07
7.1321e-07
1.11372e-06
1.72007e-06
2.62902e-06
3.97885e-06
5.96562e-06
8.86491e-06
1.3061e-05
1.90854e-05
2.76669e-05
3.97965e-05
5.68103e-05
8.04941e-05
0.000113214
0.000158075
0.00021912
0.000301558
0.000412043
0.000558992
0.00075295
0.001007
0.0013372
0.00176308
0.0023081
0.0030002
0.00387218
0.0049622
0.00631402
0.00797723
