ordre_2
-3.91867e-25
5.09717e-26
3.47459e-24
3.62994e-26
-1.6822e-23
-2.56991e-24
6.69163e-23
2.24189e-23
-2.3735e-22
-1.34104e-22
7.6883e-22
6.57637e-22
-2.27752e-21
-2.81362e-21
6.0739e-21
1.07919e-20
-1.39647e-20
-3.75306e-20
2.43175e-20
1.18477e-19
-1.25124e-20
-3.36653e-19
-1.39121e-19
8.41792e-19
8.42676e-19
-1.75321e-18
-3.26258e-18
2.55022e-18
1.00207e-17
7.63649e-20
-2.52078e-17
-1.77007e-17
4.96251e-17
7.96529e-17
-6.02671e-17
-2.37415e-16
-4.42945e-17
5.22509e-16
5.34895e-16
-7.53724e-16
-1.87269e-15
5.69886e-17
4.2515e-15
3.76998e-15
-5.83821e-15
-1.37807e-14
-7.38448e-16
2.87856e-14
3.04643e-14
-2.94306e-14
-9.40355e-14
-3.84255e-14
1.5126e-13
2.42573e-13
-3.59537e-14
-5.23493e-13
-5.24748e-13
4.1843e-13
1.50717e-12
9.8435e-13
-1.68648e-12
-3.91284e-12
-1.67502e-12
5.16014e-12
9.60875e-12
2.91444e-12
-1.35624e-11
-2.30078e-11
-6.49672e-12
3.17009e-11
5.43518e-11
1.99023e-11
-6.53405e-11
-1.25378e-10
-6.79396e-11
1.11441e-10
2.73321e-10
2.1718e-10
-1.22401e-10
-5.3119e-10
-6.04436e-10
-8.02834e-11
8.21677e-10
1.39579e-09
9.18202e-10
-6.76572e-10
-2.45963e-09
-2.93329e-09
-1.10345e-09
2.50317e-09
5.72194e-09
5.88487e-09
1.68271e-09
-5.51243e-09
-1.16622e-08
-1.24593e-08
-5.3574e-09
8.11112e-09
1.87023e-08
3.12714e-08
1.10733e-08
