ordre_2
-2.82143e-12
-5.00552e-12
2.2169e-11
3.63305e-11
-7.84401e-11
-1.85445e-10
1.41148e-10
6.96436e-10
1.85439e-10
-1.75492e-09
-2.28894e-09
1.83367e-09
7.59207e-09
5.41001e-09
-9.2104e-09
-2.41595e-08
-1.73888e-08
1.92296e-08
6.31457e-08
7.27241e-08
2.00451e-08
-8.40112e-08
-1.93342e-07
-2.52992e-07
-2.24847e-07
-9.40686e-08
1.45031e-07
5.12939e-07
1.06833e-06
1.92852e-06
3.29207e-06
5.47189e-06
8.94678e-06
1.44389e-05
2.3025e-05
3.62918e-05
5.6548e-05
8.71083e-05
0.000132668
0.000199783
0.000297484
0.00043803
0.000637825
0.000918498
0.00130814
0.00184269
0.00256739
0.00353827
0.00482357
0.00650493
0.00867821
0.0114538
0.014956
0.0193218
0.0246979
0.0312368
0.0390915
0.0484087
0.0593204
0.0719343
0.0863246
0.102521
0.120498
0.14017
0.161378
0.183892
0.207406
0.231543
0.255861
0.279866
0.303026
0.324792
0.344615
0.361974
0.376396
0.387477
0.394902
0.398461
0.398055
0.393704
0.385546
0.373825
0.358885
0.34115
0.321104
0.299272
0.276192
0.252401
0.228408
0.204682
0.181637
0.159621
0.138913
0.119721
0.102186
0.0863671
0.0723366
0.0598313
0.0496807
0.0382636
0.0390164
