ordre_2
3.44008e-16
-2.31936e-15
-3.37231e-15
1.24378e-14
1.90762e-14
-4.4932e-14
-8.87335e-14
1.20564e-13
3.53266e-13
-1.99279e-13
-1.19407e-12
-1.49626e-13
3.30532e-12
2.75637e-12
-6.79385e-12
-1.26117e-11
6.65998e-12
3.7116e-11
1.82662e-11
-6.98292e-11
-1.12427e-10
3.91893e-11
2.89745e-10
2.42402e-10
-3.26275e-10
-8.91252e-10
-4.50716e-10
1.17775e-09
2.41881e-09
1.05103e-09
-3.00705e-09
-6.18565e-09
-3.70826e-09
5.18407e-09
1.42371e-08
1.36571e-08
-1.37433e-09
-2.40838e-08
-3.80465e-08
-2.78083e-08
9.00797e-09
5.71097e-08
9.0235e-08
8.5027e-08
3.34408e-08
-5.32841e-08
-1.50213e-07
-2.29475e-07
-2.69864e-07
-2.60846e-07
-1.99988e-07
-8.55696e-08
9.32273e-08
3.67217e-07
7.99847e-07
1.50411e-06
2.66767e-06
4.59134e-06
7.74718e-06
1.28642e-05
2.10522e-05
3.39748e-05
5.40886e-05
8.49646e-05
0.000131714
0.000201541
0.000304445
0.000454083
0.000668814
0.000972915
0.00139797
0.00198442
0.00278309
0.00385686
0.00528197
0.00714921
0.00956452
0.0126489
0.0165372
0.0213763
0.0273212
0.0345301
0.0431579
0.053348
0.0652233
0.0788759
0.0943565
0.111664
0.130736
0.15144
0.173575
0.196847
0.220936
0.245306
0.269835
0.292854
0.317403
0.331785
0.369713
0.326468
0.515677
