ordre_2
-1.4013e-45
-2.8026e-45
-2.8026e-45
-1.4013e-45
0
1.4013e-45
1.4013e-45
0
-1.4013e-45
-2.8026e-45
-2.8026e-45
-1.4013e-45
0
1.4013e-45
1.4013e-45
2.8026e-45
1.4013e-45
0
-1.4013e-45
-2.8026e-45
-4.2039e-45
-5.60519e-45
-5.60519e-45
-4.2039e-45
-2.8026e-45
-1.4013e-45
-1.4013e-45
-0
-0
-1.4013e-45
-2.8026e-45
-4.2039e-45
-4.2039e-45
2.8026e-45
9.80909e-45
1.4013e-45
-2.66247e-44
-1.26117e-44
5.60519e-44
3.36312e-44
-1.63952e-43
-1.66755e-43
3.86758e-43
5.92749e-43
-8.60397e-43
-1.95061e-42
1.62691e-42
5.97514e-42
-2.07813e-42
-1.70678e-41
-1.34244e-42
4.54918e-41
2.28706e-41
-1.12014e-40
-1.10176e-40
2.48802e-40
4.04764e-40
-4.70742e-40
-1.28563e-39
6.23892e-40
3.6617e-39
1.67793e-40
-9.42343e-39
-5.18536e-39
2.1649e-38
2.45558e-38
-4.25439e-38
-8.5377e-38
6.21496e-38
2.50598e-37
-1.82478e-38
-6.41822e-37
-3.18695e-37
1.42342e-36
1.62298e-36
-2.58195e-36
-5.56005e-36
3.01283e-36
1.55353e-35
2.24654e-36
-3.66892e-35
-2.8778e-35
7.13221e-35
1.15777e-34
-9.87943e-35
-3.41688e-34
1.49123e-35
8.12433e-34
5.13891e-34
-1.5138e-33
-2.33554e-33
1.75355e-33
7.23922e-33
1.25534e-33
-1.82988e-32
-1.45981e-32
3.91426e-32
4.84884e-32
-6.79555e-32
-9.16163e-32
6.58878e-32
