ordre_2
2.201e-23
-1.46674e-22
-2.06715e-22
8.33325e-22
1.11107e-21
-3.39938e-21
-5.06597e-21
1.1652e-20
2.09943e-20
-3.45836e-20
-8.04325e-20
8.68008e-20
2.85439e-19
-1.63937e-19
-9.33768e-19
9.79228e-20
2.7848e-18
1.02097e-18
-7.41277e-18
-6.68205e-18
1.68509e-17
2.76639e-17
-2.9027e-17
-9.09566e-17
1.8466e-17
2.4697e-16
1.1999e-16
-5.3851e-16
-6.86968e-16
8.15009e-16
2.29409e-15
-1.56833e-16
-5.58114e-15
-4.25548e-15
9.36094e-15
1.79338e-14
-5.30832e-15
-4.51868e-14
-3.03074e-14
7.06232e-14
1.34701e-13
-1.85155e-14
-3.05979e-13
-2.76696e-13
3.47887e-13
9.44208e-13
3.18081e-13
-1.55749e-12
-2.3941e-12
3.3986e-13
5.09102e-12
5.37029e-12
-3.31863e-12
-1.42614e-11
-1.14327e-11
1.21781e-11
3.6603e-11
2.51299e-11
-3.3128e-11
-8.89207e-11
-6.11348e-11
7.22571e-11
2.05695e-10
1.63743e-10
-1.17268e-10
-4.42973e-10
-4.47118e-10
7.31473e-11
8.36441e-10
1.13647e-09
3.89173e-10
-1.19725e-09
-2.46258e-09
-2.00414e-09
5.97741e-10
3.98981e-09
5.54409e-09
3.12054e-09
-3.00034e-09
-9.52003e-09
-1.16625e-08
-6.21226e-09
5.79946e-09
1.86653e-08
2.45111e-08
1.75963e-08
-1.90925e-09
-2.6957e-08
-4.61217e-08
-4.86857e-08
-2.95764e-08
7.65891e-09
5.19745e-08
8.82538e-08
1.03153e-07
8.91116e-08
4.56225e-08
-1.51994e-08
-9.81923e-08
-1.31115e-07
-2.96943e-07
