ordre_2
-7.84727e-44
5.14277e-43
7.1186e-43
-3.017e-42
-3.6714e-42
1.30839e-41
1.60981e-41
-4.95541e-41
-6.52164e-41
1.72462e-40
2.51369e-40
-5.62572e-40
-9.32879e-40
1.73199e-39
3.3504e-39
-5.02698e-39
-1.16671e-38
1.36278e-38
3.94036e-38
-3.37336e-38
-1.2896e-37
7.21403e-38
4.08305e-37
-1.10707e-37
-1.24723e-36
-2.1681e-38
3.661e-36
1.16398e-36
-1.0264e-35
-6.65199e-36
2.72255e-35
2.82484e-35
-6.72324e-35
-1.03888e-34
1.4985e-34
3.46675e-34
-2.79883e-34
-1.0683e-33
3.2911e-34
3.05457e-33
4.20548e-34
-8.07009e-33
-4.76047e-33
1.94107e-32
2.17837e-32
-4.10266e-32
-7.7501e-32
6.91579e-32
2.37651e-31
-5.7133e-32
-6.45549e-31
-1.98437e-31
1.54867e-30
1.36541e-30
-3.16972e-30
-5.27356e-30
4.92164e-30
1.61477e-29
-2.60294e-30
-4.17675e-29
-1.93972e-29
9.08548e-29
1.05516e-28
-1.54043e-28
-3.57861e-28
1.35929e-28
9.55582e-28
3.24732e-28
-2.06366e-27
-2.21796e-27
3.32842e-27
7.63101e-27
-2.29655e-27
-1.95782e-26
-9.1942e-27
3.86048e-26
5.06681e-26
-5.00397e-26
-1.55318e-25
-7.65655e-27
3.47656e-25
2.96391e-25
-5.43921e-25
-1.11252e-24
2.92113e-25
2.73124e-24
1.67274e-24
-4.65478e-24
-7.68889e-24
3.67967e-24
1.97268e-23
9.28875e-24
-3.27021e-23
-5.14573e-23
1.84496e-23
1.43019e-22
9.12444e-23
-2.8496e-22
-3.53715e-22
3.95187e-22
4.58014e-22
