ordre_2
2.30025e-15
-1.55569e-14
-2.27933e-14
8.21849e-14
1.30239e-13
-2.86702e-13
-6.04789e-13
7.067e-13
2.35753e-12
-8.29204e-13
-7.58036e-12
-2.83369e-12
1.8951e-11
2.25667e-11
-3.03829e-11
-8.39037e-11
-3.87692e-12
1.96248e-10
2.10527e-10
-2.17627e-10
-7.06459e-10
-3.53247e-10
1.05252e-09
2.03358e-09
5.2649e-10
-3.25121e-09
-5.46147e-09
-1.69636e-09
7.41555e-09
1.40779e-08
8.78763e-09
-9.93406e-09
-3.05241e-08
-3.44123e-08
-1.00473e-08
3.57572e-08
7.85525e-08
8.9376e-08
5.14913e-08
-3.00094e-08
-1.30772e-07
-2.18754e-07
-2.66911e-07
-2.6007e-07
-1.9344e-07
-6.45027e-08
1.38444e-07
4.48861e-07
9.35859e-07
1.72196e-06
3.00901e-06
5.11773e-06
8.54737e-06
1.40632e-05
2.28222e-05
3.65481e-05
5.77727e-05
9.0159e-05
0.000138927
0.000211403
0.000317716
0.000471656
0.000691708
0.00100226
0.00143495
0.00203021
0.00283879
0.00392332
0.00535971
0.00723826
0.00966421
0.0127577
0.0166527
0.0214948
0.027438
0.0346393
0.0432527
0.0534209
0.0652664
0.0788813
0.0943169
0.111573
0.13059
0.151238
0.173314
0.196541
0.220565
0.244966
0.269264
0.292937
0.315439
0.33621
0.354732
0.370448
0.383138
0.391733
0.398372
0.395044
0.407362
0.352705
0.495554
