ordre_2
-1.35545e-35
-7.35087e-35
1.17542e-34
4.41548e-34
-5.4384e-34
-1.98676e-33
2.01443e-33
7.91438e-33
-6.43385e-33
-2.93334e-32
1.77857e-32
1.03145e-31
-4.01133e-32
-3.4681e-31
5.49545e-32
1.11738e-30
9.86973e-32
-3.44432e-30
-1.23378e-30
1.01098e-29
6.71449e-30
-2.80119e-29
-2.88845e-29
7.21512e-29
1.0903e-28
-1.67762e-28
-3.74201e-28
3.28809e-28
1.18352e-27
-4.24379e-28
-3.45785e-27
-3.61002e-28
9.27359e-27
5.31115e-27
-2.24219e-26
-2.52484e-26
4.68361e-26
9.09039e-26
-7.47126e-26
-2.77525e-25
3.96662e-26
7.37153e-25
3.25358e-25
-1.68295e-24
-1.83818e-24
3.09922e-24
6.53788e-24
-3.519e-24
-1.84386e-23
-3.58621e-24
4.25926e-23
3.79507e-23
-7.6289e-23
-1.45232e-22
7.72337e-23
4.01199e-22
1.16525e-22
-8.53136e-22
-9.26595e-22
1.25762e-21
3.13141e-21
-3.75994e-22
-7.4504e-21
-5.28397e-21
1.24016e-20
2.23494e-20
-8.52835e-21
-5.70133e-20
-3.12778e-20
9.73549e-20
1.55978e-19
-6.92917e-20
-4.0083e-19
-2.25037e-19
6.44177e-19
1.09289e-18
-3.07343e-19
-2.59746e-18
-1.91771e-18
3.49196e-18
7.48169e-18
4.24354e-19
-1.48741e-17
-1.63016e-17
1.30385e-17
4.6629e-17
2.36396e-17
-6.7304e-17
-1.20029e-16
1.37935e-19
2.36625e-16
2.65042e-16
-1.67446e-16
-6.87925e-16
-4.60587e-16
6.91003e-16
1.83311e-15
9.71651e-16
-3.29888e-15
-4.23e-15
2.85326e-15
