ordre_2
-3.98172e-32
8.69028e-32
3.58771e-31
-4.88547e-31
-1.79519e-30
1.95724e-30
7.51972e-30
-6.52535e-30
-2.87103e-29
1.8508e-29
1.02904e-28
-4.22887e-29
-3.5017e-28
5.7225e-29
1.13475e-27
1.15748e-28
-3.4954e-27
-1.37591e-27
1.01726e-26
7.40645e-27
-2.76508e-26
-3.14927e-26
6.87165e-26
1.16935e-25
-1.49308e-25
-3.92001e-25
2.50441e-25
1.19932e-24
-1.41495e-25
-3.34293e-24
-1.24153e-24
8.36802e-24
7.62107e-24
-1.81309e-23
-2.98846e-23
3.0661e-23
9.49471e-23
-2.32979e-23
-2.56483e-22
-9.81421e-23
5.84535e-22
6.19898e-22
-1.04684e-21
-2.2287e-21
1.04799e-21
6.15447e-21
1.82197e-21
-1.34739e-20
-1.42445e-20
2.1304e-20
4.97659e-20
-1.13651e-20
-1.24683e-19
-7.34298e-20
2.2662e-19
3.54528e-19
-2.16657e-19
-9.82866e-19
-3.63452e-19
1.86778e-18
2.46228e-18
-1.8846e-18
-7.09468e-18
-2.47731e-18
1.29689e-17
1.76236e-17
-1.06532e-17
-4.76564e-17
-2.45949e-17
7.50174e-17
1.26827e-16
-2.52006e-17
-2.86122e-16
-2.47743e-16
3.17622e-16
8.38126e-16
2.70063e-16
-1.37142e-15
-2.0468e-15
4.11174e-16
4.45762e-15
4.27348e-15
-3.68312e-15
-1.24593e-14
-7.5818e-15
1.46072e-14
3.17032e-14
1.08799e-14
-4.56837e-14
-7.59899e-14
-1.04774e-14
1.25412e-13
1.78466e-13
-3.09228e-15
-3.21444e-13
-3.93209e-13
2.42999e-15
7.43747e-13
1.14383e-12
-4.4645e-13
-1.75125e-12
