ordre_2
-1.4013e-45
-2.8026e-45
-2.8026e-45
-1.4013e-45
0
-2.8026e-45
-1.12104e-44
-2.8026e-45
2.94273e-44
5.60519e-45
-1.12104e-43
-3.92364e-44
3.6714e-43
1.66755e-43
-1.19811e-42
-7.3428e-43
3.73306e-42
3.00438e-42
-1.1216e-41
-1.16126e-41
3.2342e-41
4.26962e-41
-8.90021e-41
-1.50274e-40
2.3078e-40
5.07573e-40
-5.50873e-40
-1.64736e-39
1.14932e-39
5.13615e-39
-1.78402e-39
-1.53542e-38
2.08082e-40
4.38439e-38
1.42179e-38
-1.18795e-37
-8.22043e-38
3.01946e-37
3.41514e-37
-7.04914e-37
-1.21705e-36
1.44513e-36
3.91423e-36
-2.28852e-36
-1.15674e-35
1.11769e-36
3.15178e-35
1.13182e-35
-7.85618e-35
-6.69849e-35
1.74966e-34
2.61336e-34
-3.27499e-34
-8.46064e-34
4.14019e-34
2.40138e-33
2.11287e-34
-6.03732e-33
-3.84977e-33
1.31983e-32
1.72042e-32
-2.34055e-32
-5.68245e-32
2.50001e-32
1.5655e-31
3.29659e-32
-3.66757e-31
-3.09823e-31
7.04047e-31
1.20757e-30
-9.31417e-31
-3.53959e-30
-1.01361e-31
8.45104e-30
5.99462e-30
-1.60626e-29
-2.54518e-29
2.01662e-29
7.4447e-29
6.14608e-30
-1.69839e-28
-1.39518e-28
2.90678e-28
5.43516e-28
-2.57852e-28
-1.45594e-27
-5.28373e-28
2.93027e-27
3.44954e-27
-3.86981e-27
-1.06307e-26
-4.19585e-28
2.29446e-26
2.2756e-26
-3.35354e-26
-8.86279e-26
1.83183e-26
2.26326e-25
5.21433e-26
-3.7907e-25
-1.01479e-25
