ordre_2
-1.4013e-45
-2.8026e-45
-2.8026e-45
-1.4013e-45
0
1.4013e-45
1.4013e-45
0
-1.4013e-45
-2.8026e-45
-2.8026e-45
-1.4013e-45
0
1.4013e-45
1.4013e-45
2.8026e-45
1.4013e-45
0
-1.4013e-45
-2.8026e-45
-4.2039e-45
-5.60519e-45
-5.60519e-45
-4.2039e-45
-7.00649e-45
-1.4013e-44
-9.80909e-45
1.26117e-44
1.4013e-44
-4.06377e-44
-5.04467e-44
1.05097e-43
1.82169e-43
-2.46629e-43
-5.96953e-43
5.11474e-43
1.85252e-42
-8.66002e-43
-5.52812e-42
5.52112e-43
1.56581e-41
4.02033e-42
-4.20151e-41
-2.67298e-41
1.05547e-40
1.14169e-40
-2.43261e-40
-4.08731e-40
4.91511e-40
1.30946e-39
-7.63928e-40
-3.84101e-39
3.42417e-40
1.03713e-38
3.83519e-39
-2.56027e-38
-2.21906e-38
5.64585e-38
8.55068e-38
-1.04579e-37
-2.74362e-37
1.30177e-37
7.73966e-37
7.27427e-38
-1.94033e-36
-1.23423e-36
4.25073e-36
5.48468e-36
-7.63235e-36
-1.8139e-35
8.63911e-36
5.03415e-35
8.31471e-36
-1.19851e-34
-9.32034e-35
2.37892e-34
3.76264e-34
-3.44858e-34
-1.13594e-33
1.04292e-34
2.82023e-33
1.61394e-33
-5.73387e-33
-7.74184e-33
8.56718e-33
2.42501e-32
-3.95097e-33
-5.93446e-32
-3.19185e-32
1.12475e-31
1.58131e-31
-1.32747e-31
-4.92822e-31
-8.6157e-32
1.22026e-30
1.06823e-30
-2.51909e-30
-3.56694e-30
4.20208e-30
6.74704e-30
-3.9623e-30
