ordre_2
-1.4013e-45
-2.8026e-45
-2.8026e-45
-1.4013e-45
0
1.4013e-45
1.4013e-45
0
-1.4013e-45
-2.8026e-45
-2.8026e-45
-1.4013e-45
0
1.4013e-45
1.4013e-45
2.8026e-45
1.4013e-45
0
-1.4013e-45
-2.8026e-45
-4.2039e-45
-5.60519e-45
-5.60519e-45
-4.2039e-45
-2.8026e-45
-1.4013e-45
-1.4013e-45
-0
-0
-1.4013e-45
-2.8026e-45
-4.2039e-45
-5.60519e-45
-7.00649e-45
-7.00649e-45
-5.60519e-45
-4.2039e-45
-2.8026e-45
-1.4013e-45
-1.4013e-45
-2.8026e-45
-4.2039e-45
-5.60519e-45
1.4013e-45
7.00649e-45
-4.2039e-45
-2.10195e-44
-1.26117e-44
2.24208e-44
7.00649e-45
-8.82818e-44
-7.42688e-44
1.98984e-43
2.8026e-43
-4.17587e-43
-9.33265e-43
7.03452e-43
2.77877e-42
-6.45999e-43
-7.64829e-42
-1.80627e-42
1.92665e-41
1.38196e-41
-4.37275e-41
-5.725e-41
8.5304e-41
1.90812e-40
-1.23429e-40
-5.54129e-40
2.84127e-41
1.43125e-39
6.90444e-40
-3.26133e-39
-3.52919e-39
6.27088e-39
1.23899e-38
-8.67003e-39
-3.59801e-38
6.13571e-40
9.00136e-38
5.21448e-38
-1.92242e-37
-2.44655e-37
3.26173e-37
7.94492e-37
-3.07559e-37
-2.0903e-36
-5.96327e-37
4.52415e-36
4.57583e-36
-7.47367e-36
-1.71073e-35
6.05485e-36
4.98412e-35
1.58049e-35
-1.22715e-34
-9.14763e-35
2.53927e-34
2.42423e-34
-3.83873e-34
-2.83994e-34
