ordre_2
-8.31109e-21
-4.44529e-20
6.86646e-20
2.67195e-19
-2.83888e-19
-1.19398e-18
8.39917e-19
4.63948e-18
-1.60202e-18
-1.62643e-17
-5.19675e-19
5.16203e-17
2.30561e-17
-1.46119e-16
-1.37636e-16
3.54771e-16
5.80543e-16
-6.65623e-16
-1.98537e-15
5.71364e-16
5.63767e-15
2.29524e-15
-1.28941e-14
-1.51724e-14
2.07613e-14
5.34815e-14
-7.28566e-15
-1.33883e-13
-9.74747e-14
2.25303e-13
4.27852e-13
-1.1108e-13
-1.06137e-12
-7.96462e-13
1.5068e-12
3.25987e-12
2.41822e-13
-6.55459e-12
-7.71045e-12
4.69169e-12
2.08878e-11
1.51085e-11
-2.29451e-11
-5.7117e-11
-2.6785e-11
7.40861e-11
1.44825e-10
5.23258e-11
-1.93898e-10
-3.54878e-10
-1.41586e-10
4.2447e-10
8.42973e-10
4.8137e-10
-7.22146e-10
-1.864e-09
-1.59477e-09
6.12963e-10
3.49579e-09
4.45929e-09
1.5512e-09
-4.41217e-09
-9.48221e-09
-8.84189e-09
-5.15501e-10
1.2121e-08
2.1259e-08
1.9032e-08
2.88007e-09
-2.1551e-08
-4.21421e-08
-4.608e-08
-2.66605e-08
1.25356e-08
5.82783e-08
9.27595e-08
1.00584e-07
7.44971e-08
1.76262e-08
-5.82565e-08
-1.37112e-07
-2.03854e-07
-2.47773e-07
-2.64889e-07
-2.54783e-07
-2.23577e-07
-1.67017e-07
-9.85741e-08
3.24756e-08
1.6963e-07
5.76165e-07
9.05646e-07
2.37339e-06
3.03084e-06
8.34286e-06
8.48667e-06
2.73966e-05
1.96497e-05
8.6227e-05
3.2091e-05
0.000263908
