ordre_2
-1.69978e-42
-9.24296e-42
1.48608e-41
5.55054e-41
-6.99346e-41
-2.49846e-40
2.66716e-40
9.97306e-40
-8.93793e-40
-3.71467e-39
2.68297e-39
1.31842e-38
-7.11738e-39
-4.50167e-38
1.56324e-38
1.48475e-37
-2.12664e-38
-4.73496e-37
-3.53691e-38
1.45827e-36
4.53998e-37
-4.32362e-36
-2.48744e-36
1.22733e-35
1.08263e-35
-3.30572e-35
-4.16712e-35
8.31908e-35
1.47275e-34
-1.89934e-34
-4.85628e-34
3.67142e-34
1.50353e-33
-4.66584e-34
-4.37232e-33
-4.33549e-34
1.1883e-32
6.12704e-33
-2.98155e-32
-2.96251e-32
6.72997e-32
1.10275e-31
-1.28499e-31
-3.54452e-31
1.67822e-31
1.01665e-30
7.43568e-32
-2.61314e-30
-1.56594e-30
5.91236e-30
7.24789e-30
-1.11101e-29
-2.47307e-29
1.39738e-29
7.05665e-29
6.75071e-30
-1.72395e-28
-1.22339e-28
3.51156e-28
5.23413e-28
-5.27157e-28
-1.62229e-27
2.13689e-28
4.07412e-27
2.24593e-27
-8.2427e-27
-1.11101e-26
1.17874e-26
3.47603e-26
-2.66282e-27
-8.36365e-26
-5.58188e-26
1.52927e-25
2.45681e-25
-1.6428e-25
-6.92727e-25
-1.68939e-25
1.44497e-24
1.54634e-24
-2.00946e-24
-5.13254e-24
2.43256e-25
1.16506e-23
9.33685e-24
-1.77306e-23
-3.59766e-23
7.32726e-24
8.55395e-23
6.00374e-23
-1.32985e-22
-2.46095e-22
6.07497e-23
5.61963e-22
4.26004e-22
-7.46919e-22
-1.81839e-21
-3.53041e-23
4.49161e-21
2.72021e-21
-7.16438e-21
-4.26829e-21
