ordre_2
-2.33263e-10
-5.58595e-09
-2.51188e-09
2.42277e-08
3.86123e-08
-2.07794e-08
-1.38307e-07
-1.98702e-07
-8.61765e-08
2.35205e-07
7.54887e-07
1.50412e-06
2.61229e-06
4.32281e-06
7.00978e-06
1.12247e-05
1.77793e-05
2.7865e-05
4.32148e-05
6.63206e-05
0.000100719
0.000151368
0.000225122
0.000331338
0.000482617
0.000695694
0.00099249
0.0014013
0.00195813
0.00270807
0.00370678
0.00502177
0.00673356
0.00893649
0.011739
0.0152629
0.0196425
0.0250215
0.0315493
0.0393762
0.0486463
0.0594897
0.0720138
0.0862931
0.102359
0.120192
0.139708
0.160757
0.183118
0.206492
0.230511
0.254743
0.278701
0.301858
0.323668
0.343585
0.361084
0.375688
0.386984
0.394649
0.398459
0.398303
0.39419
0.386245
0.374703
0.359901
0.342258
0.322257
0.300421
0.277296
0.25342
0.229313
0.205452
0.182257
0.160088
0.13923
0.119897
0.102233
0.0863139
0.0721576
0.0597306
0.0489584
0.0397353
0.0319334
0.025412
0.0200242
0.0156243
0.0120719
0.00923595
0.00699717
0.00524927
0.00389954
0.00286859
0.00208961
0.00150733
0.00107669
0.000761665
0.000533211
0.000371288
0.00024848
0.000198796
