ordre_1
1.4013e-45
2.8026e-45
4.2039e-45
5.60519e-45
7.00649e-45
8.40779e-45
9.80909e-45
1.12104e-44
1.26117e-44
1.4013e-44
1.54143e-44
1.68156e-44
1.82169e-44
1.96182e-44
2.10195e-44
2.24208e-44
2.38221e-44
2.52234e-44
2.66247e-44
2.8026e-44
2.94273e-44
3.08286e-44
3.22299e-44
3.36312e-44
3.50325e-44
3.64338e-44
3.78351e-44
3.92364e-44
4.06377e-44
4.2039e-44
4.34403e-44
4.48416e-44
4.62428e-44
4.76441e-44
4.90454e-44
5.04467e-44
5.1848e-44
5.32493e-44
5.46506e-44
5.60519e-44
5.74532e-44
5.88545e-44
6.02558e-44
6.16571e-44
6.30584e-44
6.44597e-44
6.5861e-44
6.72623e-44
6.86636e-44
7.00649e-44
7.14662e-44
7.28675e-44
7.42688e-44
7.56701e-44
7.70714e-44
7.84727e-44
7.9874e-44
8.12753e-44
8.26766e-44
8.40779e-44
1.079e-43
2.2701e-43
8.00141e-43
3.48083e-42
1.57352e-41
7.06955e-41
3.12631e-40
1.35817e-39
5.79519e-39
2.42894e-38
1.00019e-37
4.04711e-37
1.6095e-36
6.29218e-36
2.41853e-35
9.14159e-35
3.39847e-34
1.24283e-33
4.47172e-33
1.58322e-32
5.51674e-32
1.89217e-31
6.3891e-31
2.12414e-30
6.95428e-30
2.24237e-29
7.12203e-29
2.22845e-28
6.87001e-28
2.08701e-27
6.24821e-27
1.84377e-26
5.36323e-26
1.53804e-25
4.34891e-25
1.21259e-24
3.33437e-24
9.0434e-24
2.41943e-23
6.38563e-23
1.66284e-22
