ordre_2
-1.86303e-28
1.23793e-27
1.73003e-27
-7.13793e-27
-9.14316e-27
2.99462e-26
4.10979e-26
-1.07657e-25
-1.69568e-25
3.461e-25
6.5681e-25
-1.00062e-24
-2.40426e-24
2.54531e-24
8.32046e-24
-5.28244e-24
-2.71414e-23
6.40067e-24
8.29357e-23
1.32621e-23
-2.34862e-22
-1.37109e-22
6.04707e-22
6.608e-22
-1.36239e-21
-2.48464e-21
2.43478e-21
7.97057e-21
-2.15124e-21
-2.22605e-20
-7.24636e-21
5.34289e-20
5.13326e-20
-1.03907e-19
-1.96759e-19
1.30145e-19
5.77087e-19
8.00144e-20
-1.35327e-18
-1.17709e-18
2.37915e-18
4.61104e-18
-2.05815e-18
-1.24459e-17
-5.23289e-18
2.44508e-17
3.24418e-17
-2.79644e-17
-9.74354e-17
-2.33475e-17
1.95492e-16
2.2979e-16
-2.1458e-16
-7.00916e-16
-2.08315e-16
1.29602e-15
1.71971e-15
-1.00824e-15
-4.61653e-15
-2.66049e-15
6.72505e-15
1.2547e-14
-1.85537e-16
-2.54457e-14
-2.76143e-14
1.96772e-14
7.65041e-14
4.88944e-14
-9.17702e-14
-2.01268e-13
-6.27454e-14
3.06286e-13
4.88263e-13
2.51851e-14
-8.73285e-13
-1.13681e-12
1.58949e-13
2.26142e-12
2.62689e-12
-6.17044e-13
-5.46186e-12
-6.1613e-12
1.27428e-12
1.23884e-11
1.4717e-11
-8.54742e-13
-2.60952e-11
-3.51521e-11
-6.23629e-12
4.92547e-11
8.11793e-11
3.74009e-11
-7.61913e-11
-1.72591e-10
-1.37228e-10
7.39684e-11
3.13814e-10
3.65102e-10
1.51418e-10
-5.89832e-10
-7.40794e-10
