ordre_2
-1.4013e-45
-2.8026e-45
-2.8026e-45
-1.4013e-45
0
1.4013e-45
1.4013e-45
0
-1.4013e-45
-2.8026e-45
-2.8026e-45
-1.4013e-45
0
1.4013e-45
1.4013e-45
2.8026e-45
1.4013e-45
7.00649e-45
7.00649e-45
-8.40779e-45
-2.24208e-44
1.26117e-44
5.74532e-44
-3.50325e-44
-1.84971e-43
5.60519e-44
5.57717e-43
-2.94273e-44
-1.65493e-42
-3.64338e-43
4.72097e-42
2.40183e-42
-1.29536e-41
-1.08503e-41
3.36872e-41
4.16802e-41
-8.1847e-41
-1.45235e-40
1.79829e-40
4.69858e-40
-3.308e-40
-1.4254e-39
3.73969e-40
4.06383e-39
5.80837e-40
-1.08473e-38
-6.03849e-39
2.68066e-38
2.77278e-38
-5.98499e-38
-1.00663e-37
1.13863e-37
3.19308e-37
-1.51434e-37
-9.1237e-37
-4.43134e-38
2.36117e-36
1.29488e-36
-5.46387e-36
-6.16007e-36
1.08369e-35
2.15476e-35
-1.60721e-35
-6.36257e-35
5.48792e-36
1.63848e-34
7.95389e-35
-3.65085e-34
-4.12459e-34
6.64772e-34
1.42297e-33
-7.78754e-34
-3.98691e-33
-5.71614e-34
9.39807e-33
7.38671e-33
-1.80682e-32
-2.96651e-32
2.39655e-32
8.72916e-32
1.78465e-33
-2.07339e-31
-1.48327e-31
3.89954e-31
6.27259e-31
-4.81258e-31
-1.81325e-30
-1.59077e-31
4.04301e-30
3.31558e-30
-6.52717e-30
-1.28196e-29
4.05163e-30
3.49604e-29
1.97679e-29
-7.65275e-29
-9.79289e-29
1.37052e-28
2.50171e-28
-1.82059e-28
-2.89226e-28
