ordre_2
1.03317e-14
5.38997e-14
-7.79481e-14
-3.23667e-13
2.48821e-13
1.4026e-12
-2.73773e-13
-4.94708e-12
-1.96582e-12
1.39534e-11
1.54105e-11
-2.78665e-11
-6.41789e-11
1.82756e-11
1.79366e-10
1.26995e-10
-2.9911e-10
-6.10391e-10
-4.78645e-12
1.3267e-09
1.60796e-09
-7.27685e-10
-4.17646e-09
-4.18681e-09
2.14758e-09
1.08554e-08
1.21548e-08
-6.61387e-10
-2.19565e-08
-3.42204e-08
-2.05709e-08
1.98682e-08
6.67399e-08
8.87343e-08
6.24977e-08
-1.29259e-08
-1.15042e-07
-2.09206e-07
-2.63675e-07
-2.592e-07
-1.8887e-07
-4.95915e-08
1.70711e-07
5.07047e-07
1.03222e-06
1.87518e-06
3.24744e-06
5.48319e-06
9.09983e-06
1.48868e-05
2.40325e-05
3.83007e-05
6.02728e-05
9.36721e-05
0.000143789
0.000218032
0.000326615
0.000483416
0.000707
0.00102182
0.00145957
0.00206066
0.00287578
0.00396742
0.00541127
0.00729729
0.00973027
0.0128298
0.0167292
0.0215733
0.0275154
0.0347118
0.0433158
0.0534695
0.0652953
0.0788854
0.0942913
0.111514
0.130494
0.151104
0.173143
0.196335
0.220329
0.244706
0.26899
0.29266
0.315168
0.33596
0.354501
0.370295
0.382906
0.39198
0.397273
0.398603
0.396069
0.389324
0.380075
0.363481
0.357352
0.303736
0.39713
