ordre_1
1.4013e-45
2.8026e-45
4.2039e-45
5.60519e-45
7.00649e-45
8.40779e-45
9.80909e-45
1.12104e-44
1.26117e-44
1.4013e-44
1.54143e-44
1.68156e-44
1.82169e-44
1.96182e-44
3.22299e-44
1.96182e-43
2.10055e-42
2.23759e-41
2.25014e-40
2.13326e-39
1.91112e-38
1.62184e-37
1.30669e-36
1.00156e-35
7.31693e-35
5.10358e-34
3.4041e-33
2.17442e-32
1.33194e-31
7.83385e-31
4.42914e-30
2.40987e-29
1.26311e-28
6.38378e-28
3.11384e-27
1.46711e-26
6.68235e-26
2.94456e-25
1.25617e-24
5.19167e-24
2.08008e-23
8.08409e-23
3.04942e-22
1.11707e-21
3.97604e-21
1.3758e-20
4.63025e-20
1.51637e-19
4.83456e-19
1.50124e-18
4.54222e-18
1.33966e-17
3.85299e-17
1.08107e-16
2.96023e-16
7.91367e-16
2.06618e-15
5.27055e-15
1.314e-14
3.2029e-14
7.63576e-14
1.78105e-13
4.066e-13
9.08834e-13
1.98968e-12
4.26796e-12
8.97348e-12
1.84999e-11
3.74123e-11
7.42455e-11
1.4465e-10
2.76783e-10
5.20388e-10
9.61788e-10
1.74823e-09
3.12677e-09
5.50541e-09
9.54775e-09
1.63177e-08
2.74978e-08
4.57142e-08
7.5017e-08
1.21579e-07
1.94709e-07
3.08299e-07
4.82882e-07
7.48528e-07
1.14889e-06
1.74678e-06
2.6319e-06
3.93124e-06
5.82317e-06
8.55634e-06
1.24745e-05
1.80491e-05
2.59219e-05
3.69591e-05
5.23202e-05
7.3545e-05
0.000102661
0.000142317
