ordre_2
3.17441e-19
-6.9051e-19
-2.8653e-18
3.55476e-18
1.42957e-17
-1.18058e-17
-5.87666e-17
2.58258e-17
2.13568e-16
-8.27863e-18
-6.93945e-16
-2.75462e-16
1.98701e-15
1.81406e-15
-4.79965e-15
-7.86647e-15
8.63883e-15
2.68729e-14
-5.33111e-15
-7.41945e-14
-3.98596e-14
1.57878e-13
2.22783e-13
-2.05546e-13
-7.09501e-13
-1.30596e-13
1.53735e-12
1.72611e-12
-1.82556e-12
-5.63868e-12
-1.69961e-12
1.04136e-11
1.4714e-11
-5.75618e-12
-3.68348e-11
-3.04708e-11
3.81944e-11
1.05962e-10
5.51504e-11
-1.34649e-10
-2.75835e-10
-1.06868e-10
3.6592e-10
6.86809e-10
2.88197e-10
-8.07718e-10
-1.64744e-09
-9.95428e-10
1.32028e-09
3.62489e-09
3.32251e-09
-7.5554e-10
-6.47762e-09
-9.06872e-09
-4.52486e-09
6.49056e-09
1.75406e-08
1.97251e-08
7.76958e-09
-1.5146e-08
-3.74661e-08
-4.48406e-08
-2.8213e-08
1.0267e-08
5.69342e-08
9.20912e-08
9.83584e-08
6.77532e-08
4.43917e-09
-7.74819e-08
-1.59474e-07
-2.2464e-07
-2.61949e-07
-2.67417e-07
-2.42275e-07
-1.89015e-07
-1.06286e-07
1.6969e-08
2.08894e-07
5.25458e-07
1.06762e-06
2.00771e-06
3.63203e-06
6.40025e-06
1.10486e-05
1.87013e-05
3.1137e-05
5.08703e-05
8.20293e-05
0.000129499
0.000203068
0.000309158
0.000475012
0.000691243
0.00105986
0.0014332
0.00230218
0.00265498
0.00509944
0.00376967
0.0125597
