ordre_2
-1.4013e-45
-2.8026e-45
-2.8026e-45
-1.4013e-45
0
1.4013e-45
1.4013e-45
0
-1.4013e-45
2.8026e-45
9.80909e-45
-8.40779e-45
-3.36312e-44
1.26117e-44
9.80909e-44
-3.92364e-44
-3.32108e-43
6.30584e-44
1.06218e-42
8.40779e-45
-3.29866e-42
-7.25873e-43
9.91419e-42
4.47014e-42
-2.88107e-41
-2.05206e-41
8.04317e-41
8.20432e-41
-2.13851e-40
-3.00501e-40
5.33361e-40
1.02954e-39
-1.21319e-39
-3.33247e-39
2.35654e-39
1.0231e-38
-3.09497e-39
-2.97879e-38
-2.20711e-39
8.19258e-38
3.73627e-38
-2.10942e-37
-1.86547e-37
4.99514e-37
7.14687e-37
-1.04753e-36
-2.37895e-36
1.75817e-36
7.14579e-36
-1.39666e-36
-1.95808e-35
-5.63374e-36
4.8717e-35
3.87448e-35
-1.07557e-34
-1.5537e-34
1.9767e-34
5.04137e-34
-2.37758e-34
-1.4173e-33
-1.75359e-34
3.49594e-33
2.42562e-33
-7.40181e-33
-1.03988e-32
1.2334e-32
3.32658e-32
-1.03576e-32
-8.85143e-32
-2.97232e-32
1.98144e-31
1.99324e-31
-3.52918e-31
-7.1451e-31
3.78317e-31
1.9732e-30
4.3206e-31
-4.41538e-30
-4.09068e-30
7.58664e-30
1.50413e-29
-7.01006e-30
-4.03871e-29
-1.3396e-29
8.44584e-29
9.44511e-29
-1.25589e-28
-3.11472e-28
5.30248e-29
7.3773e-28
4.59066e-28
-1.24232e-27
-2.12435e-27
9.14443e-28
6.12174e-27
2.90644e-27
-1.36626e-26
-1.44079e-26
2.3764e-26
3.02637e-26
-2.28281e-26
