ordre_1
9.38252e-36
9.25497e-34
4.5203e-32
1.45749e-30
3.48987e-29
6.61876e-28
1.03564e-26
1.375e-25
1.58122e-24
1.59988e-23
1.44196e-22
1.16931e-21
8.60199e-21
5.78047e-20
3.56928e-19
2.03543e-18
1.07673e-17
5.30432e-17
2.44184e-16
1.0537e-15
4.27397e-15
1.63368e-14
5.89829e-14
2.01576e-13
6.53379e-13
2.01241e-12
5.90006e-12
1.64935e-11
4.40341e-11
1.12452e-10
2.75121e-10
6.45836e-10
1.45692e-09
3.16336e-09
6.62154e-09
1.3384e-08
2.61687e-08
4.95817e-08
9.12048e-08
1.63196e-07
2.84617e-07
4.84785e-07
8.08086e-07
1.32084e-06
2.12108e-06
3.35241e-06
5.22342e-06
8.03467e-06
1.22158e-05
1.83755e-05
2.73692e-05
4.03867e-05
5.90682e-05
8.56515e-05
0.00012316
0.000175634
0.000248422
0.000348524
0.00048501
0.0006695
0.000916719
0.00124512
0.00167754
0.00224196
0.00297217
0.00390853
0.00509854
0.00659741
0.00846829
0.0107824
0.0136185
0.0170624
0.0212056
0.0261431
0.0319716
0.0387856
0.0466741
0.0557163
0.0659765
0.0774993
0.0903043
0.104381
0.119684
0.13613
0.153595
0.17191
0.190867
0.210216
0.22967
0.248913
0.267606
0.285397
0.301931
0.316864
0.32987
0.340658
0.34898
0.354641
0.357505
0.357505
0.354641
