ordre_2
-1.4013e-45
-2.8026e-45
-2.8026e-45
-1.4013e-45
0
1.4013e-45
1.4013e-45
0
-1.4013e-45
0
9.80909e-45
1.4013e-45
-3.08286e-44
-1.68156e-44
8.26766e-44
4.90454e-44
-2.71852e-43
-2.10195e-43
8.1976e-43
8.16957e-43
-2.38081e-42
-3.0198e-42
6.60432e-42
1.06723e-41
-1.73677e-41
-3.62488e-41
4.23739e-41
1.18427e-40
-9.20597e-41
-3.72241e-40
1.5864e-40
1.12382e-39
-1.07258e-40
-3.24886e-39
-7.61146e-40
8.94381e-39
5.23888e-39
-2.32256e-38
-2.30665e-38
5.59464e-38
8.51119e-38
-1.20877e-37
-2.81453e-37
2.15344e-37
8.54275e-37
-2.20274e-37
-2.39681e-36
-4.667e-37
6.19324e-36
4.07978e-36
-1.45052e-35
-1.76577e-35
2.9582e-35
6.07721e-35
-4.67175e-35
-1.8157e-34
2.69718e-35
4.81949e-34
1.87896e-34
-1.13022e-33
-1.1e-33
2.25299e-33
4.05542e-33
-3.34189e-33
-1.21165e-32
1.19271e-33
3.08693e-32
1.57708e-32
-6.65544e-32
-8.02532e-32
1.12546e-31
2.67912e-31
-1.00628e-31
-7.15516e-31
-2.30853e-31
1.56776e-30
1.61592e-30
-2.63818e-30
-5.67211e-30
2.27581e-30
1.50022e-29
5.43135e-30
-3.12446e-29
-3.57495e-29
4.65139e-29
1.18209e-28
-1.98387e-29
-2.87328e-28
-1.6925e-28
5.15798e-28
7.76239e-28
-4.94048e-28
-2.17344e-27
-8.76017e-28
4.57092e-27
6.18331e-27
-7.35605e-27
-1.88999e-26
8.63704e-27
3.44628e-26
-5.77215e-27
