ordre_2
-1.4013e-45
-2.8026e-45
-2.8026e-45
-1.4013e-45
0
1.4013e-45
1.4013e-45
0
-1.4013e-45
-2.8026e-45
-2.8026e-45
-1.4013e-45
0
1.4013e-45
1.4013e-45
2.8026e-45
1.4013e-45
0
-1.4013e-45
-2.8026e-45
-4.2039e-45
-5.60519e-45
-5.60519e-45
-4.2039e-45
-2.8026e-45
-1.4013e-45
-1.4013e-45
-0
-0
-1.4013e-45
-2.8026e-45
-4.2039e-45
-5.60519e-45
-7.00649e-45
-7.00649e-45
-5.60519e-45
-4.2039e-45
-2.8026e-45
-1.4013e-45
-1.4013e-45
-2.8026e-45
-4.2039e-45
-5.60519e-45
-1.4013e-45
7.00649e-45
2.8026e-45
-1.54143e-44
-2.10195e-44
1.12104e-44
2.52234e-44
-5.46506e-44
-1.13505e-43
8.68805e-44
3.37713e-43
-9.24857e-44
-9.44475e-43
-1.69557e-43
2.42845e-42
1.5134e-42
-5.75233e-42
-6.63094e-42
1.20442e-41
2.30556e-41
-2.04576e-41
-6.99991e-41
1.86569e-41
1.90526e-40
4.82495e-41
-4.65436e-40
-3.65396e-40
9.97783e-40
1.46222e-39
-1.74593e-39
-4.65375e-39
1.83097e-39
1.27278e-38
2.64122e-39
-3.0313e-38
-2.42841e-38
6.12222e-38
9.6894e-38
-9.40451e-38
-2.96353e-37
5.35725e-38
7.56629e-37
3.28553e-37
-1.60852e-36
-1.79663e-36
2.59751e-36
6.06263e-36
-1.75091e-36
-1.63899e-35
-8.10423e-36
3.76758e-35
4.58836e-35
-7.46751e-35
-1.46366e-34
1.25839e-34
3.25024e-34
-1.61497e-34
-3.56948e-34
