ordre_2
1.68997e-42
1.32437e-40
-1.03023e-41
-7.85618e-40
3.46261e-42
3.46541e-39
2.76322e-40
-1.34519e-38
-2.47644e-39
4.83632e-38
1.5045e-38
-1.64459e-37
-7.61423e-38
5.338e-37
3.43592e-37
-1.65871e-36
-1.42682e-36
4.92843e-36
5.54656e-36
-1.39283e-35
-2.03831e-35
3.70368e-35
7.12089e-35
-9.07331e-35
-2.37135e-34
1.95592e-34
7.53096e-34
-3.24597e-34
-2.27695e-33
1.46291e-34
6.52601e-33
1.96987e-33
-1.759e-32
-1.23001e-32
4.3946e-32
5.18718e-32
-9.89257e-32
-1.84017e-31
1.87732e-31
5.81328e-31
-2.3677e-31
-1.66466e-30
-1.7098e-31
4.31813e-30
2.61451e-30
-9.96655e-30
-1.20092e-29
1.94449e-29
4.15091e-29
-2.69947e-29
-1.21185e-28
-6.96374e-31
3.06136e-28
1.8292e-28
-6.56989e-28
-8.57902e-28
1.09766e-27
2.81211e-27
-8.97118e-28
-7.4664e-27
-2.74342e-27
1.6269e-26
1.76755e-26
-2.69156e-26
-6.10794e-26
2.08465e-26
1.59735e-25
6.69157e-26
-3.25947e-25
-3.99514e-25
4.5717e-25
1.27529e-24
-6.83259e-26
-2.98269e-24
-2.2058e-24
5.02275e-24
9.06882e-24
-3.90096e-24
-2.36058e-23
-1.10485e-23
4.32236e-23
6.14534e-23
-4.23164e-23
-1.71826e-22
-5.91246e-23
3.20964e-22
4.18674e-22
-3.12619e-22
-1.19416e-21
-4.23174e-22
2.15844e-21
2.85276e-21
-1.74372e-21
-7.46627e-21
-4.39897e-21
1.16727e-20
2.36675e-20
-7.41393e-21
-5.86623e-20
-9.25482e-21
6.59843e-20
