ordre_1
2.16346e-17
8.14338e-16
1.49651e-14
1.78999e-13
1.5676e-12
1.07222e-11
5.96789e-11
2.78134e-10
1.10877e-09
3.84479e-09
1.17597e-08
3.21132e-08
7.91686e-08
1.7808e-07
3.69358e-07
7.13973e-07
1.30023e-06
2.25494e-06
3.76236e-06
6.09442e-06
9.65522e-06
1.50422e-05
2.31279e-05
3.51678e-05
5.29432e-05
7.89492e-05
0.000116639
0.000170739
0.000247641
0.00035589
0.000506776
0.000715027
0.000999621
0.0013847
0.00190058
0.00258477
0.00348312
0.00465076
0.00615303
0.00806612
0.0104773
0.0134849
0.0171971
0.0217308
0.0272087
0.0337562
0.0414964
0.0505453
0.0610048
0.0729561
0.0864515
0.101507
0.118097
0.136142
0.155511
0.176013
0.197399
0.219361
0.241541
0.263534
0.284904
0.305194
0.323945
0.340707
0.355065
0.366649
0.375154
0.380351
0.382099
0.380351
0.375154
0.366649
0.355065
0.340707
0.323945
0.305194
0.284904
0.263534
0.241541
0.219361
0.197399
0.176013
0.155511
0.136142
0.118097
0.101507
0.0864515
0.0729561
0.0610048
0.0505453
0.0414964
0.0337561
0.0272087
0.0217308
0.0171971
0.0134849
0.0104773
0.00806612
0.00615303
0.00465076
0.00348312
