ordre_2
-1.4013e-45
-2.8026e-45
-2.8026e-45
-1.4013e-45
0
1.4013e-45
1.4013e-45
0
-1.4013e-45
-2.8026e-45
-2.8026e-45
-1.4013e-45
0
1.4013e-45
1.4013e-45
2.8026e-45
1.4013e-45
0
-1.4013e-45
-2.8026e-45
-4.2039e-45
-5.60519e-45
-5.60519e-45
-4.2039e-45
-2.8026e-45
-1.4013e-45
-1.4013e-45
-0
-0
-1.4013e-45
-2.8026e-45
-4.2039e-45
-5.60519e-45
-7.00649e-45
-7.00649e-45
-5.60519e-45
-4.2039e-45
-2.8026e-45
-1.4013e-45
-1.4013e-45
-0
1.4013e-45
-9.80909e-45
-2.10195e-44
-7.00649e-45
1.96182e-44
-5.60519e-45
-7.42688e-44
-2.38221e-44
1.90577e-43
1.33123e-43
-4.69435e-43
-5.68927e-43
1.01034e-42
1.9408e-42
-1.87774e-42
-5.99055e-42
2.34157e-42
1.69221e-41
1.53022e-42
-4.38508e-41
-2.46404e-41
1.02948e-40
1.14137e-40
-2.11439e-40
-4.0107e-40
3.43308e-40
1.20836e-39
-2.53739e-40
-3.22466e-39
-1.06999e-39
7.61929e-39
6.86832e-39
-1.544e-38
-2.59196e-38
2.40192e-38
7.86027e-38
-1.40806e-38
-2.03887e-37
-8.68834e-38
4.53296e-37
4.90467e-37
-8.20304e-37
-1.70573e-36
9.60303e-37
4.71142e-36
6.32336e-37
-1.073e-35
-8.61297e-36
1.9157e-35
3.47979e-35
-2.00199e-35
-1.04629e-34
-2.49228e-35
2.63647e-34
2.11289e-34
-5.69635e-34
-6.75327e-34
1.00355e-33
1.25968e-33
-9.83451e-34
