ordre_2
3.48418e-23
-7.59125e-23
-3.14205e-22
4.08592e-22
1.57072e-21
-1.49964e-21
-6.53074e-21
4.21497e-21
2.44382e-20
-8.01078e-21
-8.41433e-20
-7.41467e-22
2.67122e-19
1.00808e-19
-7.74043e-19
-6.2482e-19
1.9977e-18
2.73662e-18
-4.34146e-18
-9.89769e-18
6.67445e-18
3.06954e-17
-2.67373e-20
-8.14108e-17
-5.11305e-17
1.77154e-16
2.4992e-16
-2.73015e-16
-8.19043e-16
6.68827e-17
2.0458e-15
1.4403e-15
-3.71273e-15
-6.45465e-15
3.18318e-15
1.76242e-14
8.39227e-15
-3.20923e-14
-4.85035e-14
2.47646e-14
1.29824e-13
7.48735e-14
-2.01841e-13
-3.6575e-13
3.91284e-14
7.98854e-13
7.87326e-13
-7.49577e-13
-2.42212e-12
-1.27927e-12
3.27443e-12
6.35168e-12
1.30756e-12
-1.05115e-11
-1.54448e-11
2.70968e-13
2.88778e-11
3.67146e-11
-4.30719e-12
-7.14716e-11
-8.82285e-11
5.5554e-12
1.609e-10
2.14601e-10
2.88243e-11
-3.20315e-10
-5.10597e-10
-2.17364e-10
5.12702e-10
1.11737e-09
8.67714e-10
-4.44179e-10
-2.04539e-09
-2.50129e-09
-8.01973e-10
2.5235e-09
5.26418e-09
4.79448e-09
1.09947e-10
-6.80734e-09
-1.15403e-08
-9.75755e-09
-3.1316e-10
1.31099e-08
2.31833e-08
2.26276e-08
8.53632e-09
-1.51685e-08
-3.86144e-08
-5.01128e-08
-4.13968e-08
-1.18438e-08
3.08213e-08
7.27867e-08
9.93208e-08
9.98132e-08
6.95336e-08
1.79829e-08
-6.29546e-08
-9.80407e-08
-2.71875e-07
