ordre_2
-3.12349e-29
2.07482e-28
2.89694e-28
-1.19825e-27
-1.52807e-27
5.04197e-27
6.85603e-27
-1.8214e-26
-2.826e-26
5.9009e-26
1.09516e-25
-1.72754e-25
-4.01846e-25
4.49181e-25
1.39735e-24
-9.76397e-25
-4.59358e-24
1.40443e-24
1.42003e-23
1.14158e-24
-4.09043e-23
-1.9914e-23
1.0806e-22
1.03755e-22
-2.53977e-22
-4.07174e-22
4.94796e-22
1.35507e-21
-6.17852e-22
-3.94112e-21
-5.67588e-22
9.9817e-21
7.36217e-21
-2.1202e-20
-3.19655e-20
3.32188e-20
1.01907e-19
-1.44023e-20
-2.61417e-19
-1.47978e-19
5.29141e-19
7.43991e-19
-7.09905e-19
-2.30727e-18
-1.21634e-19
5.2974e-18
4.55996e-18
-8.44777e-18
-1.74938e-17
4.2588e-18
4.30771e-17
2.84392e-17
-7.00866e-17
-1.26402e-16
3.63543e-17
3.08386e-16
2.15518e-16
-4.51013e-16
-8.99868e-16
5.51487e-17
1.9381e-15
1.86725e-15
-2.06094e-15
-5.98588e-15
-2.17813e-15
9.73027e-15
1.49735e-14
-2.81947e-15
-3.27107e-14
-3.14521e-14
2.76824e-14
9.27857e-14
5.54459e-14
-1.1111e-13
-2.37685e-13
-7.87071e-14
3.46812e-13
5.73636e-13
7.81541e-14
-9.47719e-13
-1.34699e-12
-2.65565e-14
2.36948e-12
3.14942e-12
-5.73928e-15
-5.50808e-12
-7.4038e-12
-5.75758e-13
1.18621e-11
1.73844e-11
4.2355e-12
-2.30821e-11
-3.97091e-11
-1.91307e-11
3.83216e-11
8.60062e-11
6.10266e-11
-3.25211e-11
-1.73934e-10
-2.09453e-10
1.24279e-10
