ordre_1
6.14893e-31
5.0815e-29
2.0756e-27
5.58663e-26
1.11461e-24
1.75815e-23
2.28367e-22
2.51223e-21
2.38919e-20
1.99534e-19
1.48158e-18
9.87904e-18
5.96444e-17
3.28323e-16
1.6576e-15
7.71481e-15
3.32493e-14
1.3322e-13
4.97997e-13
1.74238e-12
5.7226e-12
1.76909e-11
5.16081e-11
1.42409e-10
3.72571e-10
9.26217e-10
2.19286e-09
4.9553e-09
1.0712e-08
2.22033e-08
4.42335e-08
8.4909e-08
1.57452e-07
2.82816e-07
4.93414e-07
8.38465e-07
1.39162e-06
2.26193e-06
3.60947e-06
5.66751e-06
8.77358e-06
1.34123e-05
2.02736e-05
3.03309e-05
4.4944e-05
6.59929e-05
9.60507e-05
0.000138601
0.00019831
0.00028136
0.000395858
0.000552309
0.000764179
0.00104853
0.00142673
0.0019252
0.00257625
0.00341883
0.00449929
0.00587205
0.00760002
0.00975483
0.0124167
0.0156737
0.0196209
0.0243584
0.029989
0.036615
0.0443343
0.0532359
0.0633948
0.0748667
0.0876817
0.101839
0.117303
0.133995
0.151794
0.170533
0.189999
0.209933
0.230038
0.249981
0.269403
0.28793
0.305183
0.320791
0.334406
0.345713
0.354444
0.360386
0.363394
0.363394
0.360386
0.354444
0.345713
0.334406
0.320791
0.305183
0.287929
0.269403
0.249981
