ordre_2
-5.02713e-19
3.36681e-18
4.8111e-18
-1.86562e-17
-2.65075e-17
7.23794e-17
1.22647e-16
-2.2608e-16
-5.0421e-16
5.6034e-16
1.85549e-15
-9.04116e-16
-6.05992e-15
-5.00968e-16
1.71691e-14
1.15467e-14
-4.00863e-14
-5.74681e-14
6.64369e-14
1.97023e-13
-2.09084e-14
-5.09229e-13
-3.63727e-13
9.22311e-13
1.67188e-12
-6.38617e-13
-4.43801e-12
-2.84126e-12
7.04319e-12
1.34254e-11
-1.05106e-12
-2.96049e-11
-3.06073e-11
2.60987e-11
9.23111e-11
5.78442e-11
-1.10825e-10
-2.49687e-10
-1.06081e-10
3.30877e-10
6.33547e-10
2.51769e-10
-7.90226e-10
-1.55021e-09
-8.32371e-10
1.45171e-09
3.54548e-09
2.89669e-09
-1.40189e-09
-6.8484e-09
-8.53009e-09
-2.86916e-09
8.53521e-09
1.83955e-08
1.78621e-08
3.00304e-09
-2.08836e-08
-4.0627e-08
-4.20413e-08
-1.8395e-08
2.45724e-08
7.00917e-08
9.7484e-08
9.11382e-08
4.69036e-08
-2.67446e-08
-1.12566e-07
-1.91027e-07
-2.46318e-07
-2.69689e-07
-2.5932e-07
-2.17238e-07
-1.44338e-07
-3.43724e-08
1.33048e-07
4.01628e-07
8.5222e-07
1.62479e-06
2.95282e-06
5.21568e-06
9.01695e-06
1.52989e-05
2.55095e-05
4.1831e-05
6.75106e-05
0.000107253
0.000167872
0.000258738
0.000393403
0.000588682
0.000871367
0.00126511
0.00183071
0.00256618
0.00367251
0.00487623
0.00715707
0.00840628
0.0142278
0.0113681
0.032336
