ordre_2
-6.65879e-14
1.44097e-13
6.03404e-13
-6.22253e-13
-2.96558e-12
1.17305e-12
1.13443e-11
2.55054e-12
-3.43216e-11
-3.1723e-11
7.42064e-11
1.48227e-10
-6.49087e-11
-4.37694e-10
-2.7793e-10
7.43331e-10
1.46153e-09
5.30415e-11
-3.0756e-09
-4.01658e-09
9.06613e-10
9.12427e-09
1.12614e-08
-2.9441e-10
-2.07096e-08
-3.20506e-08
-1.67183e-08
2.51919e-08
7.03435e-08
8.48575e-08
4.63406e-08
-4.09192e-08
-1.4744e-07
-2.33644e-07
-2.66947e-07
-2.30189e-07
-1.17981e-07
7.5687e-08
3.73137e-07
8.28921e-07
1.54686e-06
2.70226e-06
4.57495e-06
7.59945e-06
1.24396e-05
2.00967e-05
3.20608e-05
5.05197e-05
7.86407e-05
0.000120943
0.000183783
0.00027597
0.000409529
0.000600638
0.000870728
0.00124775
0.0017676
0.00247559
0.00342802
0.00469361
0.00635476
0.00850837
0.0112662
0.0147541
0.0191109
0.0244852
0.0310317
0.0389053
0.0482541
0.0592113
0.0718851
0.086349
0.102631
0.120704
0.140478
0.16179
0.184404
0.208008
0.23222
0.256592
0.280625
0.303784
0.325517
0.345276
0.362541
0.376842
0.387782
0.395052
0.398449
0.397882
0.393379
0.385084
0.373252
0.358217
0.340461
0.320263
0.298889
0.274225
0.25618
0.212419
0.257302
