ordre_2
-1.4013e-45
-2.8026e-45
-2.8026e-45
-1.4013e-45
0
1.4013e-45
1.4013e-45
0
-1.4013e-45
-2.8026e-45
-2.8026e-45
0
1.26117e-44
4.2039e-45
-3.92364e-44
-2.52234e-44
1.09301e-43
8.40779e-44
-3.46121e-43
-3.37713e-43
9.96323e-43
1.24856e-42
-2.77737e-42
-4.4239e-42
7.32599e-42
1.50401e-41
-1.79969e-41
-4.9243e-41
3.95587e-41
1.55162e-40
-7.01238e-41
-4.69917e-40
5.72921e-41
1.3637e-39
2.80216e-40
-3.77256e-39
-2.08351e-39
9.86094e-39
9.37442e-39
-2.39756e-38
-3.50111e-38
5.25839e-38
1.16853e-37
-9.65856e-38
-3.57741e-37
1.11342e-37
1.01295e-36
1.43756e-37
-2.64623e-36
-1.58471e-36
6.28967e-36
7.15001e-36
-1.31312e-35
-2.51486e-35
2.18248e-35
7.64202e-35
-1.74012e-35
-2.06302e-34
-6.43322e-35
4.93832e-34
4.33279e-34
-1.01547e-33
-1.66695e-33
1.6124e-33
5.11978e-33
-1.0397e-33
-1.3386e-32
-5.46578e-33
2.98063e-32
3.18777e-32
-5.33092e-32
-1.11795e-31
5.83725e-32
3.0961e-31
6.1908e-32
-7.06007e-31
-6.22953e-31
1.26762e-30
2.35622e-30
-1.37366e-30
-6.5424e-30
-1.42462e-30
1.43678e-29
1.38445e-29
-2.35191e-29
-4.98023e-29
1.79971e-29
1.28293e-28
5.38429e-29
-2.47415e-28
-3.11493e-28
2.90052e-28
9.57486e-28
2.05247e-28
-2.20156e-27
-2.38191e-27
4.00647e-27
7.84217e-27
-5.67091e-27
-1.47142e-26
4.66756e-27
