ordre_2
-3.75528e-39
-6.81081e-39
3.32458e-38
4.20556e-38
-1.60705e-37
-1.97605e-37
6.40151e-37
8.32466e-37
-2.29057e-36
-3.29496e-36
7.58699e-36
1.24688e-35
-2.35044e-35
-4.54268e-35
6.80548e-35
1.59731e-34
-1.82043e-34
-5.42212e-34
4.36552e-34
1.77485e-33
-8.65532e-34
-5.58931e-33
9.97198e-34
1.68716e-32
2.26467e-33
-4.85389e-32
-2.26516e-32
1.31915e-31
1.11507e-31
-3.33643e-31
-4.40388e-31
7.63551e-31
1.53172e-30
-1.48238e-30
-4.83927e-30
1.95219e-30
1.40209e-29
1.12312e-30
-3.71429e-29
-2.07708e-29
8.85037e-29
9.91594e-29
-1.81836e-28
-3.54073e-28
2.83908e-28
1.0698e-27
-1.36915e-28
-2.81425e-27
-1.27223e-27
6.37914e-27
7.01345e-27
-1.17248e-26
-2.47341e-26
1.35391e-26
6.97021e-26
1.20111e-26
-1.62409e-25
-1.38022e-25
2.99077e-25
5.38828e-25
-3.39023e-25
-1.52567e-24
-2.95524e-25
3.38621e-24
3.20367e-24
-5.51201e-24
-1.16497e-23
3.78436e-24
2.98045e-23
1.48842e-23
-5.61233e-23
-7.92883e-23
6.18866e-23
2.29775e-22
5.42497e-23
-4.66136e-22
-5.20544e-22
5.77326e-22
1.65062e-21
2.01868e-22
-3.41276e-21
-3.53022e-21
4.13136e-21
1.1395e-20
1.80936e-21
-2.24886e-20
-2.52813e-20
2.29392e-20
7.56463e-20
2.6128e-20
-1.32731e-19
-1.82995e-19
8.89571e-20
4.47853e-19
3.09366e-19
-5.64092e-19
-1.40607e-18
-1.15223e-19
3.18109e-18
1.70299e-18
-3.39203e-18
