ordre_2
4.83296e-12
1.7385e-10
3.63375e-11
-8.8906e-10
-7.73171e-10
2.54966e-09
4.87242e-09
-2.26705e-09
-1.57143e-08
-1.44165e-08
1.67136e-08
5.64819e-08
5.52155e-08
-1.75349e-08
-1.35148e-07
-2.26054e-07
-2.20164e-07
-8.21567e-08
1.94954e-07
6.24368e-07
1.26234e-06
2.23466e-06
3.75842e-06
6.17266e-06
9.98946e-06
1.59733e-05
2.52555e-05
3.94921e-05
6.10788e-05
9.34356e-05
0.000141382
0.000211616
0.000313326
0.000458933
0.000664999
0.000953294
0.00135201
0.00189711
0.00263377
0.00361785
0.00491723
0.00661303
0.00880038
0.0115887
0.0151012
0.0194735
0.0248509
0.0313845
0.039226
0.0485208
0.0593999
0.0719712
0.0863089
0.102443
0.120352
0.13995
0.161084
0.183525
0.206974
0.231056
0.255334
0.279317
0.302476
0.324263
0.344131
0.361557
0.376065
0.387248
0.394786
0.398463
0.398175
0.393936
0.385877
0.374239
0.359364
0.341671
0.321646
0.299811
0.276709
0.252878
0.228832
0.205042
0.181927
0.159839
0.139061
0.119803
0.102207
0.0863458
0.0722368
0.0598462
0.0490997
0.0398924
0.0320977
0.0255761
0.0201828
0.0157722
0.0122097
0.00934726
0.00714414
0.00516803
0.00469003
