ordre_2
-1.4013e-45
-2.8026e-45
-2.8026e-45
-1.4013e-45
0
1.4013e-45
1.4013e-45
0
-1.4013e-45
-2.8026e-45
-2.8026e-45
-1.4013e-45
0
1.4013e-45
1.4013e-45
2.8026e-45
1.4013e-45
2.8026e-45
9.80909e-45
5.60519e-45
-1.68156e-44
-1.82169e-44
3.50325e-44
5.32493e-44
-1.00893e-43
-1.86373e-43
2.46629e-43
6.12367e-43
-5.7173e-43
-1.95481e-42
1.12244e-42
5.98915e-42
-1.49659e-42
-1.77012e-41
-1.22894e-42
5.00376e-41
1.98592e-41
-1.34631e-40
-1.02176e-40
3.40729e-40
4.07625e-40
-7.94777e-40
-1.4259e-39
1.63644e-39
4.55028e-39
-2.6354e-39
-1.34434e-38
1.50942e-39
3.68759e-38
1.19655e-38
-9.33124e-38
-7.3903e-38
2.13706e-37
2.95015e-37
-4.2275e-37
-9.77762e-37
6.25407e-37
2.85712e-36
-1.76438e-37
-7.4741e-36
-3.4449e-36
1.73493e-35
1.81262e-35
-3.43038e-35
-6.49559e-35
5.03254e-35
1.92229e-34
-1.56288e-35
-4.89926e-34
-2.50711e-34
1.06667e-33
1.26748e-33
-1.85279e-33
-4.26681e-33
1.85583e-33
1.15928e-32
2.94381e-33
-2.61597e-32
-2.43329e-32
4.66526e-32
8.98666e-32
-5.00063e-32
-2.49221e-31
-5.49308e-32
5.54422e-31
5.19579e-31
-9.39459e-31
-1.86845e-30
8.27035e-31
4.82954e-30
1.84094e-30
-9.42791e-30
-1.24759e-29
1.19618e-29
4.23199e-29
6.6658e-31
-1.07959e-28
-5.13552e-29
2.10205e-28
1.28884e-28
-2.1636e-28
