ordre_2
-1.4013e-45
-2.8026e-45
-2.8026e-45
-1.4013e-45
0
1.4013e-45
1.4013e-45
4.2039e-45
-1.4013e-45
-1.82169e-44
-7.00649e-45
5.32493e-44
2.10195e-44
-1.80768e-43
-9.52883e-44
5.7173e-43
3.93765e-43
-1.75583e-42
-1.57506e-42
5.182e-42
5.94711e-42
-1.46758e-41
-2.14315e-41
3.95068e-41
7.40558e-41
-9.95833e-41
-2.4597e-40
2.27825e-40
7.85474e-40
-4.38971e-40
-2.40976e-39
5.29995e-40
7.08482e-39
7.81375e-40
-1.98694e-38
-9.00231e-39
5.27363e-38
4.41749e-38
-1.3065e-37
-1.71828e-37
2.94257e-37
5.88433e-37
-5.6724e-37
-1.8366e-36
7.64014e-37
5.28668e-36
2.66129e-37
-1.40308e-35
-7.10823e-36
3.39356e-35
3.48463e-35
-7.25346e-35
-1.26906e-34
1.26067e-34
3.93915e-34
-1.23342e-34
-1.08067e-33
-2.58547e-34
2.62551e-33
2.10082e-33
-5.49462e-33
-8.42156e-33
9.00757e-33
2.6378e-32
-6.94128e-33
-6.98412e-32
-2.5161e-32
1.57117e-31
1.5983e-31
-2.84436e-31
-5.72301e-31
3.21817e-31
1.59868e-30
2.8317e-31
-3.65811e-30
-3.16363e-30
6.56761e-30
1.20897e-29
-7.08054e-30
-3.35644e-29
-7.47303e-30
7.31808e-29
7.1423e-29
-1.17275e-28
-2.54721e-28
7.943e-29
6.50253e-28
3.09865e-28
-1.2425e-27
-1.642e-27
1.44433e-27
4.78288e-27
1.0411e-27
-1.00685e-26
-1.21655e-26
1.51205e-26
4.24278e-26
-1.29147e-26
-9.59597e-26
-6.84621e-28
1.05585e-25
