ordre_2
-2.3558e-31
5.14114e-31
2.12278e-30
-2.88344e-30
-1.06215e-29
1.14999e-29
4.44784e-29
-3.80357e-29
-1.69676e-28
1.06294e-28
6.07112e-28
-2.34814e-28
-2.05979e-27
2.73275e-28
6.64369e-27
9.33382e-28
-2.0321e-26
-8.98792e-27
5.85276e-26
4.6355e-26
-1.56626e-25
-1.92581e-25
3.79715e-25
7.01872e-25
-7.88602e-25
-2.30948e-24
1.17693e-24
6.91698e-24
4.12645e-26
-1.87681e-23
-9.53011e-24
4.52394e-23
4.93137e-23
-9.21157e-23
-1.80427e-22
1.34974e-22
5.43757e-22
-1.62826e-23
-1.38864e-21
-8.37289e-22
2.929e-21
4.01284e-21
-4.50996e-21
-1.29247e-20
1.88035e-21
3.25384e-20
1.92444e-20
-6.31496e-20
-9.33177e-20
7.63925e-20
2.77595e-19
4.43593e-20
-6.03017e-19
-5.98347e-19
8.68809e-19
2.089e-18
-1.4404e-19
-4.77861e-18
-3.93093e-18
6.95769e-18
1.49506e-17
-1.22633e-18
-3.33812e-17
-2.91856e-17
4.28508e-17
1.03613e-16
1.26168e-17
-2.03593e-16
-2.32848e-16
1.80233e-16
6.64053e-16
3.31858e-16
-9.88993e-16
-1.7305e-15
9.06322e-17
3.5304e-15
3.74632e-15
-2.70073e-15
-1.03519e-14
-6.65518e-15
1.21643e-14
2.69328e-14
8.77219e-15
-4.02605e-14
-6.49189e-14
-4.1006e-15
1.14912e-13
1.49951e-13
-2.232e-14
-2.99761e-13
-3.40775e-13
9.65026e-14
7.35102e-13
7.9096e-13
-2.77697e-13
-1.67599e-12
-1.79885e-12
1.56155e-13
4.30419e-12
4.60613e-12
-3.76217e-12
