ordre_2
-9.66896e-44
-1.73761e-43
8.53391e-43
1.07339e-42
-4.13803e-42
-5.01385e-42
1.6618e-41
2.10139e-41
-6.01297e-41
-8.28434e-41
2.02415e-40
3.13002e-40
-6.41778e-40
-1.14232e-39
1.92181e-39
4.04003e-39
-5.40955e-39
-1.38602e-38
1.41083e-38
4.61125e-38
-3.29629e-38
-1.48591e-37
6.29915e-38
4.62773e-37
-6.36866e-38
-1.38848e-36
-2.13723e-37
3.99417e-36
1.85555e-36
-1.09356e-35
-8.92483e-36
2.81606e-35
3.51468e-35
-6.67807e-35
-1.23223e-34
1.39553e-34
3.96166e-34
-2.27177e-34
-1.18063e-33
1.26723e-34
3.26355e-33
1.08585e-33
-8.29858e-33
-6.70129e-33
1.89961e-32
2.68255e-32
-3.71362e-32
-8.89008e-32
5.23009e-32
2.58422e-31
-3.2237e-34
-6.67128e-31
-3.60855e-31
1.50742e-30
1.76416e-30
-2.81625e-30
-6.08408e-30
3.49815e-30
1.73138e-29
1.78719e-30
-4.18493e-29
-3.05591e-29
8.35593e-29
1.28546e-28
-1.19989e-28
-3.91414e-28
2.80562e-29
9.61499e-28
5.93561e-28
-1.88261e-27
-2.73836e-27
2.50353e-27
8.26532e-27
1.64086e-28
-1.92061e-26
-1.47589e-26
3.33702e-26
5.96502e-26
-3.05981e-26
-1.60613e-25
-5.71496e-26
3.19064e-25
3.86845e-25
-4.01806e-25
-1.20042e-24
-1.0719e-25
2.59348e-24
2.44559e-24
-3.68484e-24
-8.4925e-24
7.72091e-25
1.86394e-23
1.52449e-23
-2.45623e-23
-5.97045e-23
-4.10594e-24
1.47225e-22
1.20438e-22
-2.63809e-22
-2.98419e-22
2.54159e-22
