ordre_1
1.4013e-45
2.8026e-45
4.2039e-45
5.60519e-45
7.00649e-45
8.40779e-45
9.10844e-44
1.87774e-42
3.58102e-41
6.04279e-40
9.11951e-39
1.24318e-37
1.54352e-36
1.75759e-35
1.84635e-34
1.7985e-33
1.63165e-32
1.38404e-31
1.10146e-30
8.24932e-30
5.83024e-29
3.89806e-28
2.47103e-27
1.4882e-26
8.5312e-26
4.66301e-25
2.43397e-24
1.21504e-23
5.80867e-23
2.66271e-22
1.17176e-21
4.95559e-21
2.01625e-20
7.89961e-20
2.98314e-19
1.08673e-18
3.82216e-18
1.29888e-17
4.26803e-17
1.35703e-16
4.17784e-16
1.24623e-15
3.60415e-15
1.01119e-14
2.75391e-14
7.28455e-14
1.8726e-13
4.68077e-13
1.13833e-12
2.69487e-12
6.21396e-12
1.39639e-11
3.05986e-11
6.54186e-11
1.36542e-10
2.78395e-10
5.54827e-10
1.08153e-09
2.06343e-09
3.85585e-09
7.06221e-09
1.26875e-08
2.23748e-08
3.87647e-08
6.60327e-08
1.10684e-07
1.82716e-07
2.97299e-07
4.77185e-07
7.5614e-07
1.18378e-06
1.83232e-06
2.80597e-06
4.2538e-06
6.38729e-06
9.50401e-06
1.40191e-05
2.05072e-05
2.97565e-05
4.28393e-05
6.12018e-05
8.67773e-05
0.000122127
0.000170612
0.000236607
0.000325747
0.000445225
0.000604134
0.000813857
0.0010885
0.00144535
0.00190542
0.00249389
0.00324068
0.00418089
0.00535521
0.00681018
0.00859838
0.0107783
0.0134142
0.016575
