ordre_2
-1.4013e-45
-2.8026e-45
-2.8026e-45
-1.4013e-45
0
1.4013e-45
1.4013e-45
0
-1.4013e-45
-2.8026e-45
-2.8026e-45
-1.4013e-45
0
1.4013e-45
1.4013e-45
2.8026e-45
1.4013e-45
0
-1.4013e-45
-2.8026e-45
-4.2039e-45
-5.60519e-45
-5.60519e-45
-4.2039e-45
-2.8026e-45
-1.4013e-45
-1.4013e-45
-0
-0
-1.4013e-45
-2.8026e-45
-4.2039e-45
-5.60519e-45
-7.00649e-45
-1.4013e-45
9.80909e-45
9.80909e-45
-1.82169e-44
-2.94273e-44
3.36312e-44
7.84727e-44
-8.40779e-44
-2.64845e-43
1.21913e-43
7.67912e-43
-6.44597e-44
-2.13838e-42
-6.50202e-43
5.58417e-42
4.00351e-42
-1.35001e-41
-1.63896e-41
2.94231e-41
5.65536e-41
-5.39514e-41
-1.74497e-40
6.44485e-41
4.90826e-40
5.86303e-41
-1.26098e-39
-7.58571e-40
2.91875e-39
3.4143e-39
-5.84748e-39
-1.17889e-38
8.96219e-39
3.49203e-38
-4.38905e-39
-9.13297e-38
-3.8578e-38
2.09927e-37
2.14522e-37
-4.06708e-37
-7.70152e-37
5.69911e-37
2.25036e-36
-7.7376e-38
-5.60946e-36
-3.23057e-36
1.1804e-35
1.53152e-35
-1.92898e-35
-4.97321e-35
1.54399e-35
1.30502e-34
4.59403e-35
-2.81164e-34
-2.91292e-34
4.57698e-34
9.98423e-34
-3.18778e-34
-2.64563e-33
-1.3634e-33
5.78931e-33
7.78894e-33
-1.05363e-32
-2.47755e-32
1.56049e-32
5.4815e-32
-1.72023e-32
-6.00635e-32
