ordre_2
-1.4013e-45
-2.8026e-45
-2.8026e-45
-1.4013e-45
0
1.4013e-45
1.4013e-45
0
-1.4013e-45
-2.8026e-45
-2.8026e-45
-1.4013e-45
0
1.4013e-45
1.4013e-45
2.8026e-45
1.4013e-45
0
-1.4013e-45
-2.8026e-45
-4.2039e-45
-5.60519e-45
-5.60519e-45
-4.2039e-45
-2.8026e-45
-1.4013e-45
-1.4013e-45
-0
-0
-1.4013e-45
-2.8026e-45
-4.2039e-45
-5.60519e-45
-7.00649e-45
-7.00649e-45
-5.60519e-45
-4.2039e-45
-2.8026e-45
-1.4013e-45
-1.4013e-45
-2.8026e-45
-4.2039e-45
-5.60519e-45
-7.00649e-45
-7.00649e-45
-8.40779e-45
-9.80909e-45
-1.12104e-44
-1.26117e-44
-1.4013e-44
-1.4013e-44
-1.4013e-44
-1.26117e-44
-1.12104e-44
-1.54143e-44
-2.38221e-44
-2.10195e-44
1.4013e-45
9.80909e-45
-2.38221e-44
-4.62428e-44
3.92364e-44
1.38729e-43
-4.48416e-44
-3.90962e-43
-8.54792e-44
9.54284e-43
6.51604e-43
-2.17762e-42
-2.78018e-42
4.2067e-42
9.2794e-42
-6.00316e-42
-2.68517e-41
1.03836e-42
6.87351e-41
3.48237e-41
-1.54653e-40
-1.74289e-40
2.91889e-40
6.03884e-40
-3.89414e-40
-1.72899e-39
-1.97023e-41
4.23653e-39
2.51188e-39
-8.69921e-39
-1.14109e-38
1.33331e-38
3.68218e-38
-6.31653e-39
-9.89358e-38
-5.42016e-38
2.31277e-37
2.77679e-37
-4.75312e-37
-8.64741e-37
8.43267e-37
1.90313e-36
-1.13956e-36
-2.08328e-36
