ordre_2
-4.13889e-22
-7.4744e-22
3.58551e-21
4.78021e-21
-1.65293e-20
-2.33958e-20
6.06489e-20
1.01492e-19
-1.89732e-19
-4.03095e-19
5.03082e-19
1.47483e-18
-1.03915e-18
-4.95379e-18
1.03807e-18
1.51174e-17
4.16761e-18
-4.10628e-17
-3.33098e-17
9.51202e-17
1.45505e-16
-1.67667e-16
-4.89699e-16
1.18877e-16
1.34001e-15
6.3384e-16
-2.90015e-15
-3.73004e-15
4.21654e-15
1.23379e-14
6.58389e-18
-2.90387e-14
-2.49953e-14
4.46756e-14
9.71905e-14
-1.01963e-14
-2.25287e-13
-1.96252e-13
2.93689e-13
7.18111e-13
1.20617e-13
-1.37678e-12
-1.7315e-12
9.1967e-13
4.5332e-12
3.31693e-12
-5.13238e-12
-1.25395e-11
-5.08858e-12
1.78056e-11
3.16673e-11
6.4756e-12
-5.03584e-11
-7.71033e-11
-1.01994e-11
1.24451e-10
1.864e-10
3.76898e-11
-2.70426e-10
-4.45455e-10
-1.77584e-10
4.89531e-10
1.01056e-09
6.95138e-10
-5.94939e-10
-2.0165e-09
-2.15293e-09
-1.83368e-10
3.04827e-09
5.12178e-09
3.60342e-09
-1.82809e-09
-8.33943e-09
-1.11439e-08
-6.57609e-09
4.84798e-09
1.76097e-08
2.3605e-08
1.67394e-08
-2.90042e-09
-2.78638e-08
-4.61355e-08
-4.66321e-08
-2.47681e-08
1.48571e-08
5.94721e-08
9.32047e-08
1.01998e-07
8.01858e-08
2.84595e-08
-4.0067e-08
-1.1779e-07
-1.79629e-07
-2.36645e-07
-2.45903e-07
-2.73976e-07
-2.09778e-07
-2.49776e-07
-8.39386e-08
-2.01091e-07
1.49006e-07
