ordre_2
-1.4013e-45
-2.8026e-45
-2.8026e-45
-1.4013e-45
0
1.4013e-45
1.4013e-45
0
-1.4013e-45
-2.8026e-45
-2.8026e-45
-1.4013e-45
0
1.4013e-45
1.4013e-45
2.8026e-45
1.4013e-45
0
-1.4013e-45
-1.4013e-45
5.60519e-45
9.80909e-45
-7.00649e-45
-2.94273e-44
1.12104e-44
8.54792e-44
-1.82169e-44
-2.63444e-43
-1.68156e-44
7.63708e-43
2.50832e-43
-2.14959e-42
-1.35365e-42
5.77755e-42
5.65004e-42
-1.47066e-41
-2.08289e-41
3.46373e-41
7.04054e-41
-7.25102e-41
-2.22337e-40
1.20184e-40
6.59909e-40
-7.92126e-41
-1.8412e-39
-5.16118e-40
4.80055e-39
3.38611e-39
-1.15301e-38
-1.40629e-38
2.47237e-38
4.85469e-38
-4.36798e-38
-1.48713e-37
4.53744e-38
4.12476e-37
8.14083e-38
-1.03577e-36
-7.30487e-37
2.31029e-36
3.07792e-36
-4.32506e-36
-1.01841e-35
5.5419e-36
2.89303e-35
2.01293e-36
-7.19093e-35
-4.6069e-35
1.5365e-34
2.0505e-34
-2.60914e-34
-6.65444e-34
2.40551e-34
1.7877e-33
5.22114e-34
-4.04468e-33
-3.84848e-33
7.33932e-33
1.4098e-32
-8.37071e-33
-3.94982e-32
-6.7264e-33
8.99962e-32
7.83188e-32
-1.60382e-31
-2.9733e-31
1.7169e-31
8.1183e-31
1.77828e-31
-1.71089e-30
-1.70733e-30
2.50593e-30
6.1792e-30
-7.34563e-31
-1.65808e-29
-1.03083e-29
3.62642e-29
4.07499e-29
-6.32085e-29
-8.11131e-29
6.11586e-29
