ordre_1
1.4013e-45
2.8026e-45
4.2039e-45
5.60519e-45
7.00649e-45
8.40779e-45
9.80909e-45
1.12104e-44
1.26117e-44
1.4013e-44
1.54143e-44
1.68156e-44
1.82169e-44
1.96182e-44
2.10195e-44
2.24208e-44
2.38221e-44
2.52234e-44
2.66247e-44
2.8026e-44
2.94273e-44
3.08286e-44
3.22299e-44
3.36312e-44
3.50325e-44
3.64338e-44
3.78351e-44
3.92364e-44
4.06377e-44
4.2039e-44
4.34403e-44
4.76441e-44
9.66896e-44
4.4281e-43
2.804e-42
1.82029e-41
1.15365e-40
7.09262e-40
4.2286e-39
2.44609e-38
1.37374e-37
7.49468e-37
3.97443e-36
2.04979e-35
1.02869e-34
5.02598e-34
2.39182e-33
1.10919e-32
5.01469e-32
2.2112e-31
9.51339e-31
3.99515e-30
1.63826e-29
6.56212e-29
2.56842e-28
9.82635e-28
3.67591e-27
1.34499e-26
4.81484e-26
1.68687e-25
5.78554e-25
1.94305e-24
6.39168e-24
2.05993e-23
6.50582e-23
2.01405e-22
6.11309e-22
1.81959e-21
5.31257e-21
1.52178e-20
4.27767e-20
1.18023e-19
3.19679e-19
8.50243e-19
2.22095e-18
5.6989e-18
1.43675e-17
3.55956e-17
8.668e-17
2.07507e-16
4.88454e-16
1.13076e-15
2.57491e-15
5.7687e-15
1.27175e-14
2.75946e-14
5.8942e-14
1.23964e-13
2.56756e-13
5.23834e-13
1.05294e-12
2.08569e-12
4.07215e-12
7.83836e-12
1.48784e-11
2.78562e-11
5.1455e-11
9.37962e-11
1.68775e-10
2.99855e-10
5.26157e-10
