ordre_1
1.4013e-45
2.8026e-45
4.2039e-45
5.60519e-45
7.00649e-45
8.40779e-45
9.80909e-45
1.12104e-44
1.26117e-44
2.24208e-44
2.05991e-43
2.99037e-42
4.12528e-41
5.23449e-40
6.13255e-39
6.66637e-38
6.75364e-37
6.40141e-36
5.69634e-35
4.77341e-34
3.7772e-33
2.82939e-32
2.01082e-31
1.35862e-30
8.74335e-30
5.36857e-29
3.15009e-28
1.76891e-27
9.51906e-27
4.91509e-26
2.43795e-25
1.16292e-24
5.34015e-24
2.36291e-23
1.00839e-22
4.15398e-22
1.65312e-21
6.36035e-21
2.3676e-20
8.53265e-20
2.97916e-19
1.00835e-18
3.31049e-18
1.05485e-17
3.26398e-17
9.81283e-17
2.86784e-16
8.15172e-16
2.2547e-15
6.07127e-15
1.59231e-14
4.06942e-14
1.01389e-13
2.46377e-13
5.84192e-13
1.35224e-12
3.05696e-12
6.75247e-12
1.45806e-11
3.07917e-11
6.36275e-11
1.28714e-10
2.55035e-10
4.95216e-10
9.42856e-10
1.76116e-09
3.2293e-09
5.81615e-09
1.02956e-08
1.79241e-08
3.07097e-08
5.18155e-08
8.61559e-08
1.41269e-07
2.28582e-07
3.65225e-07
5.76616e-07
9.001e-07
1.39005e-06
2.12495e-06
3.2171e-06
4.82589e-06
7.17568e-06
1.05798e-05
1.5472e-05
2.24485e-05
3.23211e-05
4.61868e-05
6.5515e-05
9.22569e-05
0.000128982
0.000179041
0.000246771
0.000337726
0.000458959
0.000619344
0.000829931
0.00110435
0.00145926
0.00191479
0.002495
