ordre_2
1.62616e-37
8.82557e-37
-1.41381e-36
-5.30098e-36
6.57811e-36
2.38557e-35
-2.46046e-35
-9.51006e-35
7.9881e-35
3.53095e-34
-2.27334e-34
-1.24568e-33
5.45147e-34
4.21114e-33
-9.24034e-34
-1.36802e-32
-1.81297e-34
4.2679e-32
1.13276e-32
-1.27439e-31
-6.9663e-32
3.61872e-31
3.16571e-31
-9.66409e-31
-1.24176e-30
2.3796e-30
4.41115e-30
-5.18728e-30
-1.44614e-29
8.97843e-30
4.40354e-29
-6.74122e-30
-1.24358e-28
-3.5882e-29
3.22601e-28
2.45806e-28
-7.51603e-28
-1.02132e-27
1.49072e-27
3.45518e-27
-2.12039e-27
-1.01478e-26
-5.81442e-31
2.61942e-26
1.48118e-26
-5.83135e-26
-7.18888e-26
1.04102e-25
2.44027e-25
-1.08162e-25
-6.74395e-25
-1.67218e-25
1.54705e-24
1.43907e-24
-2.78549e-24
-5.39531e-24
2.9277e-24
1.4984e-23
3.82912e-24
-3.26698e-23
-3.32564e-23
5.15062e-23
1.16818e-22
-2.90266e-23
-2.92227e-22
-1.65662e-22
5.33777e-22
8.11699e-22
-5.35743e-22
-2.27312e-21
-7.26215e-22
4.4368e-21
5.45558e-21
-4.98864e-21
-1.63865e-20
-3.82779e-21
3.20858e-20
3.77074e-20
-3.39513e-20
-1.12426e-19
-3.43282e-20
2.05046e-19
2.70669e-19
-1.65298e-19
-7.27333e-19
-3.81087e-19
1.1158e-18
1.91582e-18
-3.05707e-19
-4.23124e-18
-3.80723e-18
4.61553e-18
1.23312e-17
3.89652e-18
-1.89613e-17
-3.02703e-17
1.4241e-18
7.46533e-17
6.5807e-17
-1.08325e-16
-1.06317e-16
