ordre_2
-3.30225e-35
7.20968e-35
2.97503e-34
-4.0855e-34
-1.4887e-33
1.66166e-33
6.24158e-33
-5.68655e-33
-2.38935e-32
1.69009e-32
8.61043e-32
-4.25774e-32
-2.95763e-31
7.9733e-32
9.72717e-31
-2.93162e-32
-3.06319e-30
-7.00748e-31
9.20641e-30
4.75809e-30
-2.62306e-29
-2.23633e-29
7.00116e-29
8.91178e-29
-1.71301e-28
-3.18743e-28
3.67095e-28
1.04533e-27
-6.05723e-28
-3.165e-27
3.07885e-28
8.82569e-27
3.19958e-27
-2.23906e-26
-1.9423e-26
5.01852e-26
7.70664e-26
-9.21782e-26
-2.511e-25
1.02889e-25
7.07118e-25
1.39022e-25
-1.726e-24
-1.38054e-24
3.51902e-24
5.64483e-24
-5.21324e-24
-1.73543e-23
1.47457e-24
4.35196e-23
2.59744e-23
-8.748e-23
-1.24063e-22
1.20845e-22
3.83208e-22
-3.3419e-24
-9.04728e-22
-6.80706e-22
1.58033e-21
2.81462e-21
-1.39951e-21
-7.57197e-21
-3.00692e-21
1.46486e-20
1.90781e-20
-1.65534e-20
-5.67549e-20
-1.29217e-20
1.13552e-19
1.29979e-19
-1.2952e-19
-4.0035e-19
-9.24983e-20
7.7095e-19
9.29117e-19
-7.41771e-19
-2.67852e-18
-1.07371e-18
4.51966e-18
6.75716e-18
-2.47714e-18
-1.63945e-17
-1.18957e-17
2.08451e-17
4.5999e-17
7.10266e-18
-8.41974e-17
-1.05303e-16
5.05791e-17
2.62808e-16
1.9609e-16
-2.94518e-16
-7.12044e-16
-2.2881e-16
1.04388e-15
1.66412e-15
2.21848e-16
-3.45541e-15
-4.4898e-15
3.85146e-15
6.80843e-15
