ordre_2
-1.4013e-45
-2.8026e-45
-2.8026e-45
-1.4013e-45
0
1.4013e-45
1.4013e-45
0
-1.4013e-45
-2.8026e-45
-2.8026e-45
-1.4013e-45
0
1.4013e-45
1.4013e-45
2.8026e-45
1.4013e-45
0
-1.4013e-45
-2.8026e-45
-4.2039e-45
-5.60519e-45
-5.60519e-45
-4.2039e-45
-2.8026e-45
-1.4013e-45
-1.4013e-45
-0
-0
-1.4013e-45
-2.8026e-45
-4.2039e-45
-5.60519e-45
-7.00649e-45
-7.00649e-45
-5.60519e-45
-4.2039e-45
-2.8026e-45
-1.4013e-45
-1.4013e-45
-2.8026e-45
-4.2039e-45
-5.60519e-45
-7.00649e-45
-7.00649e-45
-8.40779e-45
-9.80909e-45
-1.12104e-44
-1.26117e-44
-1.4013e-44
-1.4013e-44
-1.4013e-44
-1.26117e-44
-1.12104e-44
-9.80909e-45
-8.40779e-45
-8.40779e-45
-7.00649e-45
-5.60519e-45
-4.2039e-45
-2.8026e-45
-2.8026e-45
-4.2039e-45
-5.60519e-45
-7.00649e-45
-8.40779e-45
-9.80909e-45
-1.12104e-44
-1.26117e-44
-1.26117e-44
-7.00649e-45
7.00649e-45
4.2039e-45
-2.24208e-44
-2.66247e-44
3.08286e-44
6.44597e-44
-8.12753e-44
-2.50832e-43
3.08286e-44
6.10966e-43
2.11596e-43
-1.45175e-42
-1.32423e-42
2.85164e-42
4.82607e-42
-4.14084e-42
-1.42848e-41
9.1785e-43
3.63385e-41
2.27865e-41
-8.08073e-41
-1.1354e-40
1.55529e-40
3.81051e-40
-2.5229e-40
-1.01301e-39
3.28275e-40
2.0667e-39
-3.09835e-40
-2.19041e-39
