ordre_2
-7.09527e-33
-5.3298e-31
3.54846e-32
3.14586e-30
9.70144e-32
-1.37468e-29
-2.03874e-30
5.25483e-29
1.55513e-29
-1.84519e-28
-8.81598e-29
6.05872e-28
4.24217e-28
-1.86879e-27
-1.82394e-27
5.39304e-27
7.18259e-27
-1.4368e-26
-2.62369e-26
3.42975e-26
8.94198e-26
-6.80738e-26
-2.84605e-25
8.38134e-26
8.42824e-25
1.19628e-25
-2.30011e-24
-1.3707e-24
5.67149e-24
6.46255e-24
-1.21024e-23
-2.34952e-23
1.98098e-23
7.2666e-23
-1.15399e-23
-1.9535e-22
-8.42077e-23
4.49797e-22
4.89211e-22
-8.28954e-22
-1.75631e-21
9.1442e-22
4.95048e-21
1.12959e-21
-1.12802e-20
-1.07304e-20
1.93686e-20
3.98802e-20
-1.60578e-20
-1.0622e-19
-4.48553e-20
2.11582e-19
2.73429e-19
-2.62504e-19
-8.40937e-19
-1.13319e-19
1.7955e-18
1.81114e-18
-2.39378e-18
-6.13522e-18
-3.08618e-19
1.30835e-17
1.28498e-17
-1.6017e-17
-4.27755e-17
-7.41166e-18
8.29906e-17
9.79536e-17
-7.44287e-17
-2.78505e-16
-1.33633e-16
4.30071e-16
7.24543e-16
-9.5946e-17
-1.55643e-15
-1.50418e-15
1.4259e-15
4.54656e-15
2.32435e-15
-6.19321e-15
-1.15955e-14
-1.55943e-15
2.02814e-14
2.69273e-14
-6.04259e-15
-5.76447e-14
-5.88877e-14
3.42323e-14
1.50515e-13
1.25371e-13
-1.14129e-13
-3.71078e-13
-2.74704e-13
3.13769e-13
8.85459e-13
5.87119e-13
-6.42205e-13
-2.06072e-12
-1.86494e-12
2.507e-12
3.76412e-12
