ordre_2
-8.27584e-27
-1.4975e-26
7.24209e-26
9.42557e-26
-3.41449e-25
-4.53558e-25
1.30413e-24
1.94948e-24
-4.3687e-24
-7.78412e-24
1.30666e-23
2.92071e-23
-3.44032e-23
-1.03187e-22
7.49567e-23
3.42403e-22
-1.05077e-22
-1.06064e-21
-1.09668e-22
3.03357e-21
1.6292e-21
-7.85467e-21
-8.26458e-21
1.76899e-20
3.16345e-20
-3.1227e-20
-1.01867e-19
2.53575e-20
2.82426e-19
1.03752e-19
-6.63542e-19
-6.87412e-19
1.22785e-18
2.54772e-18
-1.29059e-18
-7.1807e-18
-2.05676e-18
1.58274e-17
1.69397e-17
-2.44381e-17
-5.9254e-17
9.05549e-18
1.4459e-16
1.01114e-16
-2.4201e-16
-4.40054e-16
1.48713e-16
1.11118e-15
7.00135e-16
-1.76548e-15
-3.20315e-15
6.73855e-16
7.48178e-15
6.08617e-15
-9.45855e-15
-2.24207e-14
-4.06244e-15
4.1465e-14
5.30261e-14
-2.5231e-14
-1.33702e-13
-1.00585e-13
1.47486e-13
3.65985e-13
1.43531e-13
-5.30413e-13
-9.08304e-13
-1.03243e-13
1.56972e-12
2.14064e-12
-1.9583e-13
-4.15079e-12
-4.97662e-12
9.83568e-13
1.01441e-11
1.17155e-11
-2.05964e-12
-2.31281e-11
-2.80719e-11
7.48782e-13
4.86073e-11
6.71623e-11
1.44116e-11
-9.03761e-11
-1.54458e-10
-7.86163e-11
1.33322e-10
3.24061e-10
2.74436e-10
-9.48838e-11
-5.73195e-10
-7.35618e-10
-2.58866e-10
7.11142e-10
1.51641e-09
1.3593e-09
-1.58435e-10
-2.0338e-09
-3.3916e-09
-2.90544e-09
3.18498e-09
