ordre_2
4.2039e-45
2.10195e-44
-3.08286e-44
-1.1911e-43
1.47136e-43
5.29691e-43
-5.70328e-43
-2.10895e-42
1.9436e-42
7.86689e-42
-5.94291e-42
-2.79769e-41
1.63391e-41
9.58852e-41
-3.8589e-41
-3.18056e-40
6.69695e-41
1.02266e-39
-6.66317e-42
-3.18585e-39
-6.78926e-40
9.5951e-39
4.36098e-39
-2.78283e-38
-2.02722e-38
7.72253e-38
8.14123e-38
-2.02928e-37
-2.9796e-37
4.95821e-37
1.01604e-36
-1.08609e-36
-3.26006e-36
1.94204e-36
9.87585e-36
-1.81765e-36
-2.821e-35
-5.84783e-36
7.55221e-35
4.66359e-35
-1.87012e-34
-2.06049e-34
4.16819e-34
7.39385e-34
-7.83384e-34
-2.3342e-33
9.83159e-34
6.6437e-33
6.58585e-34
-1.70833e-32
-1.0379e-32
3.90211e-32
4.73347e-32
-7.52019e-32
-1.62217e-31
1.02432e-31
4.6987e-31
8.52367e-33
-1.17951e-30
-7.14664e-31
2.52211e-30
3.3059e-30
-4.22196e-30
-1.07915e-29
3.56383e-30
2.87053e-29
9.9393e-30
-6.31771e-29
-6.61314e-29
1.07563e-28
2.32162e-28
-9.63869e-29
-6.20001e-28
-2.11082e-28
1.31225e-27
1.44899e-27
-2.0098e-27
-4.87318e-27
1.01318e-27
1.20458e-26
6.89843e-27
-2.22821e-26
-3.32317e-26
2.43035e-26
9.49985e-26
2.22107e-26
-1.96903e-25
-2.11748e-25
2.68053e-25
6.87135e-25
-1.68877e-26
-1.48002e-24
-1.29282e-24
1.96182e-24
4.9904e-24
1.85126e-25
-1.25791e-23
-9.05012e-24
2.32974e-23
2.27043e-23
-2.30271e-23
