ordre_1
1.4013e-45
2.8026e-45
4.2039e-45
5.60519e-45
7.00649e-45
8.40779e-45
9.80909e-45
1.12104e-44
1.26117e-44
1.4013e-44
1.54143e-44
1.68156e-44
1.82169e-44
1.96182e-44
2.10195e-44
2.24208e-44
2.38221e-44
2.52234e-44
2.66247e-44
2.8026e-44
2.94273e-44
3.08286e-44
3.22299e-44
3.36312e-44
3.50325e-44
3.64338e-44
3.78351e-44
3.92364e-44
4.06377e-44
4.2039e-44
4.34403e-44
4.48416e-44
4.62428e-44
4.76441e-44
4.90454e-44
5.04467e-44
5.1848e-44
5.32493e-44
5.46506e-44
5.60519e-44
5.74532e-44
5.88545e-44
6.02558e-44
6.16571e-44
6.30584e-44
6.44597e-44
6.5861e-44
6.72623e-44
6.86636e-44
7.00649e-44
7.14662e-44
7.28675e-44
7.42688e-44
7.56701e-44
7.70714e-44
7.84727e-44
7.9874e-44
8.12753e-44
8.26766e-44
8.40779e-44
8.54792e-44
8.68805e-44
8.82818e-44
8.96831e-44
9.3887e-44
1.23314e-43
2.70451e-43
9.47278e-43
3.97268e-42
1.72388e-41
7.43963e-41
3.16385e-40
1.32336e-39
5.44283e-39
2.20135e-38
8.75667e-38
3.42646e-37
1.31911e-36
4.99711e-36
1.86304e-35
6.83697e-35
2.47004e-34
8.7864e-34
3.07782e-33
1.06185e-32
3.60855e-32
1.20811e-31
3.98513e-31
1.29537e-30
4.14974e-30
1.3103e-29
4.07849e-29
1.25157e-28
3.78696e-28
1.12993e-27
3.325e-27
9.65058e-27
2.76303e-26
7.80429e-26
2.17492e-25
5.98077e-25
