ordre_2
-7.45092e-08
-9.45637e-09
4.75131e-07
1.26702e-06
2.2988e-06
3.79235e-06
6.12116e-06
9.77375e-06
1.54483e-05
2.41708e-05
3.74369e-05
5.73991e-05
8.71182e-05
0.000130892
0.000194681
0.000286641
0.000417792
0.000602823
0.000861053
0.00121754
0.00170432
0.00236175
0.00323991
0.0044
0.00591551
0.00787326
0.0103739
0.0135317
0.0174739
0.0223386
0.0282716
0.0354224
0.0439376
0.0539547
0.065593
0.0789445
0.0940641
0.11096
0.129583
0.14982
0.171488
0.194332
0.218021
0.242158
0.266286
0.289898
0.312457
0.333417
0.352238
0.368415
0.381498
0.391114
0.39698
0.398925
0.396892
0.390941
0.38125
0.368103
0.351877
0.333023
0.312048
0.289489
0.265894
0.241797
0.217701
0.19406
0.17127
0.149656
0.129473
0.1109
0.09405
0.0789691
0.065649
0.0540348
0.0440344
0.0355293
0.0283829
0.0224493
0.0175804
0.013631
0.0104643
0.00795369
0.0059856
0.00445992
0.00329024
0.00240331
0.00173809
0.00124457
0.000882368
0.000619389
0.000430489
0.000296241
0.000201843
0.000136166
9.09518e-05
6.01506e-05
3.93874e-05
2.5534e-05
1.6417e-05
1.02568e-05
7.40471e-06
