ordre_1
1.4013e-45
2.8026e-45
4.2039e-45
5.60519e-45
7.00649e-45
8.40779e-45
9.80909e-45
1.12104e-44
1.26117e-44
1.4013e-44
1.54143e-44
1.68156e-44
1.82169e-44
1.96182e-44
2.10195e-44
2.24208e-44
2.38221e-44
2.52234e-44
2.66247e-44
2.8026e-44
2.94273e-44
3.08286e-44
3.22299e-44
3.36312e-44
3.50325e-44
3.64338e-44
3.78351e-44
3.92364e-44
4.06377e-44
4.2039e-44
4.34403e-44
4.48416e-44
4.62428e-44
4.76441e-44
4.90454e-44
5.04467e-44
5.74532e-44
1.09301e-43
4.58225e-43
2.62043e-42
1.56147e-41
9.14291e-41
5.21455e-40
2.89406e-39
1.56345e-38
8.22517e-38
4.216e-37
2.10644e-36
1.02632e-35
4.8785e-35
2.26326e-34
1.02517e-33
4.53561e-33
1.96069e-32
8.28445e-32
3.42253e-31
1.38292e-30
5.46703e-30
2.11513e-29
8.01086e-29
2.97099e-28
1.07924e-27
3.84103e-27
1.33967e-26
4.58008e-26
1.53526e-25
5.04685e-25
1.62738e-24
5.14855e-24
1.59845e-23
4.87105e-23
1.45728e-22
4.28104e-22
1.23516e-21
3.50067e-21
9.74793e-21
2.66739e-20
7.17386e-20
1.89666e-19
4.93026e-19
1.2603e-18
3.16862e-18
7.8368e-18
1.90699e-17
4.56643e-17
1.0762e-16
2.49672e-16
5.70271e-16
1.28263e-15
2.84119e-15
6.19946e-15
1.33271e-14
2.82309e-14
5.89377e-14
1.21289e-13
2.46086e-13
4.92346e-13
9.71527e-13
1.89115e-12
3.63217e-12
6.88444e-12
