ordre_2
2.72672e-27
-1.81276e-26
-2.53724e-26
1.04247e-25
1.34516e-25
-4.35194e-25
-6.06409e-25
1.55175e-24
2.5055e-24
-4.9231e-24
-9.69405e-24
1.39253e-23
3.5328e-23
-3.4043e-23
-1.2122e-22
6.4487e-23
3.90035e-22
-4.77172e-23
-1.16753e-21
-3.39875e-22
3.20641e-21
2.40044e-21
-7.87153e-21
-1.04777e-20
1.63125e-20
3.69617e-20
-2.38361e-20
-1.1162e-19
-1.64089e-21
2.90103e-19
1.82025e-19
-6.27514e-19
-8.68203e-19
9.98287e-19
2.84313e-18
-4.71421e-19
-7.29031e-18
-4.21344e-18
1.43494e-17
2.10641e-17
-1.73456e-17
-6.32312e-17
-1.14848e-17
1.35977e-16
1.41979e-16
-1.84648e-16
-4.81932e-16
-2.25337e-17
1.04355e-15
1.02159e-15
-1.29881e-15
-3.45186e-15
-6.03076e-16
6.71672e-15
8.04955e-15
-5.75611e-15
-2.26386e-14
-1.20818e-14
3.31451e-14
6.03709e-14
4.50965e-17
-1.19893e-13
-1.35556e-13
7.92506e-14
3.54767e-13
2.63887e-13
-3.63594e-13
-9.36802e-13
-4.56832e-13
1.18319e-12
2.31737e-12
7.4798e-13
-3.26305e-12
-5.54858e-12
-1.37575e-12
8.04435e-12
1.31066e-11
3.52781e-12
-1.79385e-11
-3.06181e-11
-1.17176e-11
3.54574e-11
6.96169e-11
3.99517e-11
-5.76492e-11
-1.48939e-10
-1.23945e-10
5.73927e-11
2.8354e-10
3.34222e-10
5.97232e-11
-4.31123e-10
-7.54536e-10
-5.08252e-10
3.47256e-10
1.34348e-09
1.55207e-09
5.3658e-10
-1.19986e-09
-3.86663e-09
-1.90908e-09
