ordre_2
4.81824e-34
-6.40932e-35
-4.29496e-33
1.12314e-34
2.10455e-32
1.45516e-33
-8.5544e-32
-1.6117e-32
3.14412e-31
1.05709e-31
-1.07724e-30
-5.55982e-31
3.48076e-30
2.55653e-30
-1.06318e-29
-1.0672e-29
3.05646e-29
4.12315e-29
-8.17031e-29
-1.48954e-28
1.9789e-28
5.05636e-28
-4.0852e-28
-1.61435e-27
5.83172e-28
4.83446e-27
2.59151e-28
-1.34821e-26
-6.42075e-27
3.45117e-26
3.31547e-26
-7.87559e-26
-1.27276e-25
1.49389e-25
4.14882e-25
-1.8198e-25
-1.18879e-24
-1.68462e-25
2.99551e-24
2.13632e-24
-6.44204e-24
-9.26834e-24
1.06926e-23
2.99405e-23
-7.82552e-24
-7.94435e-23
-3.28433e-23
1.73021e-22
1.98041e-22
-2.82134e-22
-6.76536e-22
1.89938e-22
1.74986e-21
8.49822e-22
-3.47648e-21
-4.65328e-21
4.46169e-21
1.4285e-20
1.20667e-21
-3.16588e-20
-2.88872e-20
4.73079e-20
1.05039e-19
-1.52e-20
-2.46407e-19
-1.84229e-19
3.75737e-19
7.42568e-19
-1.3338e-19
-1.72547e-18
-1.33675e-18
2.40689e-18
5.15142e-18
-5.66548e-20
-1.08533e-17
-1.06916e-17
1.17255e-17
3.39653e-17
1.09172e-17
-5.7849e-17
-8.28742e-17
2.85926e-17
1.96617e-16
1.55899e-16
-2.18954e-16
-5.48792e-16
-1.82276e-16
8.63406e-16
1.33081e-15
-1.32236e-16
-2.70331e-15
-2.92236e-15
1.74926e-15
7.51977e-15
5.48575e-15
-6.51457e-15
-1.88276e-14
-1.38224e-14
2.73602e-14
5.0606e-14
-1.76915e-14
