ordre_1
1.4013e-45
2.8026e-45
4.2039e-45
5.60519e-45
7.00649e-45
8.40779e-45
9.80909e-45
1.12104e-44
1.26117e-44
1.4013e-44
1.54143e-44
3.08286e-44
2.90069e-43
3.71624e-42
4.55408e-41
5.19189e-40
5.51859e-39
5.4896e-38
5.12804e-37
4.51224e-36
3.75022e-35
2.95136e-34
2.20426e-33
1.56555e-32
1.05937e-31
6.84142e-31
4.22329e-30
2.4957e-29
1.41371e-28
7.68597e-28
4.01527e-27
2.01782e-26
9.76442e-26
4.55431e-25
2.04929e-24
8.90346e-24
3.73796e-23
1.51762e-22
5.96287e-22
2.26887e-21
8.36576e-21
2.99099e-20
1.03752e-19
3.49374e-19
1.14272e-18
3.63221e-18
1.12254e-17
3.37475e-17
9.87413e-17
2.81302e-16
7.80649e-16
2.11125e-15
5.56682e-15
1.43168e-14
3.59278e-14
8.80126e-14
2.10555e-13
4.92119e-13
1.12418e-12
2.511e-12
5.48632e-12
1.17307e-11
2.45564e-11
5.03494e-11
1.01161e-10
1.99261e-10
3.84975e-10
7.29898e-10
1.35874e-09
2.48476e-09
4.46632e-09
7.89549e-09
1.3735e-08
2.35265e-08
3.9704e-08
6.60587e-08
1.08422e-07
1.75656e-07
2.81086e-07
4.44538e-07
6.9522e-07
1.07577e-06
1.64791e-06
2.50015e-06
3.75849e-06
5.60072e-06
8.27581e-06
1.21295e-05
1.76381e-05
2.54527e-05
3.64552e-05
5.18316e-05
7.31622e-05
0.000102535
0.000142687
0.000197171
0.00027056
0.000368689
0.00049893
0.000670517
0.0008949
