ordre_2
-6.72002e-38
-3.64762e-37
5.84527e-37
2.19088e-36
-2.72244e-36
-9.85973e-36
1.0201e-35
3.93108e-35
-3.32158e-35
-1.46e-34
9.50129e-35
5.15372e-34
-2.30192e-34
-1.74393e-33
4.02343e-34
5.67352e-33
-3.44185e-36
-1.77375e-32
-4.40575e-33
5.31229e-32
2.79061e-32
-1.51487e-31
-1.28307e-31
4.07047e-31
5.07151e-31
-1.01173e-30
-1.81337e-30
2.24144e-30
5.98405e-30
-4.02374e-30
-1.83558e-29
3.70906e-30
5.23002e-29
1.23838e-29
-1.3726e-28
-9.60537e-29
3.25224e-28
4.12975e-28
-6.64028e-28
-1.42664e-27
1.01654e-27
4.26764e-27
-3.59549e-28
-1.12423e-26
-5.35204e-27
2.5726e-26
2.85655e-26
-4.82158e-26
-1.01001e-25
5.87131e-26
2.8828e-25
3.7927e-26
-6.85898e-25
-5.44282e-25
1.30856e-24
2.20965e-24
-1.63225e-24
-6.449e-24
-6.92067e-25
1.48226e-23
1.2501e-23
-2.55625e-23
-4.85243e-23
2.24049e-23
1.29744e-22
5.0269e-23
-2.57452e-22
-3.22176e-22
3.21321e-22
9.9311e-22
1.08965e-22
-2.12795e-21
-2.06597e-21
2.91869e-21
7.10997e-21
-8.9068e-23
-1.55836e-20
-1.39396e-20
2.08634e-20
4.92777e-20
1.55797e-21
-1.03351e-19
-1.02126e-19
1.19143e-19
3.30148e-19
7.64533e-20
-6.07986e-19
-7.69299e-19
4.65975e-19
2.06163e-18
1.17324e-18
-2.9947e-18
-5.38676e-18
2.48553e-19
1.04801e-17
1.20636e-17
-7.41682e-18
-3.81344e-17
-1.65322e-17
6.47429e-17
3.53157e-17
