ordre_2
-1.4013e-45
-2.8026e-45
-2.8026e-45
-1.4013e-45
0
1.4013e-45
1.4013e-45
0
-1.4013e-45
-2.8026e-45
-2.8026e-45
-1.4013e-45
0
1.4013e-45
1.4013e-45
2.8026e-45
1.4013e-45
0
-1.4013e-45
-2.8026e-45
-4.2039e-45
-5.60519e-45
-5.60519e-45
-4.2039e-45
-2.8026e-45
-1.4013e-45
-1.4013e-45
-0
-0
-1.4013e-45
-2.8026e-45
-4.2039e-45
-5.60519e-45
-7.00649e-45
-7.00649e-45
-5.60519e-45
-4.2039e-45
-2.8026e-45
-1.4013e-45
-1.4013e-45
-8.40779e-45
-1.82169e-44
-1.12104e-44
1.26117e-44
5.60519e-45
-5.1848e-44
-4.48416e-44
1.21913e-43
1.63952e-43
-2.73253e-43
-5.66125e-43
5.01665e-43
1.725e-42
-6.3619e-43
-4.89614e-42
-4.1058e-43
1.28597e-41
6.80751e-42
-3.09743e-41
-3.21808e-41
6.6465e-41
1.1584e-40
-1.17981e-40
-3.59185e-40
1.28587e-40
9.93846e-40
1.73841e-40
-2.46558e-39
-1.73365e-39
5.3818e-39
7.29907e-39
-9.70131e-39
-2.37932e-38
1.12308e-38
6.61027e-38
9.5831e-39
-1.59465e-37
-1.17332e-37
3.26395e-37
4.87245e-37
-5.12196e-37
-1.51778e-36
3.30873e-37
3.92896e-36
1.60984e-36
-8.49494e-36
-9.1494e-36
1.41986e-35
3.0879e-35
-1.15528e-35
-8.19621e-35
-3.57767e-35
1.80366e-34
2.30145e-34
-3.27744e-34
-7.90741e-34
4.72105e-34
1.98893e-33
-4.95516e-34
-3.35839e-33
2.93058e-34
