ordre_2
4.1016e-42
2.22975e-41
-3.58438e-41
-1.33908e-40
1.68552e-40
6.02756e-40
-6.42019e-40
-2.40584e-39
2.14713e-39
8.95933e-39
-6.42407e-39
-3.1787e-38
1.69424e-38
1.08469e-37
-3.6738e-38
-3.57423e-37
4.74589e-38
1.13831e-36
9.94237e-38
-3.49921e-36
-1.14324e-36
1.0348e-35
6.15123e-36
-2.92699e-35
-2.6543e-35
7.84405e-35
1.01555e-34
-1.95929e-34
-3.57055e-34
4.41856e-34
1.17127e-33
-8.33006e-34
-3.60577e-33
9.6725e-34
1.04158e-32
1.48284e-33
-2.80716e-32
-1.58544e-32
6.96387e-32
7.36421e-32
-1.545e-31
-2.68691e-31
2.8559e-31
8.50628e-31
-3.36399e-31
-2.40411e-30
-3.49358e-31
6.07442e-30
4.1309e-30
-1.34218e-29
-1.79893e-29
2.41814e-29
5.95042e-29
-2.66394e-29
-1.65508e-28
-3.24669e-29
3.93038e-28
3.23784e-28
-7.67955e-28
-1.28639e-27
1.04811e-27
3.82465e-27
4.09814e-30
-9.23847e-27
-6.33787e-27
1.77233e-26
2.75802e-26
-2.24058e-26
-8.13535e-26
-6.78253e-27
1.85535e-25
1.54901e-25
-3.13257e-25
-5.986e-25
2.55957e-25
1.57284e-24
6.6639e-25
-3.03735e-24
-3.9769e-24
3.57406e-24
1.18878e-23
1.98939e-24
-2.47302e-23
-2.55718e-23
3.22704e-23
8.4395e-23
4.37297e-24
-1.80625e-22
-1.72172e-22
2.37407e-22
5.80451e-22
2.2474e-23
-1.16932e-21
-1.19367e-21
1.1954e-21
4.07886e-21
1.3867e-21
-8.94808e-21
-8.56736e-21
1.31258e-20
1.20065e-20
