ordre_2
-1.4013e-45
-2.8026e-45
-2.8026e-45
-1.4013e-45
-2.8026e-45
-9.80909e-45
-1.4013e-45
2.66247e-44
2.8026e-45
-9.52883e-44
-2.66247e-44
3.11088e-43
1.20512e-43
-1.03556e-42
-5.5071e-43
3.29025e-42
2.33036e-42
-1.00641e-41
-9.26118e-42
2.95996e-41
3.48419e-41
-8.33703e-41
-1.25198e-40
2.22689e-40
4.31167e-40
-5.54525e-40
-1.42596e-39
1.24301e-39
4.53085e-39
-2.29189e-39
-1.38155e-38
2.29334e-39
4.03115e-38
6.77691e-39
-1.1197e-37
-5.81369e-38
2.93421e-37
2.69948e-37
-7.13989e-37
-1.02137e-36
1.56334e-36
3.42835e-36
-2.85288e-36
-1.05091e-35
3.19868e-36
2.96856e-35
4.70291e-36
-7.70558e-35
-4.83027e-35
1.80958e-34
2.14484e-34
-3.69365e-34
-7.44751e-34
5.82351e-34
2.23025e-33
-3.3077e-34
-5.90716e-33
-2.35778e-33
1.37571e-32
1.36813e-32
-2.70151e-32
-5.00238e-32
3.85183e-32
1.47834e-31
-6.95575e-33
-3.70737e-31
-2.11946e-31
7.79224e-31
1.01376e-30
-1.25037e-30
-3.27878e-30
8.67196e-31
8.48986e-30
3.65099e-30
-1.78353e-29
-2.10471e-29
2.76713e-29
6.9402e-29
-1.56419e-29
-1.74273e-28
-9.08376e-29
3.38644e-28
4.64828e-28
-4.31205e-28
-1.40621e-27
-9.20933e-29
3.16769e-27
2.66324e-27
-5.11591e-27
-9.90981e-27
3.34552e-27
2.42698e-26
1.42799e-26
-4.15232e-26
-7.50638e-26
3.68046e-26
2.2141e-25
4.12139e-26
-4.60568e-25
-1.87537e-25
4.87213e-25
