ordre_2
-1.4013e-45
-2.8026e-45
-2.8026e-45
-1.4013e-45
0
1.4013e-45
1.4013e-45
0
-1.4013e-45
-2.8026e-45
-2.8026e-45
-1.4013e-45
0
1.4013e-45
1.4013e-45
2.8026e-45
1.4013e-45
0
-1.4013e-45
-2.8026e-45
-4.2039e-45
-5.60519e-45
-5.60519e-45
-4.2039e-45
-2.8026e-45
-1.4013e-45
-1.4013e-45
-0
-0
-1.4013e-45
-2.8026e-45
-4.2039e-45
-5.60519e-45
-7.00649e-45
-7.00649e-45
-5.60519e-45
-4.2039e-45
-2.8026e-45
-1.4013e-45
-1.4013e-45
-2.8026e-45
-4.2039e-45
-5.60519e-45
-7.00649e-45
-7.00649e-45
-8.40779e-45
-9.80909e-45
-1.12104e-44
-1.26117e-44
-1.4013e-44
-1.4013e-44
-1.4013e-44
-1.26117e-44
-1.12104e-44
-9.80909e-45
-8.40779e-45
-8.40779e-45
-7.00649e-45
-5.60519e-45
-4.2039e-45
-2.8026e-45
-2.8026e-45
-4.2039e-45
-5.60519e-45
-7.00649e-45
-8.40779e-45
-9.80909e-45
-1.12104e-44
-1.26117e-44
-1.4013e-44
-1.12104e-44
2.8026e-45
8.40779e-45
-1.12104e-44
-3.36312e-44
5.60519e-45
7.00649e-44
-5.60519e-45
-2.22806e-43
-1.47136e-43
4.44212e-43
5.68927e-43
-8.43582e-43
-1.89456e-42
1.03976e-42
5.20723e-42
4.90454e-43
-1.23805e-41
-9.21214e-42
2.47497e-41
4.08184e-41
-3.78673e-41
-1.34899e-40
2.64383e-41
3.75647e-40
8.03028e-41
-8.95402e-40
-3.9201e-40
1.71185e-39
8.16436e-40
-1.759e-39
