ordre_2
-1.4013e-45
-2.8026e-45
-2.8026e-45
-1.4013e-45
0
1.4013e-45
1.4013e-45
0
-1.4013e-45
-2.8026e-45
-2.8026e-45
-1.4013e-45
0
1.4013e-45
1.4013e-45
2.8026e-45
1.4013e-45
0
-1.4013e-45
-2.8026e-45
-4.2039e-45
-5.60519e-45
-5.60519e-45
-4.2039e-45
-2.8026e-45
-1.4013e-45
-1.4013e-45
-0
-0
-1.4013e-45
-2.8026e-45
-4.2039e-45
-5.60519e-45
-7.00649e-45
-7.00649e-45
-5.60519e-45
-4.2039e-45
-2.8026e-45
-1.4013e-45
-1.4013e-45
-2.8026e-45
-4.2039e-45
-5.60519e-45
-7.00649e-45
-7.00649e-45
-8.40779e-45
-9.80909e-45
-1.12104e-44
-1.26117e-44
-1.4013e-44
-1.4013e-44
-1.4013e-44
-1.26117e-44
-1.12104e-44
-1.26117e-44
-2.10195e-44
-2.38221e-44
-8.40779e-45
9.80909e-45
-8.40779e-45
-4.76441e-44
-5.60519e-45
1.24716e-43
6.72623e-44
-2.99878e-43
-3.30706e-43
6.01157e-43
1.11964e-42
-1.04116e-42
-3.42758e-42
9.51482e-43
9.28781e-42
2.33456e-42
-2.25189e-41
-1.7882e-41
4.75867e-41
7.12252e-41
-8.1145e-41
-2.25198e-40
7.80719e-41
6.11047e-40
1.5052e-40
-1.44031e-39
-1.19272e-39
2.85602e-39
4.56001e-39
-4.15608e-39
-1.34871e-38
1.11801e-39
3.34058e-38
2.14377e-38
-6.97954e-38
-1.06662e-37
1.18422e-37
3.54402e-37
-1.44262e-37
-9.32207e-37
7.02815e-38
1.88601e-36
1.19412e-37
-1.98979e-36
