ordre_1
1.4013e-45
2.8026e-45
4.2039e-45
5.60519e-45
7.00649e-45
8.40779e-45
9.80909e-45
1.12104e-44
1.82169e-44
1.59748e-43
2.49291e-42
3.68345e-41
4.9707e-40
6.15578e-39
7.03655e-38
7.46197e-37
7.37373e-36
6.81629e-35
5.91465e-34
4.83239e-33
3.72768e-32
2.72166e-31
1.88506e-30
1.24107e-29
7.78145e-29
4.65436e-28
2.65999e-27
1.45464e-26
7.622e-26
3.8315e-25
1.84996e-24
8.58862e-24
3.83793e-23
1.65235e-22
6.86005e-22
2.74883e-21
1.06393e-20
3.98063e-20
1.44073e-19
5.04786e-19
1.7132e-18
5.6359e-18
1.79818e-17
5.56761e-17
1.67385e-16
4.88892e-16
1.38798e-15
3.83225e-15
1.02953e-14
2.69249e-14
6.85814e-14
1.70218e-13
4.11867e-13
9.72e-13
2.23841e-12
5.03248e-12
1.10511e-11
2.37148e-11
4.97559e-11
1.02118e-10
2.05124e-10
4.03487e-10
7.77643e-10
1.46934e-09
2.72342e-09
4.95481e-09
8.85403e-09
1.55504e-08
2.68613e-08
4.56666e-08
7.64652e-08
1.26192e-07
2.05406e-07
3.3e-07
5.23641e-07
8.21222e-07
1.27371e-06
1.95487e-06
2.9706e-06
4.47158e-06
6.67054e-06
9.86531e-06
1.44695e-05
2.10527e-05
3.0393e-05
4.35443e-05
6.1922e-05
8.74103e-05
0.000122496
0.000170432
0.000235436
0.000322924
0.00043979
0.000594725
0.000798577
0.00106476
0.0014097
0.00185327
0.00241932
0.00313611
0.00403676
