ordre_2
-1.4013e-45
-2.8026e-45
-2.8026e-45
-1.4013e-45
0
1.4013e-45
1.4013e-45
0
-1.4013e-45
-2.8026e-45
-2.8026e-45
-1.4013e-45
0
1.4013e-45
1.4013e-45
2.8026e-45
1.4013e-45
0
-1.4013e-45
-2.8026e-45
-4.2039e-45
-5.60519e-45
-5.60519e-45
-4.2039e-45
-2.8026e-45
-1.4013e-45
-1.4013e-45
-0
-0
-1.4013e-45
-2.8026e-45
-4.2039e-45
-5.60519e-45
-7.00649e-45
-7.00649e-45
-5.60519e-45
-4.2039e-45
-2.8026e-45
-1.4013e-45
-1.4013e-45
-2.8026e-45
-1.4013e-45
2.8026e-45
2.8026e-45
-1.26117e-44
-2.24208e-44
1.4013e-45
2.24208e-44
-2.52234e-44
-9.66896e-44
1.96182e-44
2.64845e-43
5.60519e-44
-6.99248e-43
-4.54021e-43
1.66194e-42
1.91698e-42
-3.58732e-42
-6.68559e-42
6.45158e-42
2.05837e-41
-7.3372e-42
-5.73944e-41
-8.48206e-42
1.45205e-40
9.3943e-41
-3.28246e-40
-4.09244e-40
6.32335e-40
1.37867e-39
-8.85098e-40
-3.98275e-39
8.51163e-41
1.01142e-38
5.41129e-39
-2.23464e-38
-2.63182e-38
4.05562e-38
8.94011e-38
-4.78149e-38
-2.50795e-37
-3.2676e-38
6.00324e-37
4.43818e-37
-1.19718e-36
-1.80293e-36
1.74834e-36
5.37559e-36
-5.4351e-37
-1.30432e-35
-8.38653e-36
2.57165e-35
4.14974e-35
-3.76742e-35
-1.35742e-34
2.55153e-35
3.51316e-34
5.42245e-35
-7.01618e-34
-1.89435e-34
7.34928e-34
