u_np1_2nd_order
1.30225e-08
-2.81416e-08
-1.30336e-07
-1.00256e-07
2.2429e-07
8.21744e-07
1.65564e-06
2.84254e-06
4.65521e-06
7.49635e-06
1.19388e-05
1.88186e-05
2.93599e-05
4.53382e-05
6.9298e-05
0.00010484
0.000156997
0.00023271
0.000341429
0.000495849
0.000712802
0.00101429
0.00142866
0.00199193
0.00274918
0.00375592
0.00507947
0.00680003
0.00901152
0.0118217
0.015352
0.0197356
0.0251154
0.0316402
0.0394592
0.0487158
0.0595397
0.072038
0.0862853
0.102314
0.120104
0.139575
0.160578
0.182894
0.206226
0.230211
0.254417
0.278359
0.301515
0.323337
0.34328
0.36082
0.375476
0.386835
0.394569
0.398453
0.398371
0.394329
0.386447
0.37496
0.3602
0.342585
0.322597
0.300762
0.277623
0.253724
0.229583
0.205682
0.182443
0.160228
0.139325
0.11995
0.102248
0.0862964
0.0721135
0.0596661
0.0488794
0.0396474
0.0318415
0.02532
0.0199355
0.0155412
0.0119961
0.00916831
0.00693805
0.00519858
0.00385684
0.00283322
0.00206077
0.00148417
0.00105838
0.000747319
0.000522488
0.000361704
0.000247936
0.00016828
0.000113098
7.52344e-05
4.97127e-05
3.17605e-05
2.37246e-05
