ordre_2
-2.08488e-18
-1.10821e-17
1.68468e-17
6.66131e-17
-6.58132e-17
-2.9604e-16
1.69148e-16
1.12995e-15
-1.71227e-16
-3.8092e-15
-1.13209e-15
1.12315e-14
9.17323e-15
-2.77715e-14
-4.24142e-14
5.09635e-14
1.4888e-13
-3.30399e-14
-4.12545e-13
-2.28018e-13
8.55117e-13
1.26582e-12
-9.84243e-13
-3.87984e-12
-1.2717e-12
7.68472e-12
1.04102e-11
-6.48149e-12
-2.94302e-11
-1.76884e-11
4.2493e-11
8.47395e-11
1.17486e-11
-1.5596e-10
-2.13145e-10
3.71805e-11
4.54618e-10
5.21951e-10
-1.47434e-10
-1.15064e-09
-1.32765e-09
1.5787e-10
2.53272e-09
3.43604e-09
8.5527e-10
-4.39643e-09
-8.17098e-09
-5.74476e-09
3.76744e-09
1.50369e-08
1.89396e-08
8.91754e-09
-1.30349e-08
-3.54649e-08
-4.30972e-08
-2.59441e-08
1.37013e-08
6.07497e-08
9.36787e-08
9.42234e-08
5.53142e-08
-1.63591e-08
-1.03635e-07
-1.85679e-07
-2.44808e-07
-2.70589e-07
-2.60093e-07
-2.14758e-07
-1.35025e-07
-1.3737e-08
1.71546e-07
4.6833e-07
9.63477e-07
1.80565e-06
3.24063e-06
5.66519e-06
9.70703e-06
1.63411e-05
2.70563e-05
4.40891e-05
7.07441e-05
0.00011182
0.000174166
0.000267391
0.000404758
0.000604224
0.000889825
0.00129279
0.00185408
0.00262334
0.0036682
0.00505436
0.00690598
0.00924417
0.0124264
0.0159662
0.0216617
0.025367
0.0383631
0.0323901
0.0794299
