ordre_2
-1.4013e-45
-2.8026e-45
-2.8026e-45
-1.4013e-45
0
1.4013e-45
1.4013e-45
0
-1.4013e-45
-2.8026e-45
-2.8026e-45
-1.4013e-45
0
1.4013e-45
1.4013e-45
2.8026e-45
1.4013e-45
0
-1.4013e-45
-2.8026e-45
-4.2039e-45
-5.60519e-45
-5.60519e-45
-4.2039e-45
-2.8026e-45
-1.4013e-45
-1.4013e-45
-2.8026e-45
-1.12104e-44
-1.96182e-44
-0
2.8026e-44
-1.54143e-44
-9.66896e-44
8.40779e-45
2.77457e-43
6.5861e-44
-7.65109e-43
-4.30199e-43
2.01086e-42
1.89736e-42
-4.95079e-42
-7.05554e-42
1.11165e-41
2.36105e-41
-2.15478e-41
-7.30343e-41
2.97271e-41
2.10439e-40
6.41795e-42
-5.64663e-40
-2.59026e-40
1.39817e-39
1.31061e-39
-3.12317e-39
-4.90145e-39
5.95218e-39
1.57007e-38
-8.03115e-39
-4.48952e-38
-1.39366e-39
1.1563e-37
6.2694e-38
-2.65033e-37
-3.00143e-37
5.17216e-37
1.04403e-36
-7.40522e-37
-3.05229e-36
1.49261e-37
7.75505e-36
4.10188e-36
-1.69616e-35
-2.02298e-35
2.99445e-35
6.80834e-35
-3.19718e-35
-1.86773e-34
-3.93078e-35
4.30198e-34
3.73362e-34
-8.01099e-34
-1.43284e-33
9.91106e-34
4.10968e-33
3.46648e-34
-9.51159e-33
-7.17888e-33
1.70576e-32
2.86286e-32
-1.74738e-32
-8.10443e-32
-2.57053e-32
1.84654e-31
2.10848e-31
-3.46597e-31
-7.20287e-31
5.28343e-31
1.63859e-30
-5.99043e-31
-1.81499e-30
