ordre_2
-5.99687e-15
4.0635e-14
5.98088e-14
-2.12724e-13
-3.43655e-13
7.2595e-13
1.59248e-12
-1.68909e-12
-6.11818e-12
1.41433e-12
1.90182e-11
9.88728e-12
-4.42157e-11
-6.30995e-11
5.68474e-11
2.09538e-10
7.08238e-11
-4.14884e-10
-6.11283e-10
2.205e-10
1.57051e-09
1.46761e-09
-1.32233e-09
-4.64721e-09
-3.78119e-09
3.41836e-09
1.18867e-08
1.16358e-08
-2.85999e-09
-2.43169e-08
-3.46617e-08
-1.81974e-08
2.39062e-08
7.0009e-08
8.92202e-08
5.98757e-08
-1.73018e-08
-1.19205e-07
-2.11805e-07
-2.64599e-07
-2.59446e-07
-1.90021e-07
-5.33772e-08
1.62488e-07
4.92218e-07
1.0077e-06
1.83627e-06
3.18701e-06
5.39073e-06
8.96029e-06
1.46791e-05
2.37276e-05
3.78598e-05
5.96445e-05
9.27901e-05
0.00014257
0.000216371
0.000324386
0.000480473
0.000703175
0.00101693
0.00145342
0.00205305
0.00286654
0.00395641
0.0053984
0.00728256
0.00971378
0.0128118
0.0167101
0.0215537
0.0274961
0.0346937
0.0433
0.0534574
0.0652881
0.0788843
0.0942976
0.111529
0.130518
0.151137
0.173186
0.196386
0.220388
0.244771
0.269059
0.292729
0.315235
0.336023
0.354557
0.370341
0.382938
0.392007
0.397254
0.398679
0.395754
0.390283
0.376665
0.374669
0.32004
0.425874
