ordre_2
1.55954e-25
-3.39999e-25
-1.40595e-24
1.85977e-24
7.03166e-24
-7.05853e-24
-2.93304e-23
2.12691e-23
1.10693e-22
-4.87732e-23
-3.87616e-22
5.45034e-23
1.26706e-21
2.31144e-22
-3.85144e-21
-2.09565e-21
1.07492e-20
1.05257e-20
-2.68294e-20
-4.2163e-20
5.64106e-20
1.45402e-19
-8.23479e-20
-4.40561e-19
-1.8274e-20
1.16614e-18
7.31387e-19
-2.60431e-18
-3.51813e-18
4.39792e-18
1.18273e-17
-2.95774e-18
-3.14345e-17
-1.53596e-17
6.51773e-17
8.63743e-17
-8.86636e-17
-2.74688e-16
-1.5244e-17
6.25036e-16
5.64961e-16
-9.35369e-16
-2.10188e-15
1.99513e-16
4.84356e-15
4.09316e-15
-6.64683e-15
-1.52798e-14
-8.64117e-16
3.15207e-14
3.39853e-14
-3.03815e-14
-1.02158e-13
-4.71943e-14
1.55848e-13
2.66749e-13
-1.1929e-14
-5.40275e-13
-5.98638e-13
3.49551e-13
1.56481e-12
1.20925e-12
-1.48877e-12
-4.09605e-12
-2.33595e-12
4.59487e-12
1.01244e-11
4.7598e-12
-1.1935e-11
-2.42263e-11
-1.13407e-11
2.69863e-11
5.64839e-11
3.16598e-11
-5.19081e-11
-1.26539e-10
-9.34326e-11
7.523e-11
2.62695e-10
2.629e-10
-3.44226e-11
-4.71858e-10
-6.57584e-10
-2.60353e-10
6.23748e-10
1.36928e-09
1.1885e-09
-1.99963e-10
-2.10446e-09
-3.08203e-09
-1.88387e-09
1.4302e-09
5.09354e-09
6.38999e-09
3.43819e-09
-3.14701e-09
-1.0496e-08
-1.26871e-08
-9.18811e-09
2.02903e-09
2.46619e-08
