ordre_2
9.80909e-45
-1.82169e-44
-8.12753e-44
1.09301e-43
3.95166e-43
-4.59626e-43
-1.65493e-42
1.65493e-42
6.3661e-42
-5.32634e-42
-2.31382e-41
1.54675e-41
8.07106e-41
-3.96371e-41
-2.7195e-40
8.26192e-41
8.87696e-40
-9.3461e-41
-2.8082e-39
-3.00413e-40
8.59762e-39
2.90363e-39
-2.53966e-38
-1.51198e-38
7.20069e-38
6.44126e-38
-1.9434e-37
-2.45307e-37
4.9234e-37
8.63061e-37
-1.14062e-36
-2.84615e-36
2.27863e-36
8.85054e-36
-3.23505e-36
-2.59724e-35
-8.16786e-37
7.1653e-35
3.07325e-35
-1.84066e-34
-1.60556e-34
4.31691e-34
6.2204e-34
-8.85096e-34
-2.06802e-33
1.40153e-33
6.15078e-33
-7.38536e-34
-1.6539e-32
-6.34138e-33
3.98796e-32
3.71395e-32
-8.34389e-32
-1.40333e-31
1.37117e-31
4.33984e-31
-1.03495e-31
-1.15668e-30
-4.12309e-31
2.65665e-30
2.62218e-30
-5.01015e-30
-9.58468e-30
6.35393e-30
2.75685e-29
2.20129e-30
-6.57039e-29
-4.87587e-29
1.26065e-28
2.02779e-28
-1.62795e-28
-5.9703e-28
-3.33075e-29
1.38933e-27
1.08008e-27
-2.47434e-27
-4.35187e-27
2.51751e-27
1.19967e-26
3.32552e-27
-2.50371e-26
-2.71101e-26
3.57273e-26
9.00975e-26
-8.11602e-27
-2.1049e-25
-1.55065e-25
3.46424e-25
6.32221e-25
-2.46752e-25
-1.57566e-24
-8.12664e-25
2.60361e-24
4.28182e-24
-1.55882e-24
-1.21242e-23
-6.8481e-24
2.51335e-23
2.71517e-23
-3.64065e-23
-3.53498e-23
