ordre_1
1.4013e-45
2.8026e-45
4.2039e-45
5.60519e-45
7.00649e-45
8.40779e-45
9.80909e-45
1.12104e-44
1.26117e-44
1.4013e-44
1.54143e-44
1.68156e-44
1.82169e-44
1.96182e-44
2.10195e-44
2.24208e-44
2.38221e-44
2.52234e-44
2.66247e-44
2.8026e-44
2.94273e-44
3.08286e-44
3.22299e-44
3.36312e-44
3.50325e-44
3.64338e-44
3.78351e-44
3.92364e-44
4.06377e-44
4.2039e-44
4.34403e-44
4.48416e-44
4.62428e-44
4.76441e-44
4.90454e-44
5.04467e-44
5.1848e-44
5.32493e-44
5.46506e-44
5.60519e-44
5.74532e-44
5.88545e-44
6.02558e-44
6.16571e-44
6.30584e-44
6.44597e-44
6.5861e-44
6.72623e-44
6.86636e-44
7.00649e-44
7.14662e-44
7.28675e-44
7.42688e-44
7.56701e-44
7.70714e-44
7.84727e-44
7.9874e-44
8.12753e-44
8.26766e-44
8.40779e-44
8.54792e-44
9.24857e-44
1.38729e-43
3.5593e-43
1.37748e-42
6.0452e-42
2.6954e-41
1.18869e-40
5.15671e-40
2.19821e-39
9.20728e-39
3.78985e-38
1.53327e-37
6.0982e-37
2.38477e-36
9.17135e-36
3.46923e-35
1.29098e-34
4.72678e-34
1.70309e-33
6.03952e-33
2.10827e-32
7.2456e-32
2.45193e-31
8.17123e-31
2.68209e-30
8.67208e-30
2.76245e-29
8.6705e-29
2.68179e-28
8.17507e-28
2.45638e-27
7.27596e-27
2.12483e-26
6.11856e-26
1.73745e-25
4.86589e-25
1.34415e-24
3.66278e-24
9.84698e-24
2.61196e-23
