ordre_2
-1.4013e-45
-2.8026e-45
-2.8026e-45
-1.4013e-45
0
1.4013e-45
1.4013e-45
0
-1.4013e-45
-2.8026e-45
-2.8026e-45
-1.4013e-45
0
1.4013e-45
1.4013e-45
2.8026e-45
1.4013e-45
0
-1.4013e-45
-2.8026e-45
-4.2039e-45
-5.60519e-45
-5.60519e-45
-4.2039e-45
-2.8026e-45
-1.4013e-45
-1.4013e-45
-0
-0
-1.4013e-45
-2.8026e-45
-4.2039e-45
-5.60519e-45
-2.8026e-45
5.60519e-45
1.12104e-44
-8.40779e-45
-3.08286e-44
8.40779e-45
7.28675e-44
-1.26117e-44
-2.28412e-43
-6.02558e-44
6.01157e-43
3.75548e-43
-1.52742e-42
-1.60869e-42
3.5649e-42
5.79577e-42
-7.36663e-42
-1.86947e-41
1.21296e-41
5.54017e-41
-8.69926e-42
-1.51762e-40
-4.43483e-41
3.82367e-40
2.9281e-40
-8.70278e-40
-1.18086e-39
1.70786e-39
3.91196e-39
-2.4974e-39
-1.13832e-38
6.37098e-40
2.96019e-38
1.38939e-38
-6.82357e-38
-7.21469e-38
1.33814e-37
2.56509e-37
-1.93882e-37
-7.54512e-37
5.30561e-38
1.91387e-36
9.92389e-37
-4.15256e-36
-4.95612e-36
7.20051e-36
1.66449e-35
-7.23945e-36
-4.53754e-35
-1.11667e-35
1.03527e-34
9.31441e-35
-1.89559e-34
-3.43404e-34
2.21158e-34
9.47322e-34
1.5903e-34
-2.08971e-33
-2.04238e-33
3.53003e-33
8.11003e-33
-3.5047e-33
-2.3541e-32
-2.59e-33
5.4004e-32
1.91326e-32
-8.67054e-32
-2.7117e-32
