ordre_1
7.68616e-32
6.58246e-30
2.78736e-28
7.78076e-27
1.61061e-25
2.63687e-24
3.55639e-23
4.06399e-22
4.01641e-21
3.48719e-20
2.69297e-19
1.86829e-18
1.17407e-17
6.72968e-17
3.53923e-16
1.71653e-15
7.71185e-15
3.22212e-14
1.2564e-13
4.58661e-13
1.57212e-12
5.07299e-12
1.54489e-11
4.45035e-11
1.21539e-10
3.15346e-10
7.78954e-10
1.83564e-09
4.13534e-09
8.92475e-09
1.84918e-08
3.68664e-08
7.08854e-08
1.31767e-07
2.37391e-07
4.15576e-07
7.08759e-07
1.1807e-06
1.92607e-06
3.08416e-06
4.8583e-06
7.54313e-06
1.15623e-05
1.75203e-05
2.62712e-05
3.90114e-05
5.7399e-05
8.37094e-05
0.000121032
0.000173518
0.000246684
0.000347784
0.000486255
0.000674232
0.000927145
0.00126439
0.00171007
0.00229374
0.00305122
0.00402533
0.00526661
0.00683379
0.00879416
0.0112235
0.0142058
0.0178324
0.0222001
0.0274098
0.0335631
0.0407591
0.04909
0.0586366
0.0694627
0.0816099
0.0950915
0.109888
0.125941
0.14315
0.161372
0.180415
0.200046
0.219987
0.239924
0.259515
0.278395
0.296191
0.312532
0.327061
0.339449
0.349408
0.3567
0.361147
0.362642
0.361147
0.3567
0.349408
0.339449
0.327061
0.312532
0.296191
0.278395
