ordre_1
5.28189e-21
2.62195e-19
6.38796e-18
1.01828e-16
1.19462e-15
1.10009e-14
8.2827e-14
5.24425e-13
2.85066e-12
1.35163e-11
5.66154e-11
2.11694e-10
7.12915e-10
2.17919e-09
6.08869e-09
1.56515e-08
3.72487e-08
8.25787e-08
1.71609e-07
3.36442e-07
6.26386e-07
1.11497e-06
1.91026e-06
3.17064e-06
5.12852e-06
8.12532e-06
1.26607e-05
1.94603e-05
2.95663e-05
4.4458e-05
6.62091e-05
9.76931e-05
0.000142845
0.000206993
0.000297267
0.000423104
0.00059684
0.00083441
0.00115615
0.00158767
0.00216082
0.00291469
0.00389654
0.00516276
0.00677953
0.00882335
0.0113811
0.0145496
0.0184346
0.0231492
0.0288108
0.0355381
0.0434462
0.0526415
0.0632156
0.0752386
0.0887518
0.103761
0.12023
0.138074
0.157156
0.177286
0.198216
0.219647
0.241231
0.262582
0.283281
0.302896
0.320992
0.337144
0.350963
0.362101
0.370273
0.375264
0.376942
0.375264
0.370273
0.362101
0.350963
0.337144
0.320991
0.302896
0.283281
0.262581
0.241231
0.219647
0.198216
0.177286
0.157156
0.138074
0.12023
0.103761
0.0887518
0.0752386
0.0632156
0.0526415
0.0434462
0.0355381
0.0288108
0.0231492
0.0184346
