ordre_2
-1.4013e-45
-2.8026e-45
-2.8026e-45
-1.4013e-45
0
1.4013e-45
1.4013e-45
-1.4013e-45
-1.54143e-44
-4.2039e-45
4.34403e-44
1.4013e-44
-1.54143e-43
-7.14662e-44
4.9606e-43
3.01279e-43
-1.55824e-42
-1.24015e-42
4.68734e-42
4.79384e-42
-1.35506e-41
-1.76564e-41
3.74035e-41
6.22205e-41
-9.74701e-41
-2.10576e-40
2.34457e-40
6.85009e-40
-4.96225e-40
-2.14162e-39
8.00808e-40
6.42404e-39
-2.65138e-40
-1.8422e-38
-5.4096e-39
5.01901e-38
3.29016e-38
-1.28528e-37
-1.3922e-37
3.03391e-37
5.01817e-37
-6.33856e-37
-1.629e-36
1.0495e-36
4.85793e-36
-7.31756e-37
-1.33705e-35
-4.05357e-36
3.37493e-35
2.65046e-35
-7.65239e-35
-1.06742e-34
1.47843e-34
3.525e-34
-2.04431e-34
-1.01792e-33
-9.14185e-36
2.6077e-33
1.44018e-33
-5.84548e-33
-6.92641e-33
1.08311e-32
2.36763e-32
-1.3302e-32
-6.70115e-32
-7.21163e-33
1.61651e-31
1.17657e-31
-3.2385e-31
-4.93524e-31
4.73355e-31
1.50755e-30
-1.53876e-31
-3.74017e-30
-2.15254e-30
7.49006e-30
1.03042e-29
-1.06165e-29
-3.18797e-29
2.29395e-30
7.6501e-29
5.05477e-29
-1.40977e-28
-2.23361e-28
1.58486e-28
6.3919e-28
1.21218e-28
-1.37584e-27
-1.32186e-27
2.05976e-27
4.52785e-27
-7.41847e-28
-1.06545e-26
-8.36658e-27
1.80097e-26
3.75306e-26
-1.82671e-26
-1.01479e-25
-7.59865e-28
1.75105e-25
2.06216e-26
