ordre_2
1.0272e-21
1.85459e-21
-8.88813e-21
-1.18825e-20
4.08651e-20
5.82601e-20
-1.49205e-19
-2.52898e-19
4.62683e-19
1.00316e-18
-1.20647e-18
-3.65626e-18
2.39455e-18
1.21928e-17
-1.88287e-18
-3.67691e-17
-1.25304e-17
9.79608e-17
8.80134e-17
-2.19284e-16
-3.68127e-16
3.56925e-16
1.19666e-15
-1.2462e-16
-3.14275e-15
-1.94118e-15
6.37311e-15
9.64461e-15
-7.81806e-15
-2.94234e-14
-6.16779e-15
6.33069e-14
7.01313e-14
-8.04731e-14
-2.32388e-13
-4.24218e-14
4.6857e-13
5.58673e-13
-4.35176e-13
-1.63536e-12
-8.25179e-13
2.48856e-12
4.43452e-12
-3.78085e-14
-8.89943e-12
-1.03116e-11
5.11882e-12
2.60755e-11
2.22746e-11
-2.13377e-11
-6.85828e-11
-4.9077e-11
6.06852e-11
1.68961e-10
1.1969e-10
-1.3369e-10
-3.93551e-10
-3.23194e-10
2.08749e-10
8.44544e-10
8.87958e-10
-7.25118e-11
-1.55083e-09
-2.23751e-09
-9.75758e-10
1.9942e-09
4.65e-09
4.33914e-09
-6.86881e-11
-6.61541e-09
-1.07793e-08
-8.23173e-09
1.77753e-09
1.4805e-08
2.28905e-08
1.89686e-08
1.55108e-09
-2.32089e-08
-4.35783e-08
-4.76163e-08
-2.91472e-08
8.63929e-09
5.38095e-08
8.99299e-08
1.02445e-07
8.32558e-08
3.43783e-08
-3.59965e-08
-1.11026e-07
-1.82267e-07
-2.27224e-07
-2.63867e-07
-2.45324e-07
-2.64924e-07
-1.54745e-07
-2.39927e-07
7.83864e-08
-2.58197e-07
6.87867e-07
-3.07443e-07
2.45304e-06
