ordre_2
3.47281e-40
-4.65637e-41
-3.10155e-39
1.21827e-40
1.52612e-38
5.9579e-40
-6.24767e-38
-8.47344e-39
2.32211e-37
5.91105e-38
-8.09022e-37
-3.21995e-37
2.67857e-36
1.52452e-36
-8.47313e-36
-6.55644e-36
2.56172e-35
2.61951e-35
-7.37384e-35
-9.84615e-35
2.00286e-34
3.507e-34
-5.04448e-34
-1.18813e-33
1.13585e-33
3.83331e-33
-2.07734e-33
-1.17651e-32
1.93028e-33
3.42261e-32
7.02063e-33
-9.37059e-32
-5.58985e-32
2.38337e-31
2.51954e-31
-5.49278e-31
-9.24939e-31
1.0843e-30
2.98935e-30
-1.53042e-30
-8.71388e-30
-1.4952e-31
2.2967e-29
1.19954e-29
-5.39093e-29
-5.95886e-29
1.07638e-28
2.12409e-28
-1.57566e-28
-6.31242e-28
3.5128e-29
1.61487e-27
8.77927e-28
-3.50429e-27
-4.35259e-27
5.94229e-27
1.45231e-26
-5.15366e-27
-3.88471e-26
-1.34545e-26
8.48008e-26
9.07567e-26
-1.39742e-25
-3.153e-25
1.05252e-25
8.2121e-25
3.57989e-25
-1.65405e-24
-2.08498e-24
2.23706e-24
6.54605e-24
1.49726e-27
-1.49648e-23
-1.2036e-23
2.41093e-23
4.69776e-23
-1.50206e-23
-1.17602e-22
-6.66652e-23
2.03054e-22
3.23516e-22
-1.61492e-22
-8.49911e-22
-4.10191e-22
1.46614e-21
2.22457e-21
-1.07938e-21
-5.77296e-21
-3.15996e-21
9.31935e-21
1.5477e-20
-4.83917e-21
-3.5931e-20
-2.60154e-20
4.43963e-20
1.08198e-19
1.98409e-20
-2.49178e-19
-2.2057e-19
3.69333e-19
3.27214e-19
