ordre_1
1.4013e-45
2.8026e-45
4.2039e-45
5.60519e-45
7.00649e-45
8.40779e-45
9.80909e-45
1.12104e-44
1.26117e-44
1.4013e-44
1.54143e-44
1.68156e-44
1.82169e-44
1.96182e-44
2.10195e-44
2.24208e-44
3.50325e-44
1.96182e-43
1.86793e-42
1.83374e-41
1.71445e-40
1.5199e-39
1.27961e-38
1.02512e-37
7.82919e-37
5.71019e-36
3.98347e-35
2.66185e-34
1.70611e-33
1.0502e-32
6.21576e-32
3.54114e-31
1.94386e-30
1.02914e-29
5.25973e-29
2.59718e-28
1.24004e-27
5.72922e-27
2.56324e-26
1.11126e-25
4.67141e-25
1.90527e-24
7.5439e-24
2.90139e-23
1.08447e-22
3.94142e-22
1.39355e-21
4.79549e-21
1.60686e-20
5.245e-20
1.66847e-19
5.17454e-19
1.56523e-18
4.61955e-18
1.33076e-17
3.74313e-17
1.02839e-16
2.76069e-16
7.24376e-16
1.85841e-15
4.66329e-15
1.14488e-14
2.75098e-14
6.47163e-14
1.49101e-13
3.36535e-13
7.44399e-13
1.61418e-12
3.43255e-12
7.1606e-12
1.46589e-11
2.94601e-11
5.81439e-11
1.1274e-10
2.14848e-10
4.02563e-10
7.41948e-10
1.34566e-09
2.4028e-09
4.22588e-09
7.32386e-09
1.25141e-08
2.10915e-08
3.50819e-08
5.76164e-08
9.34797e-08
1.49904e-07
2.37712e-07
3.72941e-07
5.79135e-07
8.90563e-07
1.35667e-06
2.04822e-06
3.06569e-06
4.55056e-06
6.70056e-06
9.78984e-06
1.41955e-05
2.04324e-05
2.91974e-05
4.14269e-05
