ordre_1
1.4013e-45
2.8026e-45
4.2039e-45
5.60519e-45
7.00649e-45
8.40779e-45
9.80909e-45
1.12104e-44
1.26117e-44
1.4013e-44
1.54143e-44
1.68156e-44
1.82169e-44
1.96182e-44
2.10195e-44
4.76441e-44
3.51726e-43
3.66299e-42
3.73292e-41
3.59691e-40
3.27605e-39
2.82678e-38
2.31589e-37
1.80517e-36
1.34123e-35
9.51524e-35
6.45587e-34
4.19509e-33
2.61437e-32
1.56451e-31
9.00078e-31
4.98369e-30
2.65847e-29
1.36755e-28
6.79001e-28
3.25676e-27
1.51021e-26
6.77567e-26
2.94334e-25
1.2388e-24
5.05484e-24
2.00093e-23
7.68823e-23
2.86902e-22
1.04036e-21
3.66778e-21
1.25777e-20
4.19744e-20
1.36379e-19
4.31603e-19
1.33099e-18
4.0013e-18
1.17309e-17
3.35536e-17
9.36664e-17
2.55286e-16
6.79557e-16
1.7674e-15
4.4927e-15
1.11659e-14
2.71419e-14
6.45506e-14
1.50252e-13
3.42413e-13
7.6426e-13
1.67126e-12
3.5819e-12
7.52673e-12
1.55125e-11
3.13694e-11
6.22654e-11
1.2136e-10
2.32366e-10
4.37244e-10
8.08942e-10
1.47215e-09
2.63653e-09
4.64907e-09
8.07549e-09
1.38249e-08
2.33385e-08
3.88713e-08
6.39088e-08
1.03777e-07
1.66523e-07
2.64186e-07
4.14598e-07
6.43927e-07
9.90239e-07
1.50843e-06
2.27702e-06
3.40742e-06
5.05643e-06
7.44303e-06
1.08706e-05
1.57561e-05
2.26683e-05
3.23765e-05
4.59131e-05
6.4652e-05
9.0407e-05
