ordre_2
-4.33501e-27
-2.33873e-26
3.69181e-26
1.40531e-25
-1.64046e-25
-6.31228e-25
5.64328e-25
2.49724e-24
-1.57245e-24
-9.10968e-24
3.23005e-24
3.11057e-23
-1.95133e-24
-9.96613e-23
-2.52781e-23
2.98046e-22
1.82173e-22
-8.21172e-22
-8.59186e-22
2.0304e-21
3.34132e-21
-4.24698e-21
-1.13552e-20
6.21389e-21
3.4263e-20
1.17601e-21
-9.12799e-20
-5.44852e-20
2.0836e-19
2.66666e-19
-3.72823e-19
-9.17869e-19
3.44645e-19
2.53256e-18
8.85037e-19
-5.6124e-18
-6.21375e-18
8.98177e-18
2.16948e-17
-4.56943e-18
-5.47367e-17
-3.35024e-17
9.91991e-17
1.60308e-16
-8.85826e-17
-4.39384e-16
-1.92382e-16
8.01632e-16
1.16248e-15
-6.61166e-16
-3.14865e-15
-1.63101e-15
5.10326e-15
8.55261e-15
-2.00902e-15
-1.98547e-14
-1.66377e-14
2.29471e-14
5.84728e-14
1.76742e-14
-9.71648e-14
-1.44013e-13
2.71471e-14
3.11855e-13
3.11195e-13
-2.30447e-13
-8.67228e-13
-6.14261e-13
8.7099e-13
2.2186e-12
1.17472e-12
-2.56445e-12
-5.41196e-12
-2.39657e-12
6.51247e-12
1.28481e-11
5.7396e-12
-1.46095e-11
-2.98206e-11
-1.60413e-11
2.8341e-11
6.6798e-11
4.72916e-11
-4.30704e-11
-1.39908e-10
-1.33549e-10
3.00027e-11
2.58737e-10
3.3921e-10
1.034e-10
-3.73525e-10
-7.34304e-10
-5.58899e-10
2.4673e-10
1.23407e-09
1.60793e-09
6.45135e-10
-1.16081e-09
-2.94319e-09
-3.84905e-09
1.2992e-09
