ordre_2
3.36312e-44
-2.12997e-43
-2.95674e-43
1.25276e-42
1.52181e-42
-5.43003e-42
-6.67158e-42
2.05879e-41
2.7024e-41
-7.17114e-41
-1.0413e-40
2.34238e-40
3.86418e-40
-7.22533e-40
-1.3881e-39
2.10287e-39
4.83623e-39
-5.72441e-39
-1.63476e-38
1.42668e-38
5.3571e-38
-3.09165e-38
-1.69914e-37
4.93206e-38
5.20267e-37
-1.95926e-39
-1.53198e-36
-4.49951e-37
4.31323e-36
2.66922e-36
-1.15074e-35
-1.15023e-35
2.86566e-35
4.26996e-35
-6.47372e-35
-1.43602e-34
1.2418e-34
4.45912e-34
-1.60002e-34
-1.28577e-33
-1.12244e-34
3.43191e-33
1.82988e-33
-8.36916e-33
-8.76765e-33
1.80728e-32
3.19083e-32
-3.1832e-32
-9.95493e-32
3.20757e-32
2.75062e-31
6.29392e-32
-6.73531e-31
-5.30695e-31
1.42102e-30
2.1528e-30
-2.35053e-30
-6.79261e-30
1.85063e-30
1.80607e-29
6.46724e-30
-4.06468e-29
-4.15575e-29
7.30957e-29
1.48876e-28
-7.98693e-29
-4.1369e-28
-8.66905e-29
9.34046e-28
8.54261e-28
-1.625e-27
-3.17964e-27
1.55188e-27
8.6065e-27
2.70157e-27
-1.80621e-26
-1.98865e-26
2.66387e-26
6.63514e-26
-9.48316e-27
-1.59068e-25
-1.04863e-25
2.7583e-25
4.60862e-25
-2.39939e-25
-1.23398e-24
-5.0196e-25
2.33549e-24
3.08915e-24
-2.54209e-24
-8.82056e-24
-2.19642e-24
1.64829e-23
2.0713e-23
-1.53009e-23
-6.61851e-23
-2.3492e-23
1.46382e-22
1.2722e-22
-2.2074e-22
-1.75054e-22
