ordre_2
-1.4013e-45
-2.8026e-45
-2.8026e-45
-1.4013e-45
0
1.4013e-45
1.4013e-45
0
-1.4013e-45
-2.8026e-45
-2.8026e-45
-1.4013e-45
-2.8026e-45
-8.40779e-45
-2.8026e-45
1.82169e-44
8.40779e-45
-5.60519e-44
-5.04467e-44
1.55544e-43
1.69557e-43
-4.56823e-43
-6.30584e-43
1.24015e-42
2.18603e-42
-3.19496e-42
-7.32319e-42
7.5586e-42
2.35895e-41
-1.56175e-41
-7.31856e-41
2.36946e-41
2.18157e-40
1.1911e-43
-6.22497e-40
-2.05391e-40
1.6898e-39
1.16345e-39
-4.31788e-39
-4.81339e-39
1.01882e-38
1.7176e-38
-2.13335e-38
-5.55204e-38
3.56181e-38
1.65518e-37
-2.62951e-38
-4.57036e-37
-1.30436e-37
1.16222e-36
8.7726e-37
-2.67169e-36
-3.57812e-36
5.30159e-36
1.19617e-35
-7.87785e-36
-3.50583e-35
2.38217e-36
9.1626e-35
4.24212e-35
-2.11617e-34
-2.23635e-34
4.13522e-34
7.98088e-34
-5.8758e-34
-2.34352e-33
9.77799e-35
5.89948e-33
3.30462e-33
-1.2584e-32
-1.59123e-32
2.09686e-32
5.22169e-32
-1.77048e-32
-1.38383e-31
-4.78187e-32
3.02154e-31
3.17412e-31
-5.07982e-31
-1.10534e-30
4.38349e-31
2.92705e-30
1.05199e-30
-6.15093e-30
-6.94604e-30
9.40105e-30
2.30728e-29
-5.00205e-30
-5.63381e-29
-3.06413e-29
1.01499e-28
1.51463e-28
-9.80264e-29
-4.51636e-28
-1.61547e-28
1.04385e-27
1.11193e-27
-1.94811e-27
-3.03873e-27
2.66802e-27
3.59234e-27
