ordre_1
1.4013e-45
2.8026e-45
1.61149e-43
7.26153e-42
2.44592e-40
6.54392e-39
1.44848e-37
2.72822e-36
4.46354e-35
6.44365e-34
8.31026e-33
9.67107e-32
1.02399e-30
9.93331e-30
8.88021e-29
7.35344e-28
5.66518e-27
4.07641e-26
2.74897e-25
1.7427e-24
1.04141e-23
5.88087e-23
3.14527e-22
1.59645e-21
7.70458e-21
3.54145e-20
1.55289e-19
6.50524e-19
2.60702e-18
1.00077e-17
3.68429e-17
1.30223e-16
4.42379e-16
1.44581e-15
4.5504e-15
1.38041e-14
4.03983e-14
1.14152e-13
3.11689e-13
8.23052e-13
2.10348e-12
5.20701e-12
1.24943e-11
2.90832e-11
6.57224e-11
1.44299e-10
3.08062e-10
6.40019e-10
1.29506e-09
2.5545e-09
4.91624e-09
9.24008e-09
1.69768e-08
3.05216e-08
5.37506e-08
9.28211e-08
1.57351e-07
2.62138e-07
4.2964e-07
6.93525e-07
1.10372e-06
1.7335e-06
2.68945e-06
4.12522e-06
6.26045e-06
9.40642e-06
1.40007e-05
2.0653e-05
3.02057e-05
4.38123e-05
6.30381e-05
8.99876e-05
0.000127465
0.000179168
0.000249934
0.000346018
0.000475437
0.000648362
0.000877562
0.0011789
0.00157187
0.00208017
0.00273228
0.00356203
0.00460911
0.00591947
0.00754565
0.00954683
0.0119887
0.0149429
0.0184862
0.0226993
0.0276649
0.0334656
0.0401812
0.047885
0.056641
0.0664994
0.0774925
0.0896309
0.102899
