ordre_2
-4.2234e-32
-3.15719e-30
2.05997e-31
1.86238e-29
6.52088e-31
-8.12893e-29
-1.27151e-29
3.10139e-28
9.58922e-29
-1.08574e-27
-5.40323e-28
3.54863e-27
2.58662e-27
-1.08701e-26
-1.10605e-26
3.10427e-26
4.32763e-26
-8.13539e-26
-1.56838e-25
1.88758e-25
5.2924e-25
-3.52404e-25
-1.66307e-24
3.32856e-25
4.84257e-24
1.17948e-24
-1.29115e-23
-9.27687e-24
3.07506e-23
4.04034e-23
-6.17815e-23
-1.40152e-22
8.69969e-23
4.1567e-22
1.20274e-23
-1.06507e-21
-6.72426e-22
2.29111e-21
3.14295e-21
-3.70495e-21
-1.02583e-20
2.21851e-21
2.66588e-20
1.33532e-20
-5.48054e-20
-7.21117e-20
7.67649e-20
2.28832e-19
-3.37394e-21
-5.36406e-19
-4.21622e-19
8.90853e-19
1.70086e-18
-5.91129e-19
-4.33952e-18
-2.44297e-18
7.49889e-18
1.21047e-17
-5.47005e-18
-3.14234e-17
-1.74957e-17
5.10307e-17
8.63518e-17
-2.43533e-17
-2.06078e-16
-1.54624e-16
2.72589e-16
5.9853e-16
6.00414e-17
-1.15818e-15
-1.34993e-15
8.83754e-16
3.65926e-15
2.25931e-15
-4.71734e-15
-9.72234e-15
-1.83085e-15
1.67219e-14
2.28793e-14
-5.18787e-15
-4.95532e-14
-4.93455e-14
3.33665e-14
1.32428e-13
1.00958e-13
-1.18043e-13
-3.31927e-13
-2.05313e-13
3.36488e-13
7.99519e-13
4.38038e-13
-8.33533e-13
-1.87838e-12
-1.04629e-12
1.90431e-12
4.20719e-12
2.64409e-12
-2.99822e-12
-1.09166e-11
-6.73759e-12
1.20296e-11
