ordre_2
4.48002e-24
8.09833e-24
-3.90038e-23
-5.13909e-23
1.81828e-22
2.49532e-22
-6.80777e-22
-1.07848e-21
2.20593e-21
4.30026e-21
-6.23543e-21
-1.59588e-20
1.4776e-20
5.50931e-20
-2.49344e-20
-1.75892e-19
5.90738e-22
5.13274e-19
2.35493e-19
-1.33919e-18
-1.3362e-18
2.98305e-18
5.27667e-18
-4.99073e-18
-1.69621e-17
2.64388e-18
4.56237e-17
2.3233e-17
-9.97545e-17
-1.2793e-16
1.5495e-16
4.28114e-16
-4.99128e-17
-1.0656e-15
-7.34843e-16
1.89939e-15
3.30399e-15
-1.52844e-15
-8.86752e-15
-4.52292e-15
1.56375e-14
2.46411e-14
-1.06568e-14
-6.375e-14
-4.04528e-14
9.44451e-14
1.82323e-13
-5.54101e-15
-3.81823e-13
-4.02683e-13
3.28232e-13
1.17394e-12
6.8451e-13
-1.51495e-12
-3.10773e-12
-7.79299e-13
4.9885e-12
7.57904e-12
7.0812e-14
-1.39584e-11
-1.79236e-11
2.23057e-12
3.51921e-11
4.26333e-11
-4.99486e-12
-8.13608e-11
-1.03082e-10
-3.61167e-12
1.70113e-10
2.47872e-10
7.26604e-11
-3.03664e-10
-5.64778e-10
-3.46507e-10
3.86109e-10
1.13539e-09
1.13041e-09
-2.12835e-11
-1.77719e-09
-2.76878e-09
-1.71706e-09
1.39058e-09
4.80268e-09
5.81525e-09
2.61291e-09
-4.02769e-09
-1.04995e-08
-1.21111e-08
-6.01912e-09
6.40487e-09
1.94057e-08
2.53488e-08
1.86995e-08
-3.79234e-10
-2.55706e-08
-4.53701e-08
-5.09766e-08
-3.35772e-08
3.79445e-10
3.68585e-08
1.14123e-07
