ordre_2
1.31191e-21
-2.85683e-21
-1.18343e-20
1.51585e-20
5.91288e-20
-5.39459e-20
-2.45045e-19
1.41424e-19
9.09199e-19
-2.10682e-19
-3.07829e-18
-4.20619e-19
9.48897e-18
5.20026e-18
-2.61678e-17
-2.74992e-17
6.19308e-17
1.10164e-16
-1.12422e-16
-3.665e-16
8.42314e-17
1.02731e-15
4.46416e-16
-2.35299e-15
-2.78334e-15
3.89706e-15
9.81882e-15
-1.9443e-15
-2.52615e-14
-1.61048e-14
4.58568e-14
7.72424e-14
-3.64073e-14
-2.08418e-13
-1.13826e-13
3.51817e-13
5.94467e-13
-1.62399e-13
-1.43525e-12
-1.16311e-12
1.74504e-12
4.30109e-12
1.23964e-12
-7.24278e-12
-1.08381e-11
1.47034e-12
2.28055e-11
2.49689e-11
-1.23223e-11
-6.23368e-11
-5.69304e-11
4.02097e-11
1.56156e-10
1.37176e-10
-8.98789e-11
-3.63832e-10
-3.5322e-10
1.21219e-10
7.70836e-10
9.1943e-10
8.30782e-11
-1.37621e-09
-2.21457e-09
-1.19507e-09
1.63909e-09
4.43081e-09
4.50198e-09
4.76646e-10
-6.00076e-09
-1.05523e-08
-8.67762e-09
7.88564e-10
1.38034e-08
2.2518e-08
1.95858e-08
2.98861e-09
-2.15979e-08
-4.25958e-08
-4.78058e-08
-3.05354e-08
6.56827e-09
5.18103e-08
8.87839e-08
1.02375e-07
8.45048e-08
3.58156e-08
-3.34475e-08
-1.11017e-07
-1.78474e-07
-2.33185e-07
-2.52046e-07
-2.6989e-07
-2.18721e-07
-2.43113e-07
-7.20199e-08
-2.23046e-07
3.00937e-07
-2.71936e-07
1.40324e-06
-3.53885e-07
4.76077e-06
