ordre_2
-1.4013e-45
-2.8026e-45
-2.8026e-45
-1.4013e-45
0
1.4013e-45
1.4013e-45
0
-1.4013e-45
-2.8026e-45
-2.8026e-45
-1.4013e-45
0
1.4013e-45
1.4013e-45
-5.60519e-45
-1.54143e-44
-0
3.08286e-44
-2.8026e-45
-1.02295e-43
-1.96182e-44
3.0268e-43
1.16308e-43
-8.92627e-43
-5.73131e-43
2.50832e-42
2.33456e-42
-6.77668e-42
-8.71047e-42
1.73004e-41
3.02933e-41
-4.08675e-41
-9.96001e-41
8.52172e-41
3.10968e-40
-1.37337e-40
-9.23038e-40
6.11611e-41
2.59862e-39
7.85932e-40
-6.89444e-39
-4.81724e-39
1.70194e-38
1.99898e-38
-3.81066e-38
-7.00789e-38
7.29362e-38
2.19986e-37
-9.7799e-38
-6.30463e-37
-2.97746e-38
1.65335e-36
8.64325e-37
-3.92054e-36
-4.18624e-36
8.1174e-36
1.49794e-35
-1.32535e-35
-4.55034e-35
9.80572e-36
1.21564e-34
4.15805e-35
-2.85248e-34
-2.65712e-34
5.66481e-34
9.94435e-34
-8.32523e-34
-2.97132e-33
2.76345e-34
7.51502e-33
3.96185e-33
-1.59719e-32
-1.98035e-32
2.62529e-32
6.5108e-32
-2.08732e-32
-1.7076e-31
-6.43726e-32
3.64709e-31
4.04291e-31
-5.85299e-31
-1.37237e-30
4.09184e-31
3.54026e-30
1.57747e-30
-7.16448e-30
-8.79534e-30
1.00368e-29
2.72248e-29
-1.42274e-30
-6.21033e-29
-5.10505e-29
1.0333e-28
2.21392e-28
-9.43811e-29
-6.28977e-28
-8.01217e-29
1.30099e-27
4.093e-28
-1.3785e-27
