ordre_2
6.30869e-12
-4.40297e-11
-6.89453e-11
2.00982e-10
4.15263e-10
-4.484e-10
-1.74137e-09
-2.30019e-10
4.66794e-09
5.77227e-09
-4.61997e-09
-1.94433e-08
-1.65951e-08
1.65471e-08
5.89633e-08
6.50132e-08
4.04821e-09
-1.0749e-07
-2.11938e-07
-2.45633e-07
-1.69649e-07
2.77456e-08
3.54169e-07
8.44184e-07
1.5855e-06
2.74051e-06
4.57218e-06
7.48488e-06
1.20885e-05
1.92931e-05
3.04427e-05
4.74983e-05
7.32849e-05
0.000111819
0.000168735
0.000251825
0.000371721
0.000542722
0.000783784
0.00111967
0.00158226
0.00221195
0.00305912
0.00418559
0.00566593
0.00758846
0.0100558
0.013185
0.017106
0.0219604
0.0278976
0.0350704
0.0436287
0.0537124
0.0654424
0.0789109
0.0941713
0.111228
0.130027
0.150449
0.172302
0.19532
0.219163
0.243422
0.267631
0.291275
0.313813
0.334694
0.353379
0.369368
0.382218
0.391566
0.397143
0.398791
0.396467
0.390248
0.380322
0.366985
0.35062
0.331684
0.310683
0.288152
0.264633
0.240653
0.216705
0.193233
0.170623
0.149191
0.129182
0.110769
0.0940589
0.0790955
0.0658688
0.0543234
0.0443696
0.0358876
0.0287581
0.0227788
0.0180507
0.0134316
0.0128183
