ordre_2
-9.77669e-15
1.13647e-15
8.45653e-14
1.54209e-14
-3.83568e-13
-2.07914e-13
1.3276e-12
1.37536e-12
-3.56209e-12
-6.42746e-12
6.30522e-12
2.28358e-11
2.29292e-13
-6.04437e-11
-5.32459e-11
1.01562e-10
2.27298e-10
-7.11145e-12
-5.26756e-10
-5.7037e-10
4.78409e-10
1.77769e-09
1.23881e-09
-1.95343e-09
-5.02765e-09
-3.22502e-09
4.73659e-09
1.27775e-08
1.08939e-08
-5.15627e-09
-2.65425e-08
-3.48353e-08
-1.56369e-08
2.79117e-08
7.30668e-08
8.94796e-08
5.7158e-08
-2.16105e-08
-1.23211e-07
-2.14257e-07
-2.65443e-07
-2.59673e-07
-1.91168e-07
-5.71256e-08
1.54369e-07
4.77577e-07
9.83463e-07
1.79776e-06
3.12713e-06
5.29901e-06
8.8217e-06
1.44726e-05
2.34243e-05
3.74207e-05
5.90184e-05
9.19106e-05
0.000141353
0.000214712
0.00032216
0.000477531
0.000699351
0.00101204
0.00144726
0.00204544
0.0028573
0.00394539
0.00538552
0.00726781
0.00969728
0.0127938
0.016691
0.0215341
0.0274768
0.0346756
0.0432843
0.0534452
0.0652808
0.0788833
0.094304
0.111544
0.130542
0.151171
0.173229
0.196438
0.220447
0.244836
0.269127
0.292799
0.315303
0.336086
0.354613
0.370384
0.382979
0.391999
0.397356
0.398337
0.396851
0.386499
0.389031
0.333887
0.452302
