ordre_1
1.4013e-45
2.8026e-45
4.2039e-45
5.60519e-45
7.00649e-45
8.40779e-45
9.80909e-45
1.12104e-44
1.26117e-44
1.4013e-44
1.54143e-44
1.68156e-44
1.82169e-44
1.96182e-44
2.10195e-44
2.24208e-44
2.38221e-44
2.52234e-44
2.66247e-44
2.8026e-44
2.94273e-44
3.08286e-44
3.22299e-44
3.36312e-44
3.50325e-44
3.64338e-44
3.78351e-44
4.76441e-44
1.30321e-43
7.73517e-43
5.43564e-42
3.80873e-41
2.58608e-40
1.69607e-39
1.07493e-38
6.58862e-38
3.90863e-37
2.24596e-36
1.25094e-35
6.75813e-35
3.54362e-34
1.80454e-33
8.92969e-33
4.29632e-32
2.01084e-31
9.16008e-31
4.06321e-30
1.75585e-29
7.39514e-29
3.0369e-28
1.21651e-27
4.7552e-27
1.8145e-26
6.76137e-26
2.46124e-25
8.75509e-25
3.04436e-24
1.03513e-23
3.44264e-23
1.12024e-22
3.56762e-22
1.11228e-21
3.39576e-21
1.01545e-20
2.97502e-20
8.54164e-20
2.40391e-19
6.63322e-19
1.79499e-18
4.76466e-18
1.24089e-17
3.17149e-17
7.95642e-17
1.95972e-16
4.74008e-16
1.12613e-15
2.62843e-15
6.02843e-15
1.35896e-14
3.01163e-14
6.56269e-14
1.40652e-13
2.96549e-13
6.15218e-13
1.25617e-12
2.52499e-12
4.99769e-12
9.74287e-12
1.87123e-11
3.54162e-11
6.60747e-11
1.21548e-10
2.20529e-10
3.94749e-10
6.97344e-10
1.21613e-09
2.09442e-09
3.56319e-09
5.99039e-09
9.95543e-09
1.63608e-08
