ordre_1
1.4013e-45
2.8026e-45
4.2039e-45
5.60519e-45
7.00649e-45
8.40779e-45
9.80909e-45
1.12104e-44
1.26117e-44
1.4013e-44
1.54143e-44
1.68156e-44
1.82169e-44
1.96182e-44
2.10195e-44
2.24208e-44
2.38221e-44
2.52234e-44
2.66247e-44
2.8026e-44
2.94273e-44
3.08286e-44
3.22299e-44
5.60519e-44
2.62043e-43
1.99825e-42
1.57548e-41
1.20212e-40
8.81424e-40
6.21159e-39
4.21169e-38
2.75052e-37
1.7319e-36
1.05243e-35
6.17767e-35
3.50575e-34
1.92492e-33
1.0234e-32
5.27223e-32
2.6336e-31
1.27642e-30
6.00608e-30
2.74533e-29
1.21967e-28
5.26946e-28
2.21506e-27
9.06374e-27
3.61189e-26
1.40236e-25
5.30719e-25
1.95853e-24
7.05056e-24
2.47691e-23
8.49474e-23
2.84508e-22
9.30874e-22
2.97634e-21
9.30272e-21
2.84319e-20
8.49968e-20
2.48615e-19
7.11711e-19
1.99459e-18
5.47391e-18
1.47147e-17
3.87552e-17
1.00034e-16
2.53113e-16
6.27974e-16
1.52806e-15
3.64771e-15
8.54453e-15
1.96452e-14
4.43438e-14
9.82943e-14
2.1402e-13
4.57852e-13
9.62618e-13
1.98957e-12
4.0435e-12
8.08303e-12
1.58977e-11
3.07725e-11
5.86402e-11
1.10044e-10
2.03433e-10
3.70595e-10
6.65506e-10
1.17851e-09
2.05874e-09
3.54909e-09
6.04015e-09
1.01522e-08
1.68589e-08
2.76709e-08
4.49074e-08
7.20918e-08
1.14524e-07
1.80104e-07
2.80493e-07
4.32767e-07
