ordre_1
1.4013e-45
2.8026e-45
4.2039e-45
5.60519e-45
7.00649e-45
8.40779e-45
9.80909e-45
1.12104e-44
1.26117e-44
1.4013e-44
1.54143e-44
1.68156e-44
1.82169e-44
1.96182e-44
2.10195e-44
2.24208e-44
2.38221e-44
2.52234e-44
2.66247e-44
2.8026e-44
2.94273e-44
3.08286e-44
3.22299e-44
3.36312e-44
3.50325e-44
3.64338e-44
3.78351e-44
3.92364e-44
4.06377e-44
4.2039e-44
4.34403e-44
4.48416e-44
4.62428e-44
4.76441e-44
6.02558e-44
1.65353e-43
8.61799e-43
5.29971e-42
3.26461e-41
1.96154e-40
1.14534e-39
6.49836e-39
3.58444e-38
1.92318e-37
1.00421e-36
5.10576e-36
2.5289e-35
1.22079e-34
5.74616e-34
2.63833e-33
1.18214e-32
5.17088e-32
2.20893e-31
9.21884e-31
3.76008e-30
1.49931e-29
5.84649e-29
2.23021e-28
8.32481e-28
3.04161e-27
1.08807e-26
3.81201e-26
1.30829e-25
4.39971e-25
1.45016e-24
4.68585e-24
1.4847e-23
4.61393e-23
1.40662e-22
4.20779e-22
1.23536e-21
3.56026e-21
1.00742e-20
2.79941e-20
7.64067e-20
2.04876e-19
5.39792e-19
1.39771e-18
3.55752e-18
8.9021e-18
2.19044e-17
5.30083e-17
1.26184e-16
2.95525e-16
6.81065e-16
1.54478e-15
3.44907e-15
7.58191e-15
1.64124e-14
3.49916e-14
7.34912e-14
1.52078e-13
3.10131e-13
6.23379e-13
1.23531e-12
2.41385e-12
4.65202e-12
8.84434e-12
1.65912e-11
3.0717e-11
5.61397e-11
