ordre_2
-1.4013e-45
-2.8026e-45
-2.8026e-45
-1.4013e-45
0
1.4013e-45
1.4013e-45
0
-1.4013e-45
-2.8026e-45
-2.8026e-45
-1.4013e-45
0
1.4013e-45
1.4013e-45
2.8026e-45
1.4013e-45
0
-1.4013e-45
-2.8026e-45
-4.2039e-45
-5.60519e-45
-5.60519e-45
-4.2039e-45
-2.8026e-45
-1.4013e-45
-1.4013e-45
-0
-1.4013e-45
-1.26117e-44
-2.10195e-44
-0
2.94273e-44
-1.26117e-44
-1.06499e-43
-5.60519e-45
3.01279e-43
1.14906e-43
-8.11352e-43
-5.89947e-43
2.07813e-42
2.378e-42
-4.93117e-42
-8.39378e-42
1.04789e-41
2.70521e-41
-1.82099e-41
-8.10287e-41
1.6803e-41
2.26324e-40
4.94462e-41
-5.87232e-40
-3.87299e-40
1.39572e-39
1.65653e-39
-2.94041e-39
-5.73731e-39
5.02632e-39
1.74445e-38
-4.63494e-39
-4.76863e-38
-1.19002e-38
1.17175e-37
9.11544e-38
-2.52974e-37
-3.67504e-37
4.46896e-37
1.17753e-36
-4.80023e-37
-3.24051e-36
-6.32332e-37
7.76005e-36
6.09456e-36
-1.57335e-35
-2.44927e-35
2.41288e-35
7.50495e-35
-1.28269e-35
-1.91652e-34
-9.03969e-35
4.08609e-34
4.85511e-34
-6.73955e-34
-1.61976e-33
5.58802e-34
4.24855e-33
1.4792e-33
-8.963e-33
-9.5491e-33
1.37403e-32
3.23458e-32
-6.2234e-33
-8.40684e-32
-5.40726e-32
1.79846e-31
2.60916e-31
-3.19922e-31
-7.39274e-31
4.57961e-31
1.31491e-30
-3.85975e-31
