ordre_2
1.4013e-45
2.8026e-45
-1.12104e-44
-1.4013e-44
5.32493e-44
6.30584e-44
-2.05991e-43
-2.5924e-43
7.46892e-43
1.01594e-42
-2.52514e-42
-3.82695e-42
8.07288e-42
1.39709e-41
-2.44344e-41
-4.94756e-41
6.98477e-41
1.70265e-40
-1.86527e-40
-5.69212e-40
4.53874e-40
1.847e-39
-9.45997e-40
-5.80695e-39
1.35594e-39
1.76433e-38
8.28177e-40
-5.16038e-38
-1.7565e-38
1.44464e-37
9.58651e-38
-3.83641e-37
-4.00848e-37
9.52049e-37
1.46557e-36
-2.146e-36
-4.88808e-36
4.11405e-36
1.51197e-35
-5.31505e-36
-4.35861e-35
-3.64136e-36
1.16743e-34
6.05552e-35
-2.87065e-34
-2.92056e-34
6.30102e-34
1.07151e-33
-1.15003e-33
-3.37998e-33
1.32824e-33
9.48463e-33
1.44383e-33
-2.37576e-32
-1.63907e-32
5.20003e-32
7.04915e-32
-9.26944e-32
-2.31128e-31
1.00198e-31
6.38914e-31
1.2949e-31
-1.51263e-30
-1.24681e-30
2.96196e-30
4.93027e-30
-4.11252e-30
-1.46874e-29
3.79933e-31
3.58043e-29
2.31258e-29
-7.02558e-29
-1.03671e-28
9.51509e-29
3.13125e-28
-1.55269e-30
-7.38556e-28
-5.3521e-28
1.33098e-27
2.23721e-27
-1.39764e-27
-6.22505e-27
-1.59319e-27
1.30103e-26
1.39408e-26
-1.85542e-26
-4.66884e-26
4.59172e-27
1.08753e-25
7.69121e-26
-1.74522e-25
-3.11626e-25
9.51556e-26
7.79255e-25
5.64108e-25
-1.39799e-24
-2.62303e-24
1.72868e-24
6.49601e-24
-1.24011e-24
-7.39336e-24
