ordre_2
8.29783e-21
-1.05465e-21
-7.31817e-20
-3.4718e-21
3.498e-19
8.28816e-20
-1.35782e-18
-6.5597e-19
4.61315e-18
3.6965e-18
-1.38892e-17
-1.70501e-17
3.62904e-17
6.76303e-17
-7.64699e-17
-2.34697e-16
9.61275e-17
7.11191e-16
1.45337e-16
-1.83998e-15
-1.54958e-15
3.81044e-15
6.6167e-15
-4.99853e-15
-2.02954e-14
-3.12606e-15
4.70479e-14
4.58421e-14
-7.31644e-14
-1.70595e-13
1.73012e-14
4.04732e-13
3.40792e-13
-5.70926e-13
-1.31016e-12
-8.73788e-14
2.70932e-12
3.04698e-12
-2.35466e-12
-8.86447e-12
-5.19108e-12
1.18266e-11
2.4124e-11
5.61809e-12
-3.98047e-11
-5.99253e-11
-3.15055e-13
1.112e-10
1.45195e-10
-1.01548e-11
-2.74231e-10
-3.55924e-10
-1.24592e-11
5.98181e-10
8.73876e-10
2.53645e-10
-1.08518e-09
-2.03018e-09
-1.29169e-09
1.29177e-09
4.04671e-09
4.30778e-09
5.58161e-10
-5.69573e-09
-1.00905e-08
-8.07303e-09
1.46413e-09
1.42241e-08
2.20813e-08
1.77479e-08
-1.58637e-10
-2.49133e-08
-4.40634e-08
-4.54074e-08
-2.34534e-08
1.70524e-08
6.23294e-08
9.48303e-08
1.00024e-07
7.16632e-08
1.36188e-08
-6.21694e-08
-1.39859e-07
-2.0518e-07
-2.47464e-07
-2.6447e-07
-2.52965e-07
-2.26174e-07
-1.64496e-07
-1.16592e-07
4.29713e-08
9.32771e-08
6.39845e-07
6.13925e-07
2.69476e-06
1.97043e-06
9.71735e-06
4.85619e-06
3.25109e-05
8.19657e-06
0.000102703
