ordre_2
3.4022e-30
-7.42354e-30
-3.06589e-29
4.1475e-29
1.53398e-28
-1.64183e-28
-6.42034e-28
5.35829e-28
2.44567e-27
-1.45972e-27
-8.72508e-27
3.03182e-27
2.94523e-26
-2.43466e-27
-9.42365e-26
-1.91622e-26
2.84769e-25
1.48792e-25
-8.05493e-25
-7.24359e-25
2.09696e-24
2.90738e-24
-4.85825e-24
-1.02892e-23
9.22597e-24
3.28337e-23
-1.02373e-23
-9.48303e-23
-1.92712e-23
2.45332e-22
1.8084e-22
-5.51032e-22
-7.82381e-22
9.85808e-22
2.6016e-21
-9.54614e-22
-7.20708e-21
-2.16226e-21
1.66458e-20
1.64279e-20
-2.99155e-20
-6.09754e-20
2.95454e-20
1.68493e-19
5.34074e-20
-3.60617e-19
-4.02248e-19
5.31756e-19
1.35867e-18
-1.31117e-19
-3.22625e-18
-2.39861e-18
5.26303e-18
9.93667e-18
-3.02752e-18
-2.47217e-17
-1.57009e-17
3.96248e-17
7.10006e-17
-1.83398e-17
-1.69609e-16
-1.25775e-16
2.34396e-16
4.97728e-16
1.47491e-17
-1.01488e-15
-1.08246e-15
9.35658e-16
3.18876e-15
1.54391e-15
-4.69887e-15
-8.23766e-15
1.04596e-16
1.62632e-14
1.83005e-14
-1.03978e-14
-4.72338e-14
-3.56517e-14
4.71793e-14
1.23664e-13
6.15821e-14
-1.54271e-13
-3.04107e-13
-9.66619e-14
4.31582e-13
7.23015e-13
1.52724e-13
-1.09114e-12
-1.69599e-12
-3.1337e-13
2.54388e-12
3.94745e-12
9.84496e-13
-5.47434e-12
-9.19577e-12
-3.15396e-12
9.95081e-12
2.03762e-11
1.53394e-11
-2.60957e-11
-3.77163e-11
