ordre_2
-1.4013e-45
-2.8026e-45
-2.8026e-45
-4.2039e-45
-9.80909e-45
-1.4013e-45
1.96182e-44
-0
-7.9874e-44
-1.82169e-44
2.63444e-43
8.40779e-44
-8.89825e-43
-4.06377e-43
2.87266e-42
1.77965e-42
-8.95149e-42
-7.29096e-42
2.68293e-41
2.81255e-41
-7.72031e-41
-1.03297e-40
2.11715e-40
3.62946e-40
-5.46201e-40
-1.22349e-39
1.29331e-39
3.96162e-39
-2.65703e-39
-1.23164e-38
3.94677e-39
3.66902e-38
5.36453e-40
-1.04307e-37
-3.70927e-38
2.81006e-37
2.05011e-37
-7.08655e-37
-8.36931e-37
1.63509e-36
2.94935e-36
-3.28367e-36
-9.39729e-36
4.93827e-36
2.75149e-35
-1.16178e-36
-7.41907e-35
-3.08917e-35
1.82498e-34
1.68462e-34
-3.98669e-34
-6.381e-34
7.20135e-34
2.02599e-33
-8.11859e-34
-5.65044e-33
-9.47022e-34
1.39294e-32
1.01215e-32
-2.96356e-32
-4.24727e-32
4.99642e-32
1.35776e-31
-4.38039e-32
-3.64008e-31
-1.14509e-31
8.26763e-31
8.0153e-31
-1.51248e-30
-2.93063e-30
1.75644e-30
8.25236e-30
1.30011e-30
-1.89284e-29
-1.61099e-29
3.39072e-29
6.20687e-29
-3.60793e-29
-1.7208e-28
-4.03204e-29
3.72206e-28
3.70468e-28
-5.83684e-28
-1.30187e-27
3.43053e-28
3.26867e-27
1.75987e-27
-6.10489e-27
-8.72321e-27
6.79723e-27
2.451e-26
5.69359e-27
-4.83505e-26
-5.9014e-26
5.83174e-26
2.0408e-25
1.04319e-26
-4.91409e-25
-2.26889e-25
7.95743e-25
3.45553e-25
