ordre_1
1.4013e-45
2.8026e-45
4.2039e-45
5.60519e-45
7.00649e-45
8.40779e-45
9.80909e-45
1.12104e-44
1.26117e-44
1.4013e-44
1.54143e-44
1.68156e-44
1.82169e-44
1.96182e-44
2.10195e-44
2.24208e-44
2.38221e-44
2.52234e-44
2.66247e-44
2.8026e-44
2.94273e-44
3.08286e-44
3.22299e-44
3.36312e-44
3.50325e-44
3.64338e-44
3.78351e-44
3.92364e-44
4.06377e-44
4.2039e-44
4.34403e-44
4.48416e-44
4.62428e-44
6.72623e-44
2.11596e-43
1.1855e-42
7.48153e-42
4.68286e-41
2.85157e-40
1.68575e-39
9.67661e-39
5.39654e-38
2.92561e-37
1.54265e-36
7.91589e-36
3.95485e-35
1.92472e-34
9.12877e-34
4.22141e-33
1.90409e-32
8.38059e-32
3.60074e-31
1.51077e-30
6.19234e-30
2.48032e-29
9.71191e-29
3.71863e-28
1.39277e-27
5.10415e-27
1.8308e-26
6.42917e-26
2.21097e-25
7.44797e-25
2.45829e-24
7.95198e-24
2.52156e-23
7.84004e-23
2.39067e-22
7.1511e-22
2.0988e-21
6.04516e-21
1.70912e-20
4.74412e-20
1.29313e-19
3.46196e-19
9.10493e-19
2.35282e-18
5.97508e-18
1.49149e-17
3.66017e-17
8.83214e-17
2.09602e-16
4.89292e-16
1.12374e-15
2.53961e-15
5.64877e-15
1.23682e-14
2.66629e-14
5.6603e-14
1.18355e-13
2.438e-13
4.94846e-13
9.89879e-13
1.95192e-12
3.79491e-12
7.27609e-12
1.37609e-11
2.56775e-11
4.72843e-11
8.595e-11
1.54258e-10
