ordre_2
5.33965e-11
-3.81896e-10
-6.23724e-10
1.5604e-09
3.77626e-09
-1.92365e-09
-1.37144e-08
-1.09532e-08
2.08054e-08
5.59558e-08
4.09756e-08
-4.79345e-08
-1.6696e-07
-2.3038e-07
-1.68238e-07
4.51091e-08
4.12693e-07
9.60737e-07
1.77692e-06
3.03416e-06
5.01339e-06
8.14195e-06
1.3058e-05
2.07076e-05
3.24805e-05
5.03959e-05
7.73505e-05
0.000117447
0.000176417
0.000262166
0.000385444
0.000560671
0.000806916
0.00114903
0.00161895
0.00225704
0.00311362
0.0042503
0.00574132
0.00767455
0.010152
0.0132899
0.0172173
0.0220748
0.0280107
0.0351767
0.0437219
0.0537852
0.0654873
0.0789201
0.0941378
0.111146
0.129892
0.150258
0.172055
0.195021
0.218818
0.243041
0.267226
0.290861
0.313406
0.334311
0.353039
0.369085
0.382006
0.391434
0.397098
0.398835
0.396598
0.390459
0.380603
0.367322
0.350998
0.332085
0.311091
0.288551
0.265009
0.240993
0.217001
0.193479
0.170815
0.149329
0.129267
0.110807
0.0940558
0.0790576
0.0658032
0.0542374
0.0442695
0.0357822
0.0286411
0.0227027
0.017821
0.0138535
0.010665
0.00813071
0.00613993
0.00458644
0.00341616
0.00242016
0.00211987
