ordre_2
-1.4013e-45
-2.8026e-45
-4.2039e-45
-4.2039e-45
8.40779e-45
9.80909e-45
-3.78351e-44
-4.76441e-44
1.30321e-43
1.75162e-43
-4.38606e-43
-6.5861e-43
1.4013e-42
2.40042e-42
-4.26415e-42
-8.51569e-42
1.22544e-41
2.93306e-41
-3.29964e-41
-9.82184e-41
8.13986e-41
3.19488e-40
-1.74315e-40
-1.00783e-39
2.71745e-40
3.07576e-39
2.15001e-41
-9.04888e-39
-2.6662e-39
2.55291e-38
1.55363e-38
-6.85125e-38
-6.6721e-38
1.72597e-37
2.48175e-37
-3.98348e-37
-8.39586e-37
7.98551e-37
2.63305e-36
-1.17829e-36
-7.70492e-36
7.91626e-38
2.10081e-35
8.73548e-36
-5.28731e-35
-4.69346e-35
1.20114e-34
1.80413e-34
-2.3345e-34
-5.88072e-34
3.26287e-34
1.70101e-33
1.03297e-35
-4.40838e-33
-2.33374e-33
1.01024e-32
1.14427e-32
-1.94981e-32
-3.99631e-32
2.67224e-32
1.16125e-31
6.57267e-34
-2.90056e-31
-1.75814e-31
6.12657e-31
8.12745e-31
-9.99653e-31
-2.62678e-30
7.54154e-31
6.8814e-30
2.70727e-30
-1.48046e-29
-1.65117e-29
2.41703e-29
5.61306e-29
-1.8157e-29
-1.45798e-28
-6.15518e-29
2.98034e-28
3.62037e-28
-4.2648e-28
-1.15927e-27
1.06638e-28
2.75488e-27
1.89633e-27
-4.84741e-27
-8.16465e-27
4.64704e-27
2.20882e-26
7.01493e-27
-4.26725e-26
-5.07568e-26
4.72661e-26
1.59205e-25
4.49111e-26
-3.60554e-25
-4.04346e-25
6.32889e-25
1.14498e-24
-8.03356e-25
-1.36685e-24
