ordre_1
1.4013e-45
2.8026e-45
4.2039e-45
5.60519e-45
7.00649e-45
8.40779e-45
9.80909e-45
1.12104e-44
1.26117e-44
1.4013e-44
1.54143e-44
1.68156e-44
1.82169e-44
1.96182e-44
2.10195e-44
2.24208e-44
2.38221e-44
2.52234e-44
2.66247e-44
2.8026e-44
2.94273e-44
3.08286e-44
3.22299e-44
3.36312e-44
3.50325e-44
3.64338e-44
3.78351e-44
3.92364e-44
4.06377e-44
4.2039e-44
4.34403e-44
4.48416e-44
4.62428e-44
4.76441e-44
4.90454e-44
5.04467e-44
5.1848e-44
5.32493e-44
5.46506e-44
5.60519e-44
5.74532e-44
5.88545e-44
6.02558e-44
6.16571e-44
6.30584e-44
6.44597e-44
6.5861e-44
6.72623e-44
6.86636e-44
7.00649e-44
7.14662e-44
7.28675e-44
7.42688e-44
7.56701e-44
7.70714e-44
7.84727e-44
7.9874e-44
8.12753e-44
8.26766e-44
8.40779e-44
8.54792e-44
8.68805e-44
8.82818e-44
8.96831e-44
9.10844e-44
9.24857e-44
9.3887e-44
9.52883e-44
9.66896e-44
9.80909e-44
9.94922e-44
1.00893e-43
1.02295e-43
1.23314e-43
2.28412e-43
6.75426e-43
2.57419e-42
1.04621e-41
4.2685e-41
1.72273e-40
6.85284e-40
2.68496e-39
1.03608e-38
3.93805e-38
1.47453e-37
5.43964e-37
1.97737e-36
7.08375e-36
2.50122e-35
8.70575e-35
2.98731e-34
1.01071e-33
3.37204e-33
1.10951e-32
3.60072e-32
1.1527e-31
3.64044e-31
1.13436e-30
3.48781e-30
1.05829e-29
3.16916e-29
