ordre_1
1.4013e-45
2.8026e-45
4.2039e-45
5.60519e-45
7.00649e-45
8.40779e-45
9.80909e-45
1.12104e-44
1.54143e-44
8.96831e-44
1.32703e-42
1.9663e-41
2.66952e-40
3.32642e-39
3.82606e-38
4.08281e-37
4.05996e-36
3.77683e-35
3.29814e-34
2.71193e-33
2.10546e-32
1.54722e-31
1.07861e-30
7.14789e-30
4.51126e-29
2.71625e-28
1.56271e-27
8.60318e-27
4.53832e-26
2.29685e-25
1.11655e-24
5.21929e-24
2.3484e-23
1.01807e-22
4.2562e-22
1.71742e-21
6.69405e-21
2.52228e-20
9.19399e-20
3.2443e-19
1.109e-18
3.67455e-18
1.18088e-17
3.6829e-17
1.11531e-16
3.28139e-16
9.38438e-16
2.61012e-15
7.06378e-15
1.86101e-14
4.77531e-14
1.194e-13
2.91043e-13
6.91934e-13
1.6052e-12
3.63544e-12
8.04177e-12
1.73829e-11
3.67353e-11
7.59368e-11
1.53621e-10
3.04306e-10
5.90565e-10
1.12349e-09
2.09638e-09
3.83911e-09
6.90442e-09
1.22022e-08
2.12059e-08
3.6264e-08
6.10659e-08
1.01329e-07
1.65799e-07
2.67703e-07
4.26821e-07
6.72432e-07
1.04747e-06
1.61429e-06
2.46274e-06
3.72109e-06
5.57106e-06
8.26792e-06
1.21674e-05
1.77611e-05
2.57228e-05
3.69687e-05
5.27332e-05
7.46661e-05
0.000104953
0.000146464
0.000202934
0.00027918
0.000381357
0.000517257
0.000696651
0.00093167
0.00123723
0.00163148
0.0021363
0.00277772
0.00358643
