ordre_2
-6.74663e-23
-1.21888e-22
5.85721e-22
7.76916e-22
-2.71337e-21
-3.78974e-21
1.00446e-20
1.64168e-20
-3.1918e-20
-6.53329e-20
8.71215e-20
2.40614e-19
-1.92045e-19
-8.18345e-19
2.55932e-19
2.5492e-18
3.97084e-19
-7.15633e-18
-4.69383e-18
1.75341e-17
2.24993e-17
-3.47578e-17
-8.08508e-17
4.19491e-17
2.37622e-16
4.9447e-17
-5.702e-16
-5.27679e-16
1.02952e-15
2.06799e-15
-8.93951e-16
-5.6645e-15
-2.5134e-15
1.11523e-14
1.54098e-14
-1.19491e-14
-4.56634e-14
-1.53893e-14
8.66022e-14
1.17193e-13
-7.23033e-14
-3.23838e-13
-1.78431e-13
4.93087e-13
8.95049e-13
-4.27799e-14
-1.86599e-12
-2.00832e-12
1.4198e-12
5.60137e-12
3.84091e-12
-6.19479e-12
-1.48646e-11
-6.67098e-12
1.94004e-11
3.70088e-11
1.22645e-11
-5.09418e-11
-8.95256e-11
-3.00251e-11
1.1615e-10
2.1232e-10
9.70443e-11
-2.23675e-10
-4.83412e-10
-3.27942e-10
3.15629e-10
1.00254e-09
9.94271e-10
-9.25038e-11
-1.71227e-09
-2.50911e-09
-1.28199e-09
1.81081e-09
4.83763e-09
5.10269e-09
1.15422e-09
-5.58503e-09
-1.09725e-08
-1.04175e-08
-2.07676e-09
1.10989e-08
2.20838e-08
2.32488e-08
1.08419e-08
-1.21051e-08
-3.61819e-08
-4.94985e-08
-4.30187e-08
-1.52078e-08
2.69548e-08
6.96837e-08
9.81673e-08
1.00363e-07
7.28507e-08
1.86419e-08
-5.12578e-08
-1.22298e-07
-1.92758e-07
-2.0844e-07
-3.31625e-07
