ordre_2
-1.14854e-38
-6.23592e-38
9.99943e-38
3.74541e-37
-4.66641e-37
-1.68565e-36
1.75443e-36
6.72232e-36
-5.74464e-36
-2.49811e-35
1.6591e-35
8.82782e-35
-4.09652e-35
-2.99256e-34
7.55511e-35
9.76237e-34
-2.66446e-35
-3.06423e-33
-6.60902e-34
9.22898e-33
4.47186e-33
-2.65271e-32
-2.10675e-32
7.20939e-32
8.45607e-32
-1.82295e-31
-3.06246e-31
4.15682e-31
1.02345e-30
-7.93227e-31
-3.18339e-30
9.4917e-31
9.22233e-30
1.26416e-30
-2.47274e-29
-1.44182e-29
6.03879e-29
6.69851e-29
-1.29583e-28
-2.41609e-28
2.21909e-28
7.49099e-28
-1.88945e-28
-2.04967e-27
-6.27879e-28
4.92542e-27
4.39875e-27
-9.99792e-27
-1.70236e-26
1.49803e-26
5.17981e-26
-5.17831e-27
-1.31721e-25
-7.18293e-26
2.76396e-25
3.58785e-25
-4.29658e-25
-1.16135e-24
2.26191e-25
2.93854e-24
1.56479e-24
-5.82522e-24
-7.9783e-24
7.70609e-24
2.44533e-23
8.60597e-25
-5.58416e-23
-4.59434e-23
9.115e-23
1.78213e-22
-6.08779e-23
-4.52228e-22
-2.42022e-22
8.04837e-22
1.22756e-21
-7.15889e-22
-3.32907e-21
-1.38246e-21
6.01687e-21
8.44799e-21
-5.25447e-21
-2.30124e-20
-1.02664e-20
3.9288e-20
5.91427e-20
-2.58167e-20
-1.4892e-19
-9.28771e-20
2.17402e-19
4.12009e-19
-3.70304e-20
-8.82247e-19
-8.01693e-19
9.04095e-19
2.52279e-18
1.18116e-18
-4.21553e-18
-7.66444e-18
3.52295e-18
1.63709e-17
-5.44443e-19
