ordre_2
-2.3728e-24
3.07649e-25
2.10232e-23
3.28834e-25
-1.01604e-22
-1.6725e-23
4.02848e-22
1.43339e-22
-1.42091e-21
-8.49394e-22
4.56052e-21
4.12903e-21
-1.33088e-20
-1.74861e-20
3.46058e-20
6.62072e-20
-7.58163e-20
-2.26355e-19
1.15989e-19
6.98191e-19
2.17681e-20
-1.91965e-18
-1.09584e-18
4.56183e-18
5.5765e-18
-8.64662e-18
-1.99123e-17
9.40875e-18
5.6937e-17
1.53707e-17
-1.30925e-16
-1.32955e-16
2.19959e-16
4.89256e-16
-1.40797e-16
-1.26971e-15
-7.17629e-16
2.33521e-15
3.66087e-15
-2.07301e-15
-1.00973e-14
-4.67045e-15
1.78768e-14
2.72971e-14
-1.20348e-14
-7.03997e-14
-4.56726e-14
1.00854e-13
2.00618e-13
5.81634e-15
-4.03158e-13
-4.55223e-13
2.98678e-13
1.24188e-12
8.43549e-13
-1.43118e-12
-3.3236e-12
-1.26374e-12
4.7473e-12
8.23663e-12
1.50314e-12
-1.32418e-11
-1.97599e-11
-1.81985e-12
3.29327e-11
4.71511e-11
5.86116e-12
-7.39519e-11
-1.12256e-10
-3.07041e-11
1.46295e-10
2.6035e-10
1.33328e-10
-2.33061e-10
-5.60554e-10
-4.59432e-10
2.03523e-10
1.03585e-09
1.27112e-09
3.62773e-10
-1.38599e-09
-2.74147e-09
-2.28061e-09
4.25427e-10
4.06488e-09
6.03565e-09
4.0751e-09
-1.88347e-09
-8.97113e-09
-1.25593e-08
-8.95195e-09
1.9467e-09
1.56386e-08
2.48333e-08
2.2766e-08
7.65312e-09
-1.63129e-08
-4.07038e-08
-4.74297e-08
-5.40448e-08
7.57615e-09
