u_np1_2nd_order
-7.1962e-08
1.64301e-07
8.45573e-07
1.7653e-06
2.99232e-06
4.85942e-06
7.79463e-06
1.23768e-05
1.94547e-05
3.02723e-05
4.66308e-05
7.11064e-05
0.000107338
0.000160403
0.000237292
0.000347511
0.000503814
0.000723085
0.00102737
0.00144506
0.00201219
0.00277379
0.00378532
0.00511397
0.00683976
0.00905633
0.0118712
0.0154052
0.0197912
0.0251716
0.0316945
0.0395088
0.0487574
0.0595697
0.0720526
0.0862809
0.102287
0.120052
0.139496
0.160472
0.18276
0.206068
0.230031
0.254221
0.278155
0.301309
0.323138
0.343097
0.36066
0.375348
0.386744
0.394521
0.398448
0.398411
0.394411
0.386568
0.375113
0.360378
0.342781
0.322802
0.300967
0.27782
0.253906
0.229746
0.20582
0.182555
0.160312
0.139382
0.119982
0.102257
0.0862859
0.072087
0.0596272
0.0488318
0.0395943
0.031786
0.0252646
0.019882
0.0154912
0.0119504
0.00912758
0.00690247
0.00516809
0.00383117
0.00281197
0.00204347
0.00147029
0.00104741
0.000738772
0.000515921
0.000356727
0.000244213
0.000165533
0.000111091
7.38174e-05
4.85645e-05
3.16346e-05
2.04018e-05
1.30423e-05
8.12318e-06
5.81136e-06
