ordre_2
5.1848e-44
-1.09301e-43
-4.59626e-43
6.38992e-43
2.28972e-42
-2.66807e-42
-9.61431e-42
9.56106e-42
3.69522e-41
-3.06324e-41
-1.3427e-40
8.83266e-41
4.67969e-40
-2.23482e-40
-1.57488e-39
4.52086e-40
5.1313e-39
-4.36282e-40
-1.61907e-38
-2.12663e-39
4.93928e-38
1.8141e-38
-1.45194e-37
-9.17606e-38
4.0894e-37
3.85128e-37
-1.09347e-36
-1.45111e-36
2.73254e-36
5.0578e-36
-6.19181e-36
-1.65241e-35
1.18416e-35
5.08631e-35
-1.45903e-35
-1.475e-34
-1.64547e-35
4.01002e-34
2.07938e-34
-1.0103e-33
-9.95337e-34
2.30311e-33
3.70552e-33
-4.49471e-33
-1.19733e-32
6.27821e-33
3.46876e-32
5.35287e-34
-9.06084e-32
-4.7657e-32
2.10457e-31
2.34544e-31
-4.15209e-31
-8.28222e-31
5.97651e-31
2.4413e-30
-1.06518e-31
-6.20723e-30
-3.41685e-30
1.34311e-29
1.67041e-29
-2.28652e-29
-5.55477e-29
2.06282e-29
1.49052e-28
4.76378e-29
-3.29382e-28
-3.36907e-28
5.61243e-28
1.19409e-27
-5.00945e-28
-3.18809e-27
-1.10427e-27
6.69913e-27
7.51137e-27
-1.00477e-26
-2.5018e-26
4.22763e-27
6.09385e-26
3.76529e-26
-1.09749e-25
-1.72776e-25
1.09941e-25
4.79075e-25
1.47117e-25
-9.52716e-25
-1.13115e-24
1.17724e-24
3.51043e-24
3.54435e-25
-7.29415e-24
-7.01539e-24
8.94937e-24
2.36284e-23
4.56484e-24
-5.24402e-23
-6.07362e-23
8.50744e-23
1.77901e-22
-9.59658e-23
-2.14068e-22
