ordre_2
-1.4013e-45
-2.8026e-45
-2.8026e-45
-1.4013e-45
0
1.4013e-45
1.4013e-45
0
-1.4013e-45
-2.8026e-45
-2.8026e-45
-1.4013e-45
0
1.4013e-45
1.4013e-45
2.8026e-45
1.4013e-45
0
-1.4013e-45
-2.8026e-45
-4.2039e-45
-5.60519e-45
-5.60519e-45
-4.2039e-45
-2.8026e-45
-1.4013e-45
-1.4013e-45
-0
-0
-1.4013e-45
-2.8026e-45
-4.2039e-45
-5.60519e-45
-7.00649e-45
-7.00649e-45
-5.60519e-45
-4.2039e-45
-2.8026e-45
-1.4013e-45
-1.4013e-45
-2.8026e-45
-4.2039e-45
-5.60519e-45
-7.00649e-45
-7.00649e-45
-8.40779e-45
-9.80909e-45
-1.12104e-44
-1.26117e-44
-1.4013e-44
-1.4013e-44
-1.4013e-44
-1.26117e-44
-1.12104e-44
-9.80909e-45
-8.40779e-45
-8.40779e-45
-7.00649e-45
-1.26117e-44
-2.38221e-44
-1.96182e-44
2.8026e-45
8.40779e-45
-3.92364e-44
-6.86636e-44
5.74532e-44
1.97583e-43
-6.02558e-44
-5.49309e-43
-1.23314e-43
1.33684e-42
9.61291e-43
-2.97776e-42
-4.02173e-42
5.47768e-42
1.31372e-41
-6.86076e-42
-3.7091e-41
-3.05623e-42
9.21256e-41
5.90717e-41
-1.98675e-40
-2.58967e-40
3.47882e-40
8.33942e-40
-3.66919e-40
-2.22931e-39
-4.99271e-40
5.03298e-39
4.68659e-39
-9.20342e-39
-1.87901e-38
1.13446e-38
5.80923e-38
1.41079e-39
-1.51232e-37
-5.73849e-38
3.2847e-37
1.77352e-37
-5.13672e-37
-2.17161e-37
