ordre_1
1.4013e-45
2.8026e-45
4.2039e-45
5.60519e-45
7.00649e-45
8.40779e-45
9.80909e-45
1.12104e-44
1.26117e-44
1.4013e-44
1.54143e-44
1.68156e-44
1.82169e-44
3.92364e-44
3.40516e-43
3.93485e-42
4.36631e-41
4.54724e-40
4.4491e-39
4.10148e-38
3.57224e-37
2.9468e-36
2.30751e-35
1.71874e-34
1.22e-33
8.26687e-33
5.35597e-32
3.32264e-31
1.97636e-30
1.12857e-29
6.19417e-29
3.27115e-28
1.66389e-27
8.15969e-27
3.86134e-26
1.76476e-25
7.79592e-25
3.33126e-24
1.37791e-23
5.52083e-23
2.14405e-22
8.07574e-22
2.9519e-21
1.0477e-20
3.61263e-20
1.21083e-19
3.94667e-19
1.25163e-18
3.86384e-18
1.16159e-17
3.40225e-17
9.71271e-17
2.70368e-16
7.34147e-16
1.94534e-15
5.03223e-15
1.27128e-14
3.13767e-14
7.5686e-14
1.78497e-13
4.11734e-13
9.29255e-13
2.05282e-12
4.44051e-12
9.40913e-12
1.95378e-11
3.97728e-11
7.94081e-11
1.55561e-10
2.99147e-10
5.64961e-10
1.04835e-09
1.91235e-09
3.43098e-09
6.05742e-09
1.05295e-08
1.80312e-08
3.04352e-08
5.06656e-08
8.32315e-08
1.35004e-07
2.16343e-07
3.427e-07
5.36905e-07
8.32375e-07
1.27759e-06
1.9423e-06
2.92599e-06
4.36946e-06
6.47039e-06
9.50403e-06
1.38507e-05
2.00317e-05
2.87557e-05
4.09784e-05
5.7978e-05
8.14496e-05
0.000113623
0.000157404
0.000216552
0.00029588
