u_n_2nd_order
1.48672e-06
2.43896e-06
3.9613e-06
6.36983e-06
1.01409e-05
1.59837e-05
2.49425e-05
3.85352e-05
5.89431e-05
8.92617e-05
0.00013383
0.000198655
0.000291947
0.000424781
0.000611902
0.000872683
0.00123222
0.00172257
0.00238409
0.00326682
0.00443185
0.00595254
0.00791545
0.0104209
0.013583
0.0175283
0.0223945
0.028327
0.0354746
0.0439836
0.053991
0.0656158
0.0789502
0.0940491
0.110921
0.129518
0.149727
0.171369
0.194186
0.217852
0.241971
0.266085
0.289692
0.312254
0.333225
0.352065
0.36827
0.381388
0.391043
0.396953
0.398942
0.396953
0.391043
0.381388
0.36827
0.352065
0.333225
0.312254
0.289692
0.266085
0.241971
0.217852
0.194186
0.171369
0.149727
0.129518
0.110921
0.094049
0.0789501
0.0656158
0.053991
0.0439836
0.0354746
0.028327
0.0223945
0.0175283
0.013583
0.0104209
0.00791545
0.00595253
0.00443185
0.00326682
0.00238409
0.00172257
0.00123222
0.000872683
0.000611901
0.000424781
0.000291947
0.000198655
0.00013383
8.92615e-05
5.89431e-05
3.85352e-05
2.49424e-05
1.59837e-05
1.01408e-05
6.36983e-06
3.9613e-06
2.43895e-06
1.48672e-06
