ordre_1
1.4013e-45
2.8026e-45
4.2039e-45
5.60519e-45
7.00649e-45
8.40779e-45
9.80909e-45
1.12104e-44
1.26117e-44
1.4013e-44
1.54143e-44
1.68156e-44
1.82169e-44
1.96182e-44
2.10195e-44
2.24208e-44
2.38221e-44
2.52234e-44
2.66247e-44
2.8026e-44
2.94273e-44
3.08286e-44
3.22299e-44
3.36312e-44
3.50325e-44
3.64338e-44
3.78351e-44
3.92364e-44
4.06377e-44
4.2039e-44
4.34403e-44
4.48416e-44
4.62428e-44
4.76441e-44
4.90454e-44
5.04467e-44
5.1848e-44
5.32493e-44
5.46506e-44
5.60519e-44
5.74532e-44
5.88545e-44
6.02558e-44
6.16571e-44
6.30584e-44
6.44597e-44
6.5861e-44
6.72623e-44
7.70714e-44
1.5134e-43
5.59118e-43
2.6989e-42
1.37061e-41
6.9042e-41
3.40977e-40
1.64822e-39
7.79744e-39
3.61108e-38
1.63754e-37
7.2735e-37
3.16526e-36
1.34992e-35
5.64356e-35
2.31341e-34
9.30065e-34
3.66807e-33
1.41947e-32
5.39103e-32
2.00989e-31
7.35729e-31
2.64482e-30
9.33883e-30
3.2396e-29
1.10427e-28
3.69931e-28
1.21817e-27
3.94374e-27
1.25545e-26
3.93053e-26
1.21042e-25
3.66706e-25
1.09312e-24
3.20665e-24
9.25833e-24
2.63132e-23
7.36273e-23
2.02856e-22
5.50404e-22
1.47088e-21
3.87202e-21
1.00419e-20
2.5661e-20
6.46194e-20
1.60377e-19
3.92344e-19
9.46218e-19
2.24994e-18
5.27547e-18
1.21988e-17
2.78222e-17
6.25952e-17
