ordre_2
-5.3682e-17
-3.07415e-15
-5.10837e-17
1.74495e-14
5.04139e-15
-7.00124e-14
-4.54941e-14
2.26867e-13
2.6021e-13
-5.84266e-13
-1.13074e-12
1.01537e-12
3.89704e-12
-1.42153e-14
-1.04452e-11
-8.36293e-12
1.93809e-11
3.79165e-11
-1.12865e-11
-1.00099e-10
-7.58209e-11
1.44193e-10
3.24184e-10
5.97198e-11
-6.08344e-10
-8.60707e-10
1.40743e-10
1.86807e-09
2.2086e-09
-4.94734e-10
-4.75081e-09
-5.93271e-09
-3.63515e-10
9.6869e-09
1.55583e-08
8.5132e-09
-1.15028e-08
-3.24826e-08
-3.67333e-08
-1.34755e-08
3.14133e-08
7.59892e-08
9.3297e-08
6.58693e-08
-5.1093e-09
-1.00574e-07
-1.92499e-07
-2.55011e-07
-2.71765e-07
-2.36711e-07
-1.48794e-07
-2.99132e-09
2.20227e-07
5.66567e-07
1.12235e-06
2.03503e-06
3.54437e-06
6.02996e-06
1.00822e-05
1.66056e-05
2.69659e-05
4.31944e-05
6.82658e-05
0.000106469
0.000163893
0.000249054
0.00037367
0.000553621
0.00081007
0.00117078
0.00167155
0.00235782
0.00328625
0.00452619
0.00616103
0.00828904
0.0110237
0.014493
0.0188382
0.0242106
0.0307673
0.0386659
0.0480564
0.0590733
0.0718253
0.086385
0.102779
0.120976
0.140881
0.162325
0.185068
0.20878
0.233105
0.25748
0.28175
0.304258
0.327969
0.341363
0.377806
0.333215
0.520962
