ordre_1
1.4013e-45
2.8026e-45
4.2039e-45
5.60519e-45
7.00649e-45
8.40779e-45
9.80909e-45
1.12104e-44
1.26117e-44
1.4013e-44
1.54143e-44
1.68156e-44
1.82169e-44
1.96182e-44
2.10195e-44
2.24208e-44
2.38221e-44
3.08286e-44
1.10703e-43
9.41673e-43
8.87442e-42
8.06307e-41
6.96968e-40
5.73436e-39
4.49848e-38
3.37051e-37
2.4158e-36
1.6588e-35
1.09266e-34
6.91315e-34
4.20611e-33
2.46361e-32
1.39057e-31
7.57112e-31
3.97985e-30
2.02153e-29
9.92998e-29
4.72062e-28
2.17342e-27
9.69786e-27
4.19639e-26
1.76201e-25
7.18338e-25
2.84496e-24
1.09517e-23
4.09984e-23
1.49328e-22
5.2943e-22
1.82794e-21
6.14883e-21
2.01594e-20
6.44452e-20
2.00956e-19
6.11469e-19
1.81621e-18
5.26785e-18
1.49253e-17
4.13223e-17
1.11831e-16
2.95932e-16
7.65981e-16
1.93988e-15
4.8084e-15
1.16688e-14
2.77326e-14
6.4569e-14
1.4732e-13
3.29488e-13
7.22594e-13
1.5544e-12
3.28087e-12
6.79692e-12
1.38255e-11
2.76214e-11
5.42201e-11
1.04613e-10
1.98463e-10
3.70355e-10
6.801e-10
1.22949e-09
2.18907e-09
3.84032e-09
6.64121e-09
1.13266e-08
1.90602e-08
3.16622e-08
5.19455e-08
8.42092e-08
1.34953e-07
2.13907e-07
3.35493e-07
5.20897e-07
8.00968e-07
1.22024e-06
1.8425e-06
2.75833e-06
4.0954e-06
6.03227e-06
8.81664e-06
1.27896e-05
1.8417e-05
