ordre_2
-1.4013e-45
-2.8026e-45
-2.8026e-45
-1.4013e-45
0
1.4013e-45
1.4013e-45
0
-1.4013e-45
-2.8026e-45
-2.8026e-45
-1.4013e-45
0
1.4013e-45
1.4013e-45
2.8026e-45
1.4013e-45
0
-1.4013e-45
-2.8026e-45
-4.2039e-45
-5.60519e-45
-5.60519e-45
-4.2039e-45
-2.8026e-45
-1.4013e-45
-1.4013e-45
-0
-0
-1.4013e-45
-2.8026e-45
-4.2039e-45
-5.60519e-45
-7.00649e-45
-7.00649e-45
-5.60519e-45
-4.2039e-45
-2.8026e-45
-1.4013e-45
-1.4013e-45
-2.8026e-45
-4.2039e-45
-5.60519e-45
-5.60519e-45
-1.4013e-45
5.60519e-45
5.60519e-45
-1.4013e-44
-2.24208e-44
1.12104e-44
3.08286e-44
-5.32493e-44
-1.30321e-43
6.86636e-44
3.69943e-43
-2.66247e-44
-1.00053e-42
-3.71344e-43
2.4803e-42
2.08513e-42
-5.6066e-42
-8.08829e-42
1.09049e-41
2.63388e-41
-1.57058e-41
-7.61606e-41
2.8054e-42
1.98111e-40
9.39529e-41
-4.59866e-40
-4.81235e-40
9.17476e-40
1.71571e-39
-1.39089e-39
-5.09761e-39
6.53361e-40
1.31622e-38
5.92031e-39
-2.94472e-38
-3.20874e-38
5.43313e-38
1.12167e-37
-6.75794e-38
-3.16863e-37
-2.46191e-38
7.52317e-37
5.20389e-37
-1.45388e-36
-2.1877e-36
1.91048e-36
6.68524e-36
3.84276e-37
-1.69772e-35
-1.32435e-35
3.71526e-35
5.44483e-35
-7.0277e-35
-1.47395e-34
1.09985e-34
2.57682e-34
-9.99844e-35
