ordre_2
-1.4013e-45
-2.8026e-45
-2.8026e-45
-1.4013e-45
0
1.4013e-45
1.4013e-45
0
-1.4013e-45
-2.8026e-45
-2.8026e-45
-1.4013e-45
0
1.4013e-45
1.4013e-45
2.8026e-45
1.4013e-45
0
-1.4013e-45
-2.8026e-45
-4.2039e-45
-5.60519e-45
-5.60519e-45
-7.00649e-45
-1.26117e-44
-7.00649e-45
1.4013e-44
1.26117e-44
-3.78351e-44
-4.06377e-44
1.00893e-43
1.52742e-43
-2.50832e-43
-5.17079e-43
5.49309e-43
1.63391e-42
-1.05518e-42
-4.98162e-42
1.31442e-42
1.44404e-41
1.35646e-42
-3.97534e-41
-1.82799e-41
1.03021e-40
8.95416e-41
-2.47591e-40
-3.4273e-40
5.34643e-40
1.14901e-39
-9.59825e-40
-3.49988e-39
1.04477e-39
9.80167e-39
1.64802e-39
-2.52013e-38
-1.61151e-38
5.86054e-38
7.04753e-38
-1.18433e-37
-2.42203e-37
1.84562e-37
7.20023e-37
-1.003e-37
-1.89902e-36
-7.60239e-37
4.42217e-36
4.36225e-36
-8.74732e-36
-1.59359e-35
1.28381e-35
4.733e-35
-4.218e-36
-1.20164e-34
-6.18541e-35
2.58976e-34
3.1162e-34
-4.40368e-34
-1.03859e-33
4.07457e-34
2.78302e-33
8.40945e-34
-6.16395e-33
-6.16295e-33
1.06842e-32
2.20163e-32
-1.06158e-32
-5.92332e-32
-1.55033e-32
1.25721e-31
1.25742e-31
-1.9054e-31
-4.44846e-31
7.73433e-32
1.18396e-30
7.51775e-31
-2.59346e-30
-3.36706e-30
4.71721e-30
8.38757e-30
-6.39564e-30
-9.61595e-30
