ordre_1
2.40193e-33
2.17712e-31
9.76303e-30
2.88782e-28
6.33808e-27
1.10088e-25
1.57619e-24
1.91324e-23
2.00976e-22
1.85584e-21
1.5252e-20
1.12679e-19
7.5451e-19
4.61108e-18
2.58712e-17
1.33941e-16
6.42727e-16
2.86979e-15
1.19646e-14
4.67227e-14
1.71385e-13
5.92044e-13
1.93069e-12
5.95681e-12
1.74248e-11
4.84219e-11
1.28076e-10
3.23038e-10
7.78397e-10
1.79518e-09
3.96986e-09
8.43386e-09
1.72467e-08
3.40167e-08
6.48477e-08
1.19746e-07
2.14672e-07
3.74496e-07
6.37239e-07
1.06014e-06
1.72832e-06
2.76716e-06
4.3598e-06
6.77166e-06
1.03845e-05
1.57427e-05
2.36164e-05
3.50842e-05
5.16425e-05
7.53466e-05
0.00010899
0.000156333
0.000222377
0.000313713
0.000438926
0.000609081
0.000838277
0.00114428
0.0015492
0.00208027
0.00277055
0.00365972
0.00479476
0.00623051
0.00803004
0.0102648
0.0130144
0.0163658
0.0204122
0.0252513
0.0309827
0.0377049
0.0455113
0.0544859
0.0646982
0.0761983
0.0890108
0.10313
0.118515
0.135085
0.152717
0.171243
0.190453
0.210091
0.229866
0.249454
0.268506
0.286659
0.303546
0.318811
0.332115
0.343158
0.35168
0.357479
0.360414
0.360414
0.357479
0.35168
0.343158
0.332115
0.318811
