ordre_1
1.4013e-45
2.8026e-45
4.2039e-45
5.60519e-45
7.00649e-45
8.40779e-45
9.80909e-45
1.12104e-44
1.26117e-44
1.4013e-44
1.54143e-44
1.68156e-44
1.82169e-44
1.96182e-44
2.10195e-44
2.24208e-44
2.38221e-44
2.52234e-44
2.66247e-44
2.8026e-44
2.94273e-44
3.08286e-44
3.22299e-44
3.64338e-44
7.14662e-44
3.72745e-43
2.82362e-42
2.17173e-41
1.61414e-40
1.15403e-39
7.93952e-39
5.26149e-38
3.36202e-37
2.07341e-36
1.23525e-35
7.11512e-35
3.96562e-34
2.14028e-33
1.11937e-32
5.67693e-32
2.79363e-31
1.33477e-30
6.19552e-30
2.79527e-29
1.22652e-28
5.23656e-28
2.17646e-27
8.81028e-27
3.47499e-26
1.33606e-25
5.00939e-25
1.83232e-24
6.54089e-24
2.27956e-23
7.75885e-23
2.58001e-22
8.3843e-22
2.66361e-21
8.275e-21
2.51471e-20
7.47755e-20
2.17622e-19
6.20071e-19
1.73018e-18
4.72899e-18
1.26645e-17
3.32397e-17
8.55243e-17
2.15771e-16
5.33919e-16
1.29612e-15
3.08748e-15
7.21875e-15
1.65701e-14
3.73507e-14
8.26974e-14
1.79892e-13
3.84566e-13
8.08125e-13
1.66974e-12
3.39311e-12
6.78335e-12
1.33448e-11
2.58417e-11
4.92725e-11
9.25324e-11
1.71208e-10
3.12204e-10
5.61281e-10
9.95173e-10
1.74079e-09
3.00527e-09
5.12233e-09
8.62313e-09
1.4343e-08
2.35811e-08
3.83357e-08
6.16491e-08
9.81074e-08
1.54559e-07
2.41135e-07
