ordre_2
-1.4013e-45
-2.8026e-45
-2.8026e-45
-1.4013e-45
0
1.4013e-45
1.4013e-45
0
-1.4013e-45
-2.8026e-45
-2.8026e-45
-1.4013e-45
0
1.4013e-45
1.4013e-45
2.8026e-45
1.4013e-45
0
-1.4013e-45
-2.8026e-45
-4.2039e-45
-5.60519e-45
-5.60519e-45
-4.2039e-45
-2.8026e-45
-1.4013e-45
-1.4013e-45
-0
-0
-1.4013e-45
-2.8026e-45
-4.2039e-45
-5.60519e-45
-7.00649e-45
-7.00649e-45
-5.60519e-45
-4.2039e-45
-2.8026e-45
-1.4013e-45
-1.4013e-45
-2.8026e-45
-4.2039e-45
-5.60519e-45
-7.00649e-45
-7.00649e-45
-8.40779e-45
-9.80909e-45
-1.12104e-44
-1.26117e-44
-1.4013e-44
-1.4013e-44
-1.4013e-44
-1.26117e-44
-1.12104e-44
-9.80909e-45
-8.40779e-45
-8.40779e-45
-7.00649e-45
-5.60519e-45
-4.2039e-45
-2.8026e-45
-2.8026e-45
-4.2039e-45
-5.60519e-45
-7.00649e-45
-7.00649e-45
-2.8026e-45
5.60519e-45
0
-2.10195e-44
-2.66247e-44
1.54143e-44
3.78351e-44
-6.5861e-44
-1.77965e-43
3.64338e-44
4.44212e-43
1.14906e-43
-1.09161e-42
-8.91226e-43
2.28552e-42
3.47102e-42
-3.8816e-42
-1.07704e-41
3.63076e-42
2.83497e-41
7.73797e-42
-6.39441e-41
-6.03119e-41
1.17688e-40
2.364e-40
-1.45476e-40
-7.33623e-40
-3.63189e-41
1.95628e-39
9.01099e-40
-4.51454e-39
-3.14042e-39
8.43959e-39
6.02115e-39
-8.5714e-39
