ordre_2
-9.66996e-32
-5.23435e-31
8.33128e-31
3.14459e-30
-3.79995e-30
-1.41421e-29
1.3722e-29
5.62158e-29
-4.19255e-29
-2.07316e-28
1.06484e-28
7.22237e-28
-1.94095e-28
-2.3916e-27
1.84762e-29
7.52755e-27
2.07646e-27
-2.24193e-26
-1.33419e-26
6.25862e-26
6.11116e-26
-1.6093e-25
-2.37656e-25
3.68114e-25
8.25211e-25
-6.86983e-25
-2.60328e-24
7.20261e-25
7.47728e-24
1.65255e-24
-1.93533e-23
-1.4343e-23
4.38441e-23
6.15569e-23
-8.04544e-23
-2.05737e-22
8.7013e-23
5.78529e-22
1.33837e-22
-1.37508e-21
-1.21732e-21
2.62134e-21
4.76071e-21
-3.17553e-21
-1.38078e-20
-2.1319e-21
3.16282e-20
2.84245e-20
-5.36096e-20
-1.07922e-19
4.14038e-20
2.835e-19
1.32554e-19
-5.41606e-19
-7.5194e-19
5.91035e-19
2.19694e-18
5.90733e-19
-4.35389e-18
-5.20094e-18
4.81444e-18
1.57528e-17
4.29207e-18
-2.97872e-17
-3.77112e-17
2.65755e-17
1.05613e-16
4.94796e-17
-1.69913e-16
-2.75607e-16
6.46544e-17
6.30168e-16
5.34402e-16
-6.99426e-16
-1.82578e-15
-6.01543e-16
2.94684e-15
4.4692e-15
-7.16809e-16
-9.48806e-15
-9.53312e-15
7.10097e-15
2.64819e-14
1.79434e-14
-2.83123e-14
-6.7703e-14
-2.99971e-14
8.801e-14
1.64211e-13
4.51761e-14
-2.39283e-13
-3.87133e-13
-7.20204e-14
6.0411e-13
8.98444e-13
1.19323e-13
-1.28568e-12
-2.21845e-12
-6.81956e-13
4.17241e-12
2.93261e-12
