ordre_2
-1.6595e-37
-1.27626e-35
9.31193e-37
7.55461e-35
8.14944e-37
-3.31913e-34
-3.62841e-35
1.28014e-33
2.97405e-34
-4.5578e-33
-1.7445e-33
1.52795e-32
8.62107e-33
-4.85917e-32
-3.80717e-32
1.46681e-31
1.54534e-31
-4.18175e-31
-5.85308e-31
1.11245e-30
2.08571e-30
-2.69363e-30
-7.01994e-30
5.60422e-30
2.23306e-29
-8.28749e-30
-6.69721e-29
-1.80596e-30
1.88195e-28
8.10586e-29
-4.8953e-28
-4.33774e-28
1.15119e-27
1.70404e-27
-2.32174e-27
-5.69287e-27
3.41173e-27
1.68315e-26
-3.39448e-28
-4.43244e-26
-2.29971e-26
1.02192e-25
1.16737e-25
-1.94623e-25
-4.11299e-25
2.46624e-25
1.18542e-24
1.19536e-25
-2.87358e-24
-2.1479e-24
5.65989e-24
9.03241e-24
-7.63648e-24
-2.71229e-23
-6.56426e-25
6.44299e-23
4.82143e-23
-1.17038e-22
-2.00845e-22
1.21873e-22
5.61334e-22
1.55287e-22
-1.17035e-21
-1.29365e-21
1.61666e-21
4.26313e-21
-9.09739e-23
-9.63887e-21
-8.03991e-21
1.44306e-20
3.03962e-20
-4.72938e-21
-7.06432e-20
-5.38632e-20
1.03234e-19
2.11701e-19
-2.20072e-20
-4.71364e-19
-4.05762e-19
5.98982e-19
1.43693e-18
1.74971e-19
-2.8037e-18
-3.19461e-18
2.49418e-18
9.08796e-18
4.38163e-18
-1.37208e-17
-2.33698e-17
2.30247e-18
4.9312e-17
4.89616e-17
-4.45631e-17
-1.41242e-16
-7.30117e-17
1.74923e-16
3.82676e-16
9.59289e-17
-8.14152e-16
-7.0091e-16
8.08552e-16
