ordre_2
-1.4013e-45
-2.8026e-45
-2.8026e-45
-1.4013e-45
0
1.4013e-45
1.4013e-45
0
-1.4013e-45
-2.8026e-45
-2.8026e-45
-1.4013e-45
0
1.4013e-45
1.4013e-45
2.8026e-45
1.4013e-45
0
-1.4013e-45
-2.8026e-45
-4.2039e-45
-5.60519e-45
-5.60519e-45
-4.2039e-45
-2.8026e-45
-1.4013e-45
-1.4013e-45
-0
-0
-1.4013e-45
-2.8026e-45
-4.2039e-45
-5.60519e-45
-7.00649e-45
-7.00649e-45
-5.60519e-45
-4.2039e-45
-2.8026e-45
-1.4013e-45
-1.4013e-45
0
2.8026e-45
-4.2039e-45
-1.82169e-44
-1.54143e-44
1.26117e-44
1.26117e-44
-5.46506e-44
-6.86636e-44
1.17709e-43
2.29813e-43
-2.31214e-43
-7.28675e-43
3.01279e-43
2.06832e-42
6.86636e-44
-5.49029e-42
-2.60642e-42
1.33782e-41
1.29746e-41
-2.92339e-41
-4.77927e-41
5.37034e-41
1.50638e-40
-6.56438e-41
-4.23006e-40
-4.39657e-41
1.06673e-39
6.65912e-40
-2.3799e-39
-2.96415e-39
4.45468e-39
9.93847e-39
-5.76444e-39
-2.82321e-38
-1.53077e-39
6.97193e-38
4.44015e-38
-1.47335e-37
-1.98282e-37
2.46082e-37
6.40374e-37
-2.18087e-37
-1.70695e-36
-5.08348e-37
3.81464e-36
3.58228e-36
-6.73373e-36
-1.28781e-35
6.78814e-36
3.57848e-35
1.11129e-35
-8.28641e-35
-9.0884e-35
1.61978e-34
3.28539e-34
-2.63577e-34
-8.45552e-34
3.41957e-34
1.44403e-33
-2.65207e-34
