ordre_2
-1.4013e-45
-2.8026e-45
-2.8026e-45
-1.4013e-45
0
1.4013e-45
1.4013e-45
2.8026e-45
5.60519e-45
-7.00649e-45
-2.52234e-44
1.12104e-44
7.14662e-44
-3.78351e-44
-2.43826e-43
8.82818e-44
7.97339e-43
-1.44334e-43
-2.54896e-42
-4.90454e-44
7.89912e-42
1.8301e-42
-2.37156e-41
-1.10422e-41
6.87505e-41
5.02113e-41
-1.91345e-40
-1.99705e-40
5.06407e-40
7.2821e-40
-1.25471e-39
-2.48498e-39
2.82329e-39
8.01086e-39
-5.36602e-39
-2.44843e-38
6.53801e-39
7.09171e-38
7.83791e-39
-1.93801e-37
-9.62869e-38
4.94845e-37
4.62779e-37
-1.15788e-36
-1.74182e-36
2.38049e-36
5.72566e-36
-3.82078e-36
-1.70053e-35
2.26881e-36
4.60407e-35
1.61373e-35
-1.1287e-34
-9.82771e-35
2.43955e-34
3.80075e-34
-4.31049e-34
-1.20587e-33
4.53545e-34
3.32391e-33
6.95106e-34
-8.01967e-33
-6.34184e-33
1.64574e-32
2.55527e-32
-2.57605e-32
-7.90181e-32
1.52619e-32
2.0415e-31
9.1004e-32
-4.41147e-31
-5.06394e-31
7.3967e-31
1.71371e-30
-6.34844e-31
-4.54334e-30
-1.59285e-30
9.71959e-30
1.05816e-29
-1.54714e-29
-3.59841e-29
1.01557e-29
9.16018e-29
4.44952e-29
-1.80057e-28
-2.3962e-28
2.36152e-28
7.29499e-28
1.37613e-29
-1.6211e-27
-1.30185e-27
2.47098e-27
5.07925e-27
-9.44091e-28
-1.33919e-26
-9.32824e-27
2.76047e-26
3.79199e-26
-4.45011e-26
-7.59117e-26
4.05631e-26
