ordre_1
1.4013e-45
2.8026e-45
4.2039e-45
5.60519e-45
7.00649e-45
8.40779e-45
9.80909e-45
1.12104e-44
1.26117e-44
1.4013e-44
1.54143e-44
1.68156e-44
1.82169e-44
1.96182e-44
2.10195e-44
2.24208e-44
2.38221e-44
2.52234e-44
2.66247e-44
2.8026e-44
2.94273e-44
3.08286e-44
3.22299e-44
3.36312e-44
3.50325e-44
3.64338e-44
3.78351e-44
3.92364e-44
4.06377e-44
4.2039e-44
4.34403e-44
4.48416e-44
4.62428e-44
4.76441e-44
4.90454e-44
5.04467e-44
5.1848e-44
5.32493e-44
5.46506e-44
5.60519e-44
6.5861e-44
1.31722e-43
5.45105e-43
2.94833e-42
1.65704e-41
9.1715e-41
4.95674e-40
2.61256e-39
1.34317e-38
6.73839e-38
3.29998e-37
1.57821e-36
7.37365e-36
3.36681e-35
1.50287e-34
6.56054e-34
2.80163e-33
1.17076e-32
4.78899e-32
1.91806e-31
7.52392e-31
2.89139e-30
1.08884e-29
4.01906e-29
1.45444e-28
5.16154e-28
1.7967e-27
6.13599e-27
2.05636e-26
6.76409e-26
2.18427e-25
6.92592e-25
2.15679e-24
6.5975e-24
1.98278e-23
5.8556e-23
1.69961e-22
4.84932e-22
1.36033e-21
3.75241e-21
1.01801e-20
2.71669e-20
7.13255e-20
1.84262e-19
4.68467e-19
1.17231e-18
2.88799e-18
7.0049e-18
1.67313e-17
3.93589e-17
9.12031e-17
2.08207e-16
4.68342e-16
1.03821e-15
2.26841e-15
4.88588e-15
1.03757e-14
2.17278e-14
4.48752e-14
9.14237e-14
1.83759e-13
