ordre_2
-3.83247e-25
8.35452e-25
3.4552e-24
-4.55915e-24
-1.72797e-23
1.72209e-23
7.20455e-23
-5.13947e-23
-2.71583e-22
1.15121e-22
9.48811e-22
-1.12414e-22
-3.08915e-21
-6.52013e-22
9.32943e-21
5.42937e-21
-2.57707e-20
-2.66186e-20
6.32216e-20
1.04934e-19
-1.28544e-19
-3.5636e-19
1.69431e-19
1.06047e-18
1.36781e-19
-2.73931e-18
-1.99985e-18
5.88358e-18
8.90021e-18
-9.11326e-18
-2.85899e-17
2.7831e-18
7.25342e-17
4.65536e-17
-1.40298e-16
-2.19993e-16
1.58465e-16
6.45171e-16
1.66346e-16
-1.34558e-15
-1.54464e-15
1.67699e-15
4.97214e-15
8.51841e-16
-1.01324e-14
-1.15331e-14
1.06496e-14
3.52059e-14
1.28993e-14
-6.0701e-14
-9.00626e-14
2.98054e-14
2.16048e-13
1.7562e-13
-2.38717e-13
-6.17812e-13
-2.35076e-13
9.34094e-13
1.55189e-12
5.6257e-14
-2.88158e-12
-3.62885e-12
8.84904e-13
7.82304e-12
8.31182e-12
-3.52994e-12
-1.95596e-11
-1.94481e-11
8.69511e-12
4.58003e-11
4.72799e-11
-1.37342e-11
-9.97841e-11
-1.17183e-10
5.74072e-13
1.95413e-10
2.82673e-10
9.57148e-11
-3.15128e-10
-6.24418e-10
-4.42371e-10
3.08011e-10
1.16322e-09
1.32993e-09
3.02927e-10
-1.53827e-09
-2.90824e-09
-2.38722e-09
4.18322e-10
4.17591e-09
6.28504e-09
4.46249e-09
-1.44892e-09
-8.76779e-09
-1.28541e-08
-1.01305e-08
3.29254e-10
1.44431e-08
2.27575e-08
3.02559e-08
-3.63618e-10
