ordre_2
9.90378e-32
-1.31201e-32
-8.81951e-31
1.70888e-32
4.31219e-30
3.65041e-31
-1.74613e-29
-3.76449e-30
6.37883e-29
2.41362e-29
-2.16527e-28
-1.25065e-28
6.90004e-28
5.67179e-28
-2.06482e-27
-2.33206e-27
5.75662e-27
8.85018e-27
-1.4667e-26
-3.12797e-26
3.26913e-26
1.03311e-25
-5.62296e-26
-3.18507e-25
3.14434e-26
9.11131e-25
3.07111e-25
-2.38688e-24
-1.94942e-24
5.57352e-24
8.01569e-24
-1.08857e-23
-2.70137e-23
1.4275e-23
7.86804e-23
7.27607e-24
-1.99054e-22
-1.36692e-22
4.2392e-22
6.08879e-22
-6.77799e-22
-1.95788e-21
3.81227e-22
5.0727e-21
2.56828e-21
-1.05001e-20
-1.37167e-20
1.51158e-20
4.38574e-20
-2.50336e-21
-1.04842e-19
-7.63009e-20
1.82031e-19
3.22931e-19
-1.50489e-19
-8.59181e-19
-3.8929e-19
1.59114e-18
2.2577e-18
-1.52044e-18
-6.33269e-18
-2.45085e-18
1.14865e-17
1.60471e-17
-9.39894e-18
-4.32248e-17
-2.21855e-17
6.90636e-17
1.15302e-16
-2.70082e-17
-2.65625e-16
-2.19275e-16
3.12111e-16
7.74367e-16
2.00061e-16
-1.3327e-15
-1.8546e-15
5.83648e-16
4.2924e-15
3.70334e-15
-4.10131e-15
-1.18554e-14
-5.92846e-15
1.55967e-14
2.96892e-14
6.22087e-15
-4.79244e-14
-6.99693e-14
2.40498e-15
1.31041e-13
1.59561e-13
-3.44545e-14
-3.33387e-13
-3.6591e-13
1.30223e-13
7.77644e-13
8.2982e-13
-1.33362e-13
-2.11342e-12
-1.98876e-12
1.99057e-12
