ordre_2
-1.3397e-16
9.02087e-16
1.30738e-15
-4.86783e-15
-7.36195e-15
1.78351e-14
3.42445e-14
-4.94201e-14
-1.37386e-13
9.04768e-14
4.73177e-13
8.24889e-15
-1.35919e-12
-9.39816e-13
3.022e-12
4.78242e-12
-3.96576e-12
-1.5373e-11
-3.81801e-12
3.33758e-11
4.10363e-11
-3.55365e-11
-1.2899e-10
-6.07177e-11
2.09767e-10
3.69036e-10
5.20414e-12
-7.39073e-10
-9.39771e-10
2.18407e-10
2.07604e-09
2.42042e-09
-4.1237e-10
-4.92274e-09
-6.47877e-09
-1.22141e-09
9.06767e-09
1.61865e-08
1.10887e-08
-7.74127e-09
-3.018e-08
-3.9196e-08
-2.21624e-08
1.8998e-08
6.62061e-08
9.36642e-08
8.11455e-08
2.42324e-08
-6.37998e-08
-1.58342e-07
-2.33554e-07
-2.70682e-07
-2.6102e-07
-2.03054e-07
-9.54398e-08
7.20838e-08
3.28897e-07
7.35601e-07
1.40051e-06
2.50432e-06
4.33795e-06
7.35988e-06
1.22811e-05
2.01878e-05
3.27136e-05
5.22768e-05
8.24015e-05
0.000128144
0.000196649
0.000297847
0.000445328
0.000657386
0.000958245
0.00137946
0.00196147
0.00275516
0.00382349
0.00524291
0.00710445
0.0095144
0.0125941
0.0164792
0.0213168
0.0272626
0.0344753
0.0431103
0.0533115
0.0652018
0.0788737
0.0943761
0.111712
0.130804
0.151562
0.173646
0.197186
0.220557
0.247191
0.264976
0.30809
0.273454
0.460405
