ordre_1
3.00241e-34
2.81147e-32
1.30292e-30
3.98409e-29
9.04241e-28
1.62473e-26
2.4072e-25
3.0247e-24
3.29015e-23
3.14718e-22
2.6802e-21
2.05254e-20
1.4252e-19
9.03488e-19
5.26008e-18
2.82678e-17
1.40847e-16
6.53208e-16
2.82951e-15
1.14836e-14
4.37896e-14
1.57291e-13
5.33462e-13
1.71205e-12
5.20992e-12
1.50622e-11
4.14466e-11
1.08745e-10
2.7252e-10
6.53445e-10
1.5017e-09
3.31342e-09
7.03163e-09
1.43785e-08
2.8384e-08
5.41983e-08
1.00309e-07
1.80325e-07
3.15561e-07
5.38752e-07
8.99368e-07
1.47122e-06
2.3633e-06
3.73511e-06
5.81825e-06
8.94637e-06
1.35962e-05
2.04433e-05
3.04359e-05
4.48929e-05
6.56303e-05
9.51233e-05
0.000136712
0.000194854
0.000275441
0.000386172
0.000537001
0.00074066
0.00101324
0.00137487
0.00185041
0.00247017
0.00327073
0.00429556
0.0055957
0.00723015
0.00926618
0.0117792
0.0148522
0.0185749
0.0230424
0.0283524
0.0346032
0.0418897
0.0502994
0.0599078
0.0707733
0.0829319
0.0963919
0.111129
0.127081
0.144145
0.162177
0.180987
0.200342
0.219972
0.23957
0.258801
0.277312
0.294741
0.310731
0.324935
0.337039
0.346763
0.353881
0.358221
0.35968
0.358221
0.353881
0.346763
0.337039
