ordre_1
1.4013e-45
2.8026e-45
4.2039e-45
5.60519e-45
7.00649e-45
2.8026e-44
6.12367e-43
1.30993e-41
2.45324e-40
4.05834e-39
6.0032e-38
8.02027e-37
9.7579e-36
1.08867e-34
1.1204e-33
1.06904e-32
9.49905e-32
7.8907e-31
6.14883e-30
4.50859e-29
3.11926e-28
2.04126e-27
1.26636e-26
7.46297e-26
4.18575e-25
2.23813e-24
1.1427e-23
5.5789e-23
2.60808e-22
1.16895e-21
5.029e-21
2.07901e-20
8.2674e-20
3.16547e-19
1.16806e-18
4.15738e-18
1.42844e-17
4.74171e-17
1.5218e-16
4.72547e-16
1.42067e-15
4.138e-15
1.16847e-14
3.20067e-14
8.51003e-14
2.19758e-13
5.51493e-13
1.34576e-12
3.1951e-12
7.38483e-12
1.66261e-11
3.64833e-11
7.80752e-11
1.63048e-10
3.32486e-10
6.62483e-10
1.29066e-09
2.46029e-09
4.59213e-09
8.39891e-09
1.50643e-08
2.65181e-08
4.58523e-08
7.7942e-08
1.30361e-07
2.14714e-07
3.48565e-07
5.58191e-07
8.82494e-07
1.3785e-06
2.12905e-06
3.25341e-06
4.92187e-06
7.37551e-06
1.09528e-05
1.61252e-05
2.35435e-05
3.40987e-05
4.9e-05
6.98747e-05
9.88919e-05
0.000138918
0.000193707
0.000268127
0.000368433
0.000502585
0.000680615
0.000915038
0.00122131
0.00161832
0.0021289
0.00278037
0.00360499
0.00464049
0.00593035
0.00752413
0.00947746
0.0118519
0.0147145
0.0181369
0.0221944
