ordre_2
-1.4013e-45
-2.8026e-45
-2.8026e-45
-1.4013e-45
0
1.4013e-45
1.4013e-45
0
-1.4013e-45
-2.8026e-45
-2.8026e-45
-1.4013e-45
0
1.4013e-45
1.4013e-45
2.8026e-45
1.4013e-45
0
-0
7.00649e-45
9.80909e-45
-7.00649e-45
-2.66247e-44
1.26117e-44
7.70714e-44
-2.66247e-44
-2.35418e-43
1.4013e-44
6.92241e-43
1.37327e-43
-1.98704e-42
-9.66896e-43
5.45525e-42
4.41689e-42
-1.4282e-41
-1.71407e-41
3.49414e-41
6.00863e-41
-7.77454e-41
-1.95537e-40
1.46622e-40
5.96666e-40
-1.81513e-40
-1.71218e-39
-1.72625e-40
4.60591e-39
2.34721e-39
-1.14988e-38
-1.12055e-38
2.60585e-38
4.14544e-38
-5.09115e-38
-1.33307e-37
7.28804e-38
3.85748e-37
-6.38015e-39
-1.01225e-36
-4.84741e-37
2.3846e-36
2.4725e-36
-4.8642e-36
-8.91111e-36
7.68695e-36
2.6887e-35
-4.75152e-36
-7.07111e-35
-2.7964e-35
1.61712e-34
1.63875e-34
-3.07238e-34
-5.90547e-34
4.05331e-34
1.70615e-33
5.64719e-35
-4.14955e-33
-2.76162e-33
8.33631e-33
1.20922e-32
-1.22188e-32
-3.72253e-32
4.29516e-33
9.21071e-32
5.31916e-32
-1.83067e-31
-2.54445e-31
2.56846e-31
7.78045e-31
-5.43813e-32
-1.82399e-30
-1.20446e-30
3.18336e-30
5.32981e-30
-2.84838e-30
-1.56446e-29
-5.94238e-30
3.66174e-29
3.72941e-29
-7.02535e-29
-1.00376e-28
9.91275e-29
1.18136e-28
