ordre_2
-5.76407e-36
-4.40225e-34
3.1297e-35
2.60365e-33
4.33858e-35
-1.14212e-32
-1.3791e-33
4.39373e-32
1.10268e-32
-1.55819e-31
-6.3969e-32
5.19317e-31
3.13538e-31
-1.63753e-30
-1.37364e-30
4.88253e-30
5.52681e-30
-1.36697e-29
-2.07177e-29
3.53694e-29
7.29059e-29
-8.17425e-29
-2.41605e-28
1.54562e-28
7.53708e-28
-1.61393e-28
-2.20446e-27
-4.27305e-28
5.9912e-27
3.74395e-27
-1.48678e-26
-1.69842e-26
3.24835e-26
6.14023e-26
-5.68371e-26
-1.92172e-25
5.07645e-26
5.31802e-25
1.56518e-25
-1.29212e-24
-1.13821e-24
2.64713e-24
4.4683e-24
-3.98599e-24
-1.3697e-23
1.31634e-24
3.48582e-23
1.95971e-23
-7.24419e-23
-9.7032e-23
1.08517e-22
3.10237e-22
-3.79961e-23
-7.66684e-22
-4.769e-22
1.44704e-21
2.22046e-21
-1.64818e-21
-6.43477e-21
-1.34129e-21
1.36373e-20
1.42459e-20
-1.89925e-20
-4.80684e-20
1.37979e-21
1.08104e-19
9.18189e-20
-1.56137e-19
-3.41312e-19
2.86017e-20
7.64474e-19
6.51826e-19
-1.01947e-18
-2.35977e-18
-1.23234e-19
4.84239e-18
5.03952e-18
-5.04072e-18
-1.55091e-17
-5.44428e-18
2.61152e-17
3.82518e-17
-1.26109e-17
-9.03454e-17
-7.16633e-17
1.02247e-16
2.53489e-16
7.82054e-17
-4.07979e-16
-6.11664e-16
9.3193e-17
1.2958e-15
1.30348e-15
-9.78796e-16
-3.47579e-15
-2.44252e-15
3.24636e-15
1.00857e-14
4.38957e-15
-1.7414e-14
-1.1195e-14
