ordre_1
1.22979e-30
1.004e-28
4.05079e-27
1.07682e-25
2.12154e-24
3.30414e-23
4.23693e-22
4.60077e-21
4.31831e-20
3.55886e-19
2.60728e-18
1.71508e-17
1.02138e-16
5.54508e-16
2.76069e-15
1.26689e-14
5.38296e-14
2.12611e-13
7.83383e-13
2.70138e-12
8.74381e-12
2.66381e-11
7.65781e-11
2.08239e-10
5.36903e-10
1.31553e-09
3.07019e-09
6.84041e-09
1.45836e-08
2.9823e-08
5.8644e-08
1.11174e-07
2.03731e-07
3.619e-07
6.24928e-07
1.052e-06
1.73124e-06
2.79262e-06
4.42631e-06
6.9087e-06
1.06385e-05
1.61861e-05
2.43611e-05
3.63007e-05
5.35872e-05
7.83987e-05
0.000113703
0.000163499
0.00023312
0.000329601
0.000462116
0.000642502
0.000885855
0.0012112
0.00164225
0.00220816
0.00294435
0.00389331
0.00510528
0.00663883
0.00856121
0.0109484
0.0138849
0.0174625
0.0217793
0.0269376
0.0330405
0.0401895
0.0484791
0.0579927
0.068797
0.0809363
0.094427
0.109252
0.125354
0.142636
0.160952
0.180114
0.199884
0.219983
0.240093
0.259868
0.278937
0.296922
0.313443
0.328139
0.340674
0.350753
0.358134
0.362638
0.364151
0.362638
0.358134
0.350753
0.340674
0.328139
0.313443
0.296922
0.278937
0.259868
0.240093
