ordre_2
-5.75284e-36
7.67448e-37
5.1316e-35
-1.58575e-36
-2.51832e-34
-1.46704e-35
1.02631e-33
1.73773e-34
-3.7878e-33
-1.16154e-33
1.30592e-32
6.17999e-33
-4.25862e-32
-2.87054e-32
1.31827e-31
1.21112e-31
-3.86447e-31
-4.73691e-31
1.06376e-30
1.73667e-30
-2.7009e-30
-6.00299e-30
6.08659e-30
1.96048e-29
-1.09761e-29
-6.04312e-29
9.13791e-30
1.75046e-28
4.32024e-29
-4.72122e-28
-3.17917e-28
1.16505e-27
1.38858e-27
-2.53629e-27
-4.94378e-27
4.43213e-27
1.53824e-26
-3.97078e-27
-4.25977e-26
-1.21887e-26
1.04286e-25
8.93552e-26
-2.17636e-25
-3.54334e-25
3.44109e-25
1.1026e-24
-1.87874e-25
-2.8719e-24
-1.36312e-24
6.20847e-24
7.44704e-24
-1.01578e-23
-2.50247e-23
7.14377e-24
6.51395e-23
2.96726e-23
-1.33087e-22
-1.68566e-22
1.86026e-22
5.35637e-22
-1.80216e-23
-1.25206e-21
-9.545e-22
2.09287e-21
3.88106e-21
-1.51954e-21
-1.00062e-20
-5.1028e-21
1.78809e-20
2.68756e-20
-1.5677e-20
-7.28636e-20
-3.16395e-20
1.29022e-19
1.87437e-19
-1.01541e-19
-4.9581e-19
-2.58146e-19
7.97375e-19
1.32012e-18
-3.63752e-19
-3.10522e-18
-2.37407e-18
3.97199e-18
8.9355e-18
1.17325e-18
-1.68469e-17
-2.01427e-17
1.21568e-17
5.33429e-17
3.40903e-17
-6.89747e-17
-1.41753e-16
-2.06624e-17
2.3858e-16
3.24414e-16
-4.95307e-17
-8.22852e-16
-7.4807e-16
1.16041e-15
1.24876e-15
