ordre_2
4.90478e-34
3.70915e-32
-2.53742e-33
-2.19109e-31
-5.49716e-33
9.58966e-31
1.31504e-31
-3.67532e-30
-1.02063e-30
1.29585e-29
5.83729e-30
-4.28132e-29
-2.82937e-29
1.33278e-28
1.22575e-28
-3.89951e-28
-4.86949e-28
1.06119e-27
1.79782e-27
-2.62426e-27
-6.2093e-27
5.58766e-27
2.01001e-26
-8.62829e-27
-6.08501e-26
-1.50516e-29
1.71081e-25
7.37962e-26
-4.40301e-25
-4.04839e-25
1.00699e-24
1.58501e-24
-1.90518e-24
-5.20171e-24
2.28042e-24
1.48872e-23
2.35123e-24
-3.71733e-23
-2.7759e-23
7.82631e-23
1.18188e-22
-1.23207e-22
-3.74149e-22
6.24438e-23
9.64859e-22
5.00556e-22
-2.00475e-21
-2.62191e-21
2.94258e-21
8.4113e-21
-7.44252e-22
-2.04076e-20
-1.39203e-20
3.66866e-20
6.13174e-20
-3.50339e-20
-1.68869e-19
-6.05794e-20
3.3037e-19
4.18405e-19
-3.74261e-19
-1.25683e-18
-2.95519e-19
2.48598e-18
2.91921e-18
-2.67202e-18
-8.78848e-18
-2.64732e-18
1.61248e-17
2.13084e-17
-1.28316e-17
-5.72698e-17
-3.12086e-17
8.6199e-17
1.52969e-16
-1.58647e-17
-3.26465e-16
-3.16356e-16
3.12023e-16
9.68996e-16
4.49696e-16
-1.40399e-15
-2.45457e-15
-5.7541e-17
4.67025e-15
5.50988e-15
-2.4779e-15
-1.33648e-14
-1.11934e-14
1.15691e-14
3.48113e-14
2.13406e-14
-3.83101e-14
-8.65211e-14
-3.58575e-14
1.03251e-13
1.99884e-13
1.03798e-13
-3.19069e-13
-5.25851e-13
2.11822e-13
