ordre_1
1.4013e-45
2.8026e-45
4.2039e-45
5.60519e-45
7.00649e-45
8.40779e-45
9.80909e-45
1.12104e-44
1.26117e-44
1.4013e-44
1.54143e-44
1.68156e-44
1.82169e-44
1.96182e-44
2.10195e-44
2.24208e-44
2.38221e-44
2.52234e-44
2.66247e-44
2.8026e-44
2.94273e-44
3.08286e-44
3.22299e-44
3.36312e-44
3.50325e-44
3.64338e-44
4.34403e-44
1.03696e-43
5.75934e-43
4.0974e-42
2.9353e-41
2.03782e-40
1.36536e-39
8.83182e-39
5.51995e-38
3.3363e-37
1.95159e-36
1.10568e-35
6.07166e-35
3.23378e-34
1.67156e-33
8.3908e-33
4.0927e-32
1.94081e-31
8.95261e-31
4.01911e-30
1.75685e-29
7.481e-29
3.10457e-28
1.25615e-27
4.95742e-27
1.90904e-26
7.17602e-26
2.634e-25
9.44421e-25
3.30885e-24
1.13317e-23
3.79446e-23
1.24273e-22
3.98206e-22
1.24871e-21
3.83323e-21
1.15221e-20
3.39214e-20
9.78382e-20
2.76531e-19
7.661e-19
2.08085e-18
5.54256e-18
1.4481e-17
3.71197e-17
9.33744e-17
2.30551e-16
5.5888e-16
1.3304e-15
3.11065e-15
7.1454e-15
1.61289e-14
3.57834e-14
7.80476e-14
1.67393e-13
3.53114e-13
7.32821e-13
1.49655e-12
3.00815e-12
5.95301e-12
1.16015e-11
2.22714e-11
4.21265e-11
7.85348e-11
1.44342e-10
2.61626e-10
4.67796e-10
8.25389e-10
1.43757e-09
2.47238e-09
4.20011e-09
7.0505e-09
1.16989e-08
1.91951e-08
3.11538e-08
