ordre_2
-2.79821e-38
6.11084e-38
2.52065e-37
-3.48445e-37
-1.26135e-36
1.43376e-36
5.29159e-36
-5.00356e-36
-2.02937e-35
1.53739e-35
7.34086e-35
-4.12314e-35
-2.53818e-34
9.01051e-35
8.4347e-34
-1.14587e-34
-2.69738e-33
-2.66545e-34
8.28816e-33
2.94284e-33
-2.43681e-32
-1.56977e-32
6.80531e-32
6.71827e-32
-1.78279e-31
-2.54218e-31
4.28211e-31
8.80183e-31
-8.98e-31
-2.82726e-30
1.42379e-30
8.45881e-30
-4.6313e-31
-2.34992e-29
-8.95583e-30
5.9944e-29
5.1681e-29
-1.3691e-28
-2.03977e-28
2.6345e-28
6.71626e-28
-3.46508e-28
-1.93702e-27
-1.3997e-28
4.92853e-27
3.11586e-27
-1.08206e-26
-1.42105e-26
1.89479e-26
4.71705e-26
-1.84527e-26
-1.28934e-25
-3.62396e-26
2.94175e-25
2.82027e-25
-5.28935e-25
-1.04269e-24
5.58381e-25
2.89372e-24
7.19503e-25
-6.35942e-24
-6.34634e-24
1.02621e-23
2.25652e-23
-6.72622e-24
-5.74944e-23
-2.94324e-23
1.08645e-22
1.5435e-22
-1.21546e-22
-4.48958e-22
-1.00087e-22
9.21017e-22
1.00775e-21
-1.17364e-21
-3.24681e-21
-2.8511e-22
6.84037e-21
6.78357e-21
-8.62235e-21
-2.25465e-20
-2.49584e-21
4.57536e-20
4.8711e-20
-4.99668e-20
-1.50593e-19
-4.29152e-20
2.70636e-19
3.60538e-19
-1.96856e-19
-9.45796e-19
-5.46778e-19
1.34659e-18
2.43118e-18
4.96149e-20
-4.82197e-18
-6.21375e-18
4.66346e-18
1.852e-17
4.98599e-19
-2.19597e-17
