ordre_1
1.4013e-45
2.8026e-45
4.2039e-45
5.60519e-45
7.00649e-45
8.40779e-45
9.80909e-45
1.12104e-44
1.26117e-44
1.4013e-44
1.54143e-44
1.68156e-44
1.82169e-44
1.96182e-44
2.10195e-44
2.24208e-44
2.38221e-44
2.52234e-44
2.66247e-44
2.8026e-44
2.94273e-44
3.08286e-44
3.22299e-44
3.36312e-44
3.50325e-44
3.64338e-44
3.78351e-44
3.92364e-44
4.06377e-44
4.2039e-44
4.34403e-44
4.48416e-44
4.62428e-44
4.76441e-44
4.90454e-44
5.04467e-44
5.1848e-44
5.32493e-44
5.46506e-44
5.60519e-44
5.74532e-44
5.88545e-44
6.02558e-44
6.16571e-44
6.30584e-44
6.44597e-44
6.5861e-44
6.72623e-44
6.86636e-44
7.00649e-44
7.14662e-44
7.28675e-44
9.3887e-44
2.07392e-43
7.94536e-43
3.74707e-42
1.82827e-41
8.82678e-41
4.18188e-40
1.9417e-39
8.83494e-39
3.94029e-38
1.72291e-37
7.38781e-37
3.10736e-36
1.28232e-35
5.19307e-35
2.06431e-34
8.05643e-34
3.08757e-33
1.16221e-32
4.2977e-32
1.56153e-31
5.57584e-31
1.95701e-30
6.75271e-30
2.29107e-29
7.64448e-29
2.50887e-28
8.10022e-28
2.5732e-27
8.04405e-27
2.47494e-26
7.49562e-26
2.23494e-25
6.56144e-25
1.897e-24
5.40172e-24
1.51512e-23
4.18672e-23
1.13989e-22
3.05825e-22
8.08645e-22
2.10751e-21
5.41456e-21
1.37148e-20
3.42532e-20
8.43625e-20
2.04921e-19
4.90977e-19
1.16045e-18
