ordre_2
-1.4013e-45
-2.8026e-45
-2.8026e-45
-1.4013e-45
0
1.4013e-45
1.4013e-45
0
-1.4013e-45
-2.8026e-45
-2.8026e-45
-1.4013e-45
0
1.4013e-45
1.4013e-45
2.8026e-45
1.4013e-45
0
-1.4013e-45
-2.8026e-45
-4.2039e-45
-5.60519e-45
-5.60519e-45
-4.2039e-45
-2.8026e-45
-1.4013e-45
-1.4013e-45
-0
-0
-1.4013e-45
-2.8026e-45
-4.2039e-45
-5.60519e-45
-7.00649e-45
-7.00649e-45
-5.60519e-45
-4.2039e-45
-2.8026e-45
-1.4013e-45
-1.4013e-45
-2.8026e-45
-4.2039e-45
-5.60519e-45
-7.00649e-45
-7.00649e-45
-8.40779e-45
-9.80909e-45
-1.12104e-44
-1.26117e-44
-1.4013e-44
-1.4013e-44
-1.4013e-44
-1.54143e-44
-2.10195e-44
-1.54143e-44
4.2039e-45
7.00649e-45
-2.52234e-44
-3.36312e-44
4.90454e-44
1.05097e-43
-9.52883e-44
-3.40516e-43
6.44597e-44
8.91226e-43
2.2701e-43
-2.22947e-42
-1.68156e-42
4.94378e-42
6.8033e-42
-9.30042e-42
-2.22498e-41
1.22347e-41
6.31733e-41
2.5952e-42
-1.58784e-40
-9.3688e-41
3.48846e-40
4.32343e-40
-6.32894e-40
-1.44759e-39
7.56442e-40
4.04348e-39
4.49248e-40
-9.66745e-39
-6.7472e-39
1.92035e-38
2.80662e-38
-2.73945e-38
-8.65992e-38
4.45246e-39
2.23966e-37
1.50788e-37
-5.02248e-37
-6.97471e-37
9.8229e-37
2.10396e-36
-1.64625e-36
-4.56353e-36
2.11155e-36
4.96497e-36
