ordre_2
-1.4013e-45
-2.8026e-45
-2.8026e-45
-1.4013e-45
0
1.4013e-45
1.4013e-45
0
-1.4013e-45
-2.8026e-45
-2.8026e-45
-1.4013e-45
0
1.4013e-45
1.4013e-45
2.8026e-45
1.4013e-45
0
-1.4013e-45
-2.8026e-45
-4.2039e-45
-5.60519e-45
-5.60519e-45
-4.2039e-45
-2.8026e-45
-1.4013e-45
-1.4013e-45
-0
-0
-1.4013e-45
-2.8026e-45
-4.2039e-45
-5.60519e-45
-7.00649e-45
-7.00649e-45
-9.80909e-45
-9.80909e-45
-0
1.4013e-44
-2.8026e-45
-3.78351e-44
-2.8026e-45
9.80909e-44
3.22299e-44
-2.73253e-43
-2.08793e-43
6.60012e-43
8.12753e-43
-1.49799e-42
-2.81381e-42
2.92171e-42
8.80436e-42
-4.19128e-42
-2.54083e-41
2.46629e-43
6.78663e-41
2.96613e-41
-1.66246e-40
-1.54943e-40
3.64622e-40
5.79479e-40
-6.72734e-40
-1.83816e-39
8.31926e-40
5.17304e-39
5.00726e-40
-1.3031e-38
-8.13067e-39
2.89344e-38
3.62998e-38
-5.35574e-38
-1.21394e-37
6.69851e-38
3.42773e-37
2.90102e-38
-8.37813e-37
-5.65227e-37
1.7385e-36
2.44834e-36
-2.78795e-36
-7.75687e-36
2.00931e-36
2.0296e-35
7.85499e-36
-4.43871e-35
-4.69029e-35
7.59568e-35
1.596e-34
-6.99437e-35
-4.20267e-34
-1.50873e-34
8.94543e-34
1.10141e-33
-1.475e-33
-3.97256e-33
1.5345e-33
1.07458e-32
2.1984e-34
-2.19512e-32
-3.77379e-33
2.32222e-32
