ordre_1
1.4013e-45
2.8026e-45
4.2039e-45
5.60519e-45
7.00649e-45
8.40779e-45
9.80909e-45
1.12104e-44
1.26117e-44
1.4013e-44
1.54143e-44
1.68156e-44
1.82169e-44
1.96182e-44
2.10195e-44
2.24208e-44
2.38221e-44
2.52234e-44
2.66247e-44
2.8026e-44
2.94273e-44
3.08286e-44
3.22299e-44
3.36312e-44
3.50325e-44
3.64338e-44
3.78351e-44
3.92364e-44
4.06377e-44
4.2039e-44
4.34403e-44
4.48416e-44
4.62428e-44
4.76441e-44
4.90454e-44
5.04467e-44
5.1848e-44
5.32493e-44
5.46506e-44
5.60519e-44
5.74532e-44
5.88545e-44
6.02558e-44
6.16571e-44
6.30584e-44
6.44597e-44
6.5861e-44
6.72623e-44
6.86636e-44
7.00649e-44
7.14662e-44
7.28675e-44
7.42688e-44
7.56701e-44
7.70714e-44
9.24857e-44
1.80768e-43
6.16571e-43
2.75916e-42
1.30237e-41
6.11765e-41
2.82566e-40
1.28055e-39
5.69244e-39
2.48247e-38
1.0623e-37
4.46158e-37
1.8395e-36
7.44694e-36
2.96081e-35
1.15635e-34
4.43705e-34
1.67307e-33
6.20053e-33
2.259e-32
8.09192e-32
2.85044e-31
9.87573e-31
3.36585e-30
1.12864e-29
3.72412e-29
1.20937e-28
3.86574e-28
1.21648e-27
3.76907e-27
1.14996e-26
3.45552e-26
1.02278e-25
2.98223e-25
8.56746e-25
2.42531e-24
6.76615e-24
1.86049e-23
5.04286e-23
1.34754e-22
3.55037e-22
9.22403e-22
2.36339e-21
5.9726e-21
1.48887e-20
3.66152e-20
