ordre_2
1.00582e-17
1.80985e-17
-8.55141e-17
-1.1904e-16
3.77309e-16
5.96533e-16
-1.27174e-15
-2.59125e-15
3.37202e-15
9.9496e-15
-6.08702e-15
-3.35601e-14
2.2221e-17
9.71784e-14
5.96021e-14
-2.28862e-13
-3.17613e-13
3.72944e-13
1.10119e-12
-6.83193e-14
-2.78112e-12
-2.23e-12
4.6235e-12
9.50104e-12
-1.46879e-12
-2.28508e-11
-2.01935e-11
2.82788e-11
7.38928e-11
2.34638e-11
-1.25292e-10
-1.95541e-10
1.26228e-11
3.98479e-10
4.82074e-10
-1.27428e-10
-1.06645e-09
-1.21472e-09
2.35413e-10
2.48284e-09
3.17143e-09
4.11877e-10
-4.72357e-09
-7.88657e-09
-4.54726e-09
5.45791e-09
1.59386e-08
1.75684e-08
4.84118e-09
-1.8219e-08
-3.83835e-08
-4.03174e-08
-1.63065e-08
2.75873e-08
7.29438e-08
9.72506e-08
8.43368e-08
3.14883e-08
-4.98654e-08
-1.39335e-07
-2.15358e-07
-2.61776e-07
-2.70682e-07
-2.4106e-07
-1.74153e-07
-6.6941e-08
9.55163e-08
3.49203e-07
7.63365e-07
1.45883e-06
2.6367e-06
4.623e-06
7.93583e-06
1.33836e-05
2.2206e-05
3.62725e-05
5.83576e-05
9.25121e-05
0.000144552
0.000222688
0.000338314
0.000506986
0.000749581
0.00109365
0.00157494
0.00223898
0.00314284
0.00435635
0.0059645
0.00806527
0.010779
0.0142214
0.0185775
0.023885
0.0306285
0.0380695
0.0488206
0.056349
0.0786481
0.0683299
0.150033
