ordre_2
-2.76714e-33
-1.49909e-32
2.39088e-32
9.00538e-32
-1.0974e-31
-4.05092e-31
4.00791e-31
1.61186e-30
-1.24934e-30
-5.95798e-30
3.30076e-30
2.08447e-29
-6.69203e-30
-6.95089e-29
5.10381e-30
2.21135e-28
4.2839e-29
-6.69122e-28
-3.28094e-28
1.91201e-27
1.5982e-27
-5.0932e-27
-6.46848e-27
1.23452e-26
2.32651e-26
-2.5831e-26
-7.61662e-26
3.97486e-26
2.2857e-25
-5.57799e-27
-6.26291e-25
-2.8654e-25
1.54152e-24
1.5496e-24
-3.27368e-24
-5.83283e-24
5.34293e-24
1.81427e-23
-3.29724e-24
-4.83755e-23
-2.08221e-23
1.09308e-22
1.21106e-22
-1.94514e-22
-4.27508e-22
1.92411e-22
1.17622e-21
3.50176e-22
-2.59087e-21
-2.70671e-21
4.18996e-21
9.53571e-21
-2.62958e-21
-2.43326e-20
-1.2949e-20
4.59151e-20
6.68404e-20
-4.99572e-20
-1.9322e-19
-5.05927e-20
3.89663e-19
4.51298e-19
-4.65177e-19
-1.40858e-18
-2.56877e-19
2.82747e-18
3.18037e-18
-3.08494e-18
-9.72898e-18
-2.82433e-18
1.77783e-17
2.34653e-17
-1.36549e-17
-6.24299e-17
-3.55951e-17
9.11499e-17
1.67603e-16
-7.7443e-18
-3.45545e-16
-3.5669e-16
2.99066e-16
1.03391e-15
5.6003e-16
-1.39191e-15
-2.66352e-15
-3.57408e-16
4.70213e-15
6.15454e-15
-1.69047e-15
-1.35795e-14
-1.31333e-14
9.42641e-15
3.61583e-14
2.62681e-14
-3.35655e-14
-8.57261e-14
-5.76125e-14
8.50911e-14
2.56731e-13
5.18266e-14
-3.18554e-13
