ordre_2
1.30327e-19
6.95148e-19
-1.06621e-18
-4.17849e-18
4.30084e-18
1.86299e-17
-1.20029e-17
-7.18541e-17
1.8556e-17
2.47828e-16
3.73308e-17
-7.63061e-16
-4.64799e-16
2.04615e-15
2.42632e-15
-4.47998e-15
-9.40254e-15
6.43787e-15
2.9419e-14
3.03796e-15
-7.40097e-14
-6.24937e-14
1.37106e-13
2.6332e-13
-1.14149e-13
-7.25414e-13
-3.73727e-13
1.33522e-12
2.10594e-12
-9.55155e-13
-5.60101e-12
-3.64519e-12
8.18686e-12
1.65029e-11
1.12349e-12
-3.26076e-11
-3.9864e-11
1.80646e-11
1.00125e-10
8.79937e-11
-8.10665e-11
-2.69415e-10
-2.00273e-10
2.27872e-10
6.69544e-10
5.1438e-10
-4.5683e-10
-1.54033e-09
-1.44541e-09
4.72308e-10
3.10489e-09
3.92703e-09
1.01954e-09
-4.66546e-09
-8.9813e-09
-7.18002e-09
2.04379e-09
1.41891e-08
2.06722e-08
1.42013e-08
-5.53192e-09
-2.98694e-08
-4.47789e-08
-3.83269e-08
-7.8073e-09
3.75673e-08
7.993e-08
1.00217e-07
8.60302e-08
3.63056e-08
-3.88578e-08
-1.22452e-07
-1.96549e-07
-2.47438e-07
-2.68179e-07
-2.58095e-07
-2.19786e-07
-1.5466e-07
-5.76801e-08
8.88334e-08
3.23977e-07
7.21221e-07
1.41062e-06
2.60876e-06
4.67752e-06
8.17805e-06
1.40442e-05
2.35871e-05
3.91453e-05
6.33132e-05
0.000102163
0.000158692
0.000251418
0.000370837
0.000589765
0.000799109
0.00134733
0.00152682
0.00313242
0.00221256
0.00798045
