ordre_1
1.4013e-45
2.8026e-45
4.2039e-45
5.60519e-45
7.00649e-45
8.40779e-45
9.80909e-45
1.12104e-44
1.26117e-44
1.4013e-44
1.54143e-44
1.68156e-44
1.82169e-44
1.96182e-44
2.38221e-44
7.00649e-44
6.31986e-43
6.6926e-42
6.79672e-41
6.51413e-40
5.90069e-39
5.06348e-38
4.12543e-37
3.19779e-36
2.36268e-35
1.66678e-34
1.1245e-33
7.26568e-33
4.50217e-32
2.67879e-31
1.53228e-30
8.43509e-30
4.47344e-29
2.28775e-28
1.12923e-27
5.3843e-27
2.48199e-26
1.10693e-25
4.77975e-25
1.99962e-24
8.11007e-24
3.19085e-23
1.21856e-22
4.51948e-22
1.62878e-21
5.70678e-21
1.94486e-20
6.45001e-20
2.08258e-19
6.54947e-19
2.00704e-18
5.99556e-18
1.74663e-17
4.96409e-17
1.37692e-16
3.7288e-16
9.86235e-16
2.54857e-15
6.43683e-15
1.58949e-14
3.83889e-14
9.07122e-14
2.09792e-13
4.75035e-13
1.05349e-12
2.28904e-12
4.87477e-12
1.01787e-11
2.08464e-11
4.18925e-11
8.26382e-11
1.60082e-10
3.04651e-10
5.69837e-10
1.04805e-09
1.89626e-09
3.3768e-09
5.92133e-09
1.02297e-08
1.74202e-08
2.92569e-08
4.84858e-08
7.93319e-08
1.28221e-07
2.04824e-07
3.23548e-07
5.05648e-07
7.82206e-07
1.19827e-06
1.81859e-06
2.73546e-06
4.07939e-06
6.03348e-06
8.85258e-06
1.28886e-05
1.86237e-05
2.6713e-05
3.80401e-05
5.37861e-05
7.55179e-05
0.000105296
