ordre_2
-7.00649e-43
-5.48734e-41
4.28517e-42
3.25559e-40
-1.75443e-42
-1.43643e-39
-1.11812e-40
5.57811e-39
1.00964e-39
-2.00669e-38
-6.15041e-39
6.82973e-38
3.118e-38
-2.21952e-37
-1.40905e-37
6.90876e-37
5.85998e-37
-2.0577e-36
-2.28172e-36
5.83515e-36
8.40112e-36
-1.55941e-35
-2.94161e-35
3.85048e-35
9.82276e-35
-8.41979e-35
-3.12999e-34
1.44796e-34
9.50285e-34
-9.20126e-35
-2.73811e-33
-7.28254e-34
7.43199e-33
4.87731e-33
-1.87499e-32
-2.10454e-32
4.2849e-32
7.57191e-32
-8.36487e-32
-2.42046e-31
1.14978e-31
7.01493e-31
2.72948e-32
-1.84563e-30
-9.86967e-31
4.34258e-30
4.81689e-30
-8.74703e-30
-1.71396e-29
1.31454e-29
5.11865e-29
-4.53748e-30
-1.32414e-28
-6.60577e-29
2.9332e-28
3.42592e-28
-5.19447e-28
-1.17296e-27
5.37329e-28
3.22484e-27
7.93224e-28
-7.3179e-27
-6.83912e-27
1.29764e-26
2.53769e-26
-1.32202e-26
-6.97279e-26
-1.88499e-26
1.50598e-25
1.55332e-25
-2.35744e-25
-5.39504e-25
1.32883e-25
1.34649e-24
7.50198e-25
-2.48163e-24
-3.69637e-24
2.62269e-24
1.04866e-23
2.8034e-24
-2.10993e-23
-2.40899e-23
2.61541e-23
7.56743e-23
8.72846e-24
-1.57619e-22
-1.60246e-22
1.98245e-22
5.28821e-22
5.07271e-23
-1.08404e-21
-1.08505e-21
1.21217e-21
3.39213e-21
1.09365e-21
-6.44754e-21
-9.68077e-21
7.45874e-21
2.66049e-20
-3.58025e-21
-3.11708e-20
