ordre_2
-1.4013e-45
-2.8026e-45
-2.8026e-45
-1.4013e-45
0
1.4013e-45
1.4013e-45
0
-1.4013e-45
-2.8026e-45
-2.8026e-45
-1.4013e-45
0
1.4013e-45
1.4013e-45
2.8026e-45
4.2039e-45
-4.2039e-45
-1.96182e-44
-2.8026e-45
3.92364e-44
4.2039e-45
-1.28919e-43
-4.90454e-44
3.71344e-43
2.31214e-43
-1.05798e-42
-9.62692e-43
2.85444e-42
3.58873e-42
-7.3372e-42
-1.25486e-41
1.74574e-41
4.13916e-41
-3.69508e-41
-1.29753e-40
6.17426e-41
3.86877e-40
-3.87641e-41
-1.09502e-39
-2.91372e-40
2.92486e-39
1.9188e-39
-7.28625e-39
-8.14686e-39
1.65384e-38
2.89514e-38
-3.24495e-38
-9.18764e-38
4.66497e-38
2.66108e-37
-2.94865e-39
-7.06182e-37
-3.24962e-37
1.70028e-36
1.67924e-36
-3.60318e-36
-6.17643e-36
6.17047e-36
1.91319e-35
-5.77303e-36
-5.20643e-35
-1.35297e-35
1.24858e-34
1.03964e-34
-2.56127e-34
-4.0829e-34
4.0399e-34
1.25693e-33
-2.53986e-34
-3.2679e-33
-1.3746e-33
7.18805e-33
7.88168e-33
-1.25573e-32
-2.7251e-32
1.27528e-32
7.42076e-32
1.86573e-32
-1.65341e-31
-1.57412e-31
2.85323e-31
5.7426e-31
-2.72563e-31
-1.55581e-30
-4.61679e-31
3.32445e-30
3.43317e-30
-5.15316e-30
-1.15317e-29
2.67271e-30
2.81267e-29
1.83328e-29
-5.17983e-29
-9.2099e-29
6.40678e-29
2.76494e-28
-2.1893e-29
-5.89547e-28
-8.35923e-29
6.33843e-28
