ordre_2
1.93349e-34
1.04804e-33
-1.67378e-33
-6.29558e-33
7.71481e-33
2.83237e-32
-2.83861e-32
-1.12769e-31
8.9633e-32
4.17437e-31
-2.42647e-31
-1.4644e-30
5.21908e-31
4.90484e-30
-5.77566e-31
-1.571e-29
-2.17848e-30
4.8011e-29
2.02135e-29
-1.39186e-28
-1.03705e-28
3.78757e-28
4.32557e-28
-9.4922e-28
-1.59457e-27
2.10792e-27
5.35044e-27
-3.75098e-27
-1.65099e-26
3.22268e-27
4.68292e-26
1.27843e-26
-1.20826e-25
-9.32753e-26
2.76156e-25
3.89342e-25
-5.22875e-25
-1.30153e-24
6.40995e-25
3.72575e-24
5.08103e-25
-9.20481e-24
-6.84331e-24
1.89718e-23
2.90595e-23
-2.8569e-23
-9.05299e-23
9.91661e-24
2.27867e-22
1.33297e-22
-4.56249e-22
-6.46014e-22
6.18288e-22
1.98849e-21
3.67037e-23
-4.6306e-21
-3.67451e-21
7.83049e-21
1.4713e-20
-5.99694e-21
-3.84083e-20
-1.84578e-20
7.07852e-20
1.01935e-19
-6.88682e-20
-2.85947e-19
-1.03468e-19
5.31572e-19
7.10649e-19
-4.91167e-19
-1.98674e-18
-8.33114e-19
3.42166e-18
5.07752e-18
-2.20706e-18
-1.27924e-17
-8.24187e-18
1.80625e-17
3.54236e-17
-2.13714e-19
-7.21411e-17
-7.57788e-17
6.39412e-17
2.20175e-16
1.12758e-16
-3.10817e-16
-5.66022e-16
-2.65753e-17
1.0664e-15
1.26922e-15
-5.79137e-16
-3.11955e-15
-2.52826e-15
2.96752e-15
7.97461e-15
4.4037e-15
-8.69923e-15
-2.23252e-14
-7.36273e-15
4.0485e-14
2.31912e-14
