ordre_2
-1.4013e-45
-2.8026e-45
-2.8026e-45
-1.4013e-45
0
1.4013e-45
1.4013e-45
0
-1.4013e-45
-2.8026e-45
-2.8026e-45
-1.4013e-45
0
1.4013e-45
1.4013e-45
2.8026e-45
1.4013e-45
-0
4.2039e-45
1.12104e-44
0
-2.24208e-44
-8.40779e-45
5.88545e-44
2.66247e-44
-1.73761e-43
-1.26117e-43
4.76441e-43
4.94658e-43
-1.26818e-42
-1.79927e-42
3.16834e-42
6.12367e-42
-7.28535e-42
-1.98158e-41
1.44474e-41
6.09285e-41
-2.04197e-41
-1.7835e-40
-5.53933e-42
4.95107e-40
1.97579e-40
-1.29387e-39
-1.04111e-39
3.13701e-39
4.09854e-39
-6.85097e-39
-1.39523e-38
1.25426e-38
4.29051e-38
-1.4628e-38
-1.20908e-37
-1.64386e-38
3.12093e-37
1.90936e-37
-7.27258e-37
-8.54749e-37
1.46987e-36
2.95994e-36
-2.28395e-36
-8.81356e-36
1.209e-36
2.31882e-35
9.52138e-36
-5.36274e-35
-5.40588e-35
1.04556e-34
1.95824e-34
-1.47737e-34
-5.75499e-34
2.34788e-35
1.4396e-33
8.23488e-34
-3.03085e-33
-3.91837e-33
4.91731e-33
1.26866e-32
-3.68487e-33
-3.30501e-32
-1.31289e-32
7.04274e-32
7.95407e-32
-1.13351e-31
-2.68803e-31
8.184e-32
6.94644e-31
2.93115e-31
-1.41083e-30
-1.67222e-30
1.97381e-30
5.26866e-30
-1.78508e-31
-1.2474e-29
-1.0661e-29
2.29997e-29
4.52395e-29
-3.13662e-29
-1.22106e-28
2.69183e-29
2.12001e-28
-9.50318e-30
