ordre_2
-1.98604e-34
2.64349e-35
1.77061e-33
-4.80867e-35
-8.67888e-33
-5.8004e-34
3.52969e-32
6.5072e-33
-1.29847e-31
-4.28415e-32
4.45481e-31
2.2586e-31
-1.44229e-30
-1.04075e-30
4.41824e-30
4.35433e-30
-1.2756e-29
-1.68671e-29
3.43206e-29
6.11279e-29
-8.40178e-29
-2.08317e-28
1.77067e-28
6.68382e-28
-2.68826e-28
-2.01431e-27
-2.1693e-29
5.66489e-27
2.4204e-27
-1.46731e-26
-1.31674e-26
3.40991e-26
5.17501e-26
-6.69239e-26
-1.71694e-25
9.05788e-26
5.00655e-25
2.99713e-26
-1.28844e-24
-7.99177e-25
2.85738e-24
3.71578e-24
-5.03786e-24
-1.2457e-23
4.8821e-24
3.4168e-23
1.00267e-23
-7.75638e-23
-7.66889e-23
1.36331e-22
2.8052e-22
-1.29186e-22
-7.63891e-22
-2.52444e-22
1.61744e-21
1.81638e-21
-2.38318e-21
-6.077e-21
6.92731e-22
1.45081e-20
1.024e-20
-2.44657e-20
-4.36071e-20
1.78605e-20
1.12664e-19
5.86295e-20
-1.9673e-19
-3.04604e-19
1.53152e-19
8.0106e-19
4.13214e-19
-1.32975e-18
-2.14474e-18
7.58176e-19
5.25952e-18
3.58053e-18
-7.40805e-18
-1.4867e-17
1.78294e-19
3.0667e-17
3.14309e-17
-2.92589e-17
-9.43257e-17
-4.21434e-17
1.42627e-16
2.39012e-16
-1.8601e-17
-4.88982e-16
-5.11188e-16
3.67045e-16
1.40952e-15
9.23233e-16
-1.65184e-15
-3.62241e-15
-1.12563e-15
5.02875e-15
8.90304e-15
1.91641e-15
-1.89706e-14
-1.84225e-14
1.80676e-14
