ordre_2
6.91987e-24
4.76794e-22
-2.00535e-23
-2.78296e-21
-2.99162e-22
1.18936e-20
3.53292e-21
-4.37312e-20
-2.36216e-20
1.4403e-19
1.22622e-19
-4.26672e-19
-5.40132e-19
1.11385e-18
2.09149e-18
-2.40728e-18
-7.21277e-18
3.43244e-18
2.21302e-17
2.21569e-18
-5.94626e-17
-4.04811e-17
1.34103e-16
1.90625e-16
-2.24075e-16
-6.39548e-16
1.21238e-16
1.6856e-15
9.52201e-16
-3.38293e-15
-4.95791e-15
4.04547e-15
1.50347e-14
3.40878e-15
-3.16091e-14
-3.6072e-14
3.8011e-14
1.15887e-13
2.75458e-14
-2.25079e-13
-2.84434e-13
1.88539e-13
7.94905e-13
4.5113e-13
-1.14908e-12
-2.18421e-12
-1.32559e-13
4.20296e-12
5.13588e-12
-2.14458e-12
-1.24828e-11
-1.10987e-11
9.86415e-12
3.31231e-11
2.39394e-11
-2.96738e-11
-8.22179e-11
-5.60908e-11
7.01456e-11
1.9407e-10
1.46673e-10
-1.27628e-10
-4.30042e-10
-4.03072e-10
1.28936e-10
8.52424e-10
1.05869e-09
2.21602e-10
-1.34852e-09
-2.42512e-09
-1.67261e-09
1.10816e-09
4.31395e-09
5.25949e-09
2.09735e-09
-4.33006e-09
-1.02397e-08
-1.08733e-08
-3.72512e-09
9.03375e-09
2.07804e-08
2.36252e-08
1.29933e-08
-9.02324e-09
-3.35727e-08
-4.86336e-08
-4.44451e-08
-1.84932e-08
2.29944e-08
6.64358e-08
9.67543e-08
1.00981e-07
7.548e-08
2.16013e-08
-4.70503e-08
-1.22379e-07
-1.84001e-07
-2.32504e-07
-2.55074e-07
-2.42689e-07
-2.90329e-07
