ordre_1
4.91914e-30
3.91763e-28
1.54147e-26
3.99506e-25
7.67174e-24
1.16423e-22
1.45426e-21
1.53781e-20
1.40522e-19
1.12712e-18
8.03435e-18
5.14074e-17
2.97703e-16
1.57122e-15
7.60262e-15
3.38993e-14
1.39917e-13
5.36709e-13
1.9202e-12
6.42843e-12
2.01982e-11
5.97275e-11
1.66659e-10
4.39911e-10
1.10113e-09
2.61995e-09
5.93973e-09
1.28622e-08
2.66701e-08
5.30896e-08
1.01727e-07
1.88153e-07
3.36891e-07
5.85667e-07
9.91489e-07
1.63936e-06
2.65477e-06
4.22158e-06
6.60733e-06
1.01986e-05
1.55494e-05
2.34472e-05
3.50007e-05
5.17545e-05
7.58391e-05
0.000110162
0.000158648
0.000226538
0.000320757
0.000450351
0.000627005
0.000865648
0.00118512
0.00160893
0.00216602
0.00289164
0.00382808
0.00502543
0.00654217
0.00844554
0.0108116
0.013725
0.0172779
0.0215691
0.0267012
0.0327787
0.0399036
0.048172
0.0576686
0.0684614
0.0805964
0.0940911
0.108929
0.125056
0.142374
0.160738
0.179959
0.199799
0.219978
0.240176
0.260044
0.279209
0.297288
0.313902
0.328682
0.341291
0.351431
0.358858
0.36339
0.364913
0.36339
0.358858
0.351431
0.341291
0.328682
0.313902
0.297288
0.279209
0.260043
0.240176
0.219978
