ordre_2
-9.80989e-37
1.31002e-37
8.75271e-36
-2.85479e-37
-4.29772e-35
-2.33468e-36
1.75312e-34
2.84752e-35
-6.47974e-34
-1.91792e-34
2.23893e-33
1.02497e-33
-7.32469e-33
-4.77882e-33
2.2779e-32
2.02406e-32
-6.72226e-32
-7.95124e-32
1.8687e-31
2.93033e-31
-4.8176e-31
-1.01933e-30
1.1148e-30
3.35514e-30
-2.13219e-30
-1.04445e-29
2.37559e-30
3.06406e-29
5.03088e-30
-8.40588e-29
-4.83394e-29
2.12512e-28
2.24938e-28
-4.8084e-28
-8.30565e-28
9.08137e-28
2.66408e-27
-1.1074e-27
-7.61606e-27
-1.01848e-27
1.9396e-26
1.31261e-26
-4.293e-26
-5.79471e-26
7.64526e-26
1.92178e-25
-7.83432e-26
-5.30886e-25
-1.33799e-25
1.23524e-24
1.12583e-24
-2.30001e-24
-4.2852e-24
2.69182e-24
1.22192e-23
2.07036e-24
-2.77713e-23
-2.49653e-23
4.7469e-23
9.40832e-23
-4.02483e-23
-2.50039e-22
-1.00677e-22
4.97401e-22
6.27475e-22
-6.28143e-22
-1.93852e-21
-1.88507e-22
4.19677e-21
3.98853e-21
-5.89929e-21
-1.39596e-20
6.80859e-22
3.11676e-20
2.66228e-20
-4.32545e-20
-9.72803e-20
2.0718e-21
2.09518e-19
1.95161e-19
-2.54602e-19
-6.57715e-19
-1.14094e-19
1.25514e-18
1.49372e-18
-1.07338e-18
-4.15124e-18
-2.10066e-18
6.21307e-18
1.0828e-17
-1.03328e-18
-2.29162e-17
-2.20373e-17
2.08371e-17
6.38775e-17
3.70892e-17
-8.55464e-17
-1.97338e-16
1.09898e-17
3.93771e-16
8.89528e-17
