ordre_2
2.02871e-26
3.67045e-26
-1.77418e-25
-2.31262e-25
8.35329e-25
1.11412e-24
-3.18276e-24
-4.79246e-24
1.06198e-23
1.91356e-23
-3.15566e-23
-7.17174e-23
8.21317e-23
2.52725e-22
-1.74627e-22
-8.3497e-22
2.23821e-22
2.56918e-21
3.79448e-22
-7.27478e-21
-4.30381e-21
1.85454e-20
2.09333e-20
-4.06643e-20
-7.82254e-20
6.7572e-20
2.46502e-19
-3.64919e-20
-6.66416e-19
-3.14199e-19
1.51038e-18
1.77942e-18
-2.61072e-18
-6.22478e-18
2.06426e-18
1.67157e-17
7.35242e-18
-3.45874e-17
-4.4277e-17
4.65631e-17
1.41196e-16
8.64778e-18
-3.17164e-16
-2.92315e-16
4.60098e-16
1.06533e-15
-5.23631e-17
-2.39312e-15
-2.1409e-15
3.12571e-15
7.64003e-15
9.2044e-16
-1.51901e-14
-1.74601e-14
1.33782e-14
5.00189e-14
2.6217e-14
-7.2733e-14
-1.32649e-13
-3.33408e-15
2.57942e-13
3.02222e-13
-1.49507e-13
-7.57474e-13
-6.17063e-13
6.89406e-13
1.99993e-12
1.18759e-12
-2.20762e-12
-4.96609e-12
-2.34302e-12
5.91254e-12
1.19156e-11
5.27795e-12
-1.38788e-11
-2.79295e-11
-1.41171e-11
2.83986e-11
6.35058e-11
4.14015e-11
-4.73614e-11
-1.3646e-10
-1.19533e-10
4.78825e-11
2.63712e-10
3.15299e-10
5.38443e-11
-4.15411e-10
-7.18253e-10
-4.61892e-10
3.86127e-10
1.30936e-09
1.48257e-09
3.95494e-10
-1.55094e-09
-3.14597e-09
-2.75634e-09
-2.86532e-11
3.42247e-09
8.03295e-09
3.1502e-09
