ordre_2
1.87774e-43
-1.24155e-42
-1.71379e-42
7.27554e-42
8.85621e-42
-3.15222e-41
-3.88426e-41
1.19308e-40
1.57426e-40
-4.14819e-40
-6.06943e-40
1.35126e-39
2.25257e-39
-4.15196e-39
-8.08831e-39
1.20165e-38
2.81511e-38
-3.24359e-38
-9.49895e-38
7.97193e-38
3.1047e-37
-1.68089e-37
-9.8118e-37
2.46936e-37
2.98978e-36
1.16474e-37
-8.74714e-36
-2.99814e-36
2.44159e-35
1.65592e-35
-6.43721e-35
-6.93347e-35
1.57562e-34
2.52635e-34
-3.46135e-34
-8.36448e-34
6.27587e-34
2.55751e-33
-6.57453e-34
-7.24919e-33
-1.36989e-33
1.89481e-32
1.22895e-32
-4.49121e-32
-5.39588e-32
9.27251e-32
1.87825e-31
-1.48535e-31
-5.66067e-31
9.00928e-32
1.51083e-30
5.85808e-31
-3.54643e-30
-3.47951e-30
7.01874e-30
1.28532e-29
-1.0094e-29
-3.82155e-29
1.97877e-30
9.60715e-29
5.517e-29
-2.01381e-28
-2.64738e-28
3.18432e-28
8.53653e-28
-1.9745e-28
-2.18968e-27
-1.03479e-27
4.50551e-27
5.64381e-27
-6.62661e-27
-1.81035e-26
2.27884e-27
4.40023e-26
2.77383e-26
-8.09041e-26
-1.26201e-25
8.78684e-26
3.57961e-25
8.39769e-26
-7.45146e-25
-7.93755e-25
1.02523e-24
2.6266e-24
-8.09745e-26
-5.91163e-24
-4.90248e-24
8.87839e-24
1.85194e-23
-3.5034e-24
-4.29156e-23
-3.00017e-23
6.18086e-23
1.23064e-22
-5.64121e-24
-2.98248e-22
-2.80181e-22
5.20511e-22
9.09375e-22
-6.31905e-22
-1.12644e-21
