ordre_2
-1.4013e-45
-2.8026e-45
-2.8026e-45
-1.4013e-45
0
1.4013e-45
1.4013e-45
0
-1.4013e-45
-2.8026e-45
-2.8026e-45
-1.4013e-45
0
1.4013e-45
1.4013e-45
2.8026e-45
1.4013e-45
0
-1.4013e-45
-2.8026e-45
-4.2039e-45
-5.60519e-45
-5.60519e-45
-4.2039e-45
-2.8026e-45
-1.4013e-45
-1.4013e-45
-0
-0
-1.4013e-45
-2.8026e-45
-4.2039e-45
-5.60519e-45
-7.00649e-45
-7.00649e-45
-5.60519e-45
-4.2039e-45
-2.8026e-45
-1.4013e-45
-1.4013e-45
-2.8026e-45
-4.2039e-45
-5.60519e-45
-7.00649e-45
-7.00649e-45
-8.40779e-45
-9.80909e-45
-1.12104e-44
-1.26117e-44
-1.4013e-44
-1.4013e-44
-1.4013e-44
-1.68156e-44
-1.68156e-44
-1.4013e-45
9.80909e-45
-1.26117e-44
-3.78351e-44
1.68156e-44
1.00893e-43
-1.26117e-44
-2.90069e-43
-1.24716e-43
6.71222e-43
6.16571e-43
-1.48117e-42
-2.32896e-42
2.70591e-42
7.35962e-42
-3.31407e-42
-2.06425e-41
-2.11316e-42
5.16841e-41
3.26432e-41
-1.13888e-40
-1.44495e-40
2.08487e-40
4.80787e-40
-2.54319e-40
-1.35428e-39
-1.36601e-40
3.31253e-39
2.24573e-39
-6.90842e-39
-9.51163e-39
1.12058e-38
2.95933e-38
-8.27973e-39
-7.59343e-38
-3.27982e-38
1.62934e-37
2.0495e-37
-2.79511e-37
-7.39253e-37
3.20095e-37
2.0927e-36
1.26114e-40
-4.78318e-36
-9.66561e-37
7.69758e-36
1.49529e-36
