ordre_2
1.4013e-45
4.2039e-45
-5.60519e-45
-2.24208e-44
2.66247e-44
9.24857e-44
-9.80909e-44
-3.65739e-43
3.3491e-43
1.35786e-42
-1.03416e-42
-4.82607e-42
2.87406e-42
1.65605e-41
-6.9028e-42
-5.49996e-41
1.255e-41
1.77208e-40
-4.89474e-42
-5.5359e-40
-1.03923e-40
1.6737e-39
7.08995e-40
-4.87945e-39
-3.36606e-39
1.36374e-38
1.36878e-38
-3.61967e-38
-5.05832e-38
8.9778e-38
1.74028e-37
-2.01676e-37
-5.63508e-37
3.80523e-37
1.72444e-36
-4.489e-37
-4.98507e-36
-6.37455e-37
1.35469e-35
7.13186e-36
-3.42276e-35
-3.36687e-35
7.86224e-35
1.25078e-34
-1.56083e-34
-4.05454e-34
2.29117e-34
1.18367e-33
-3.82123e-35
-3.13228e-33
-1.45689e-33
7.43109e-33
7.60931e-33
-1.52279e-32
-2.77021e-32
2.40423e-32
8.39555e-32
-1.41954e-32
-2.20632e-31
-9.13888e-32
5.00573e-31
5.25789e-31
-9.30066e-31
-1.87259e-30
1.13764e-30
5.3225e-30
6.00387e-31
-1.26053e-29
-9.69837e-30
2.4105e-29
3.95529e-29
-3.10608e-29
-1.15993e-28
-6.65397e-30
2.70719e-28
2.08577e-28
-4.87598e-28
-8.44738e-28
5.17877e-28
2.35173e-27
5.68853e-28
-4.99376e-27
-5.15558e-27
7.41771e-27
1.76537e-26
-2.85178e-27
-4.25481e-26
-2.76585e-26
7.36729e-26
1.20282e-25
-6.30959e-26
-3.1106e-25
-1.429e-25
5.49611e-25
8.9005e-25
-5.09072e-25
-2.7076e-24
-4.99128e-25
5.67527e-24
2.43009e-24
-6.01006e-24
