ordre_2
2.17641e-33
3.94415e-33
-1.91918e-32
-2.45165e-32
9.19945e-32
1.162e-31
-3.61402e-31
-4.93519e-31
1.26613e-30
1.96335e-30
-4.06432e-30
-7.42981e-30
1.20158e-29
2.68875e-29
-3.23617e-29
-9.31453e-29
7.66441e-29
3.08489e-28
-1.43595e-28
-9.73671e-28
1.15865e-28
2.91312e-27
6.79585e-28
-8.19097e-27
-5.04777e-27
2.13322e-26
2.29133e-26
-5.00834e-26
-8.53793e-26
9.97416e-26
2.79542e-25
-1.3774e-25
-8.20545e-25
-4.42592e-26
2.15634e-24
1.25948e-24
-4.96307e-24
-6.03898e-24
9.38014e-24
2.09682e-23
-1.14082e-23
-6.00562e-23
-8.67937e-24
1.44617e-22
1.15322e-22
-2.80672e-22
-4.71992e-22
3.59886e-22
1.39478e-21
1.26919e-22
-3.24417e-21
-2.6928e-21
5.6464e-21
1.06249e-20
-4.95233e-21
-2.85414e-20
-1.13763e-20
5.61873e-20
7.21533e-20
-6.69852e-20
-2.19142e-19
-3.83433e-20
4.54015e-19
4.85495e-19
-5.63635e-19
-1.57146e-18
-2.18093e-19
3.19033e-18
3.47022e-18
-3.50219e-18
-1.07375e-17
-3.0879e-18
1.94642e-17
2.58635e-17
-1.42245e-17
-6.77954e-17
-4.08203e-17
9.54559e-17
1.83237e-16
3.0732e-18
-3.63279e-16
-4.00978e-16
2.78092e-16
1.0965e-15
6.84342e-16
-1.35721e-15
-2.87132e-15
-6.9713e-16
4.66704e-15
6.79157e-15
-7.28071e-16
-1.36869e-14
-1.51578e-14
7.45247e-15
3.60249e-14
3.08409e-14
-2.16268e-14
-9.63863e-14
-8.07542e-14
1.33513e-13
1.55624e-13
