ordre_1
1.08173e-17
4.17986e-16
7.88974e-15
9.6982e-14
8.73298e-13
6.14491e-12
3.52005e-11
1.68907e-10
6.93452e-10
2.47678e-09
7.80226e-09
2.19365e-08
5.56409e-08
1.28624e-07
2.73719e-07
5.41665e-07
1.0071e-06
1.77759e-06
3.00865e-06
4.92839e-06
7.87482e-06
1.23487e-05
1.9085e-05
2.91478e-05
4.40555e-05
6.59462e-05
9.77942e-05
0.000143689
0.00020919
0.000301765
0.000431333
0.000610901
0.000857324
0.00119216
0.00164264
0.00224267
0.00303395
0.00406694
0.0054019
0.00710958
0.00927173
0.0119811
0.015341
0.019464
0.0244698
0.0304824
0.0376263
0.0460208
0.0557751
0.0669805
0.0797038
0.0939795
0.109802
0.127119
0.145827
0.165762
0.186706
0.20838
0.230451
0.252537
0.274219
0.295049
0.31457
0.332326
0.347886
0.360857
0.370901
0.377752
0.381225
0.381225
0.377752
0.370901
0.360857
0.347886
0.332326
0.314569
0.295049
0.274219
0.252537
0.230451
0.20838
0.186706
0.165762
0.145827
0.127119
0.109802
0.0939795
0.0797038
0.0669805
0.0557751
0.0460208
0.0376263
0.0304824
0.0244698
0.019464
0.015341
0.0119811
0.00927172
0.00710957
0.0054019
0.00406694
