ordre_2
1.39335e-40
7.56965e-40
-1.2156e-39
-4.54624e-39
5.69816e-39
2.04628e-38
-2.15876e-38
-8.16472e-38
7.15725e-38
3.03795e-37
-2.11098e-37
-1.07611e-36
5.42451e-37
3.6623e-36
-1.10796e-36
-1.2019e-35
1.06479e-36
3.80541e-35
5.36328e-36
-1.16022e-34
-4.55081e-35
3.39225e-34
2.29496e-34
-9.44447e-34
-9.58036e-34
2.47437e-33
3.57834e-33
-5.9715e-33
-1.23129e-32
1.26943e-32
3.9511e-32
-2.09575e-32
-1.18676e-31
1.12761e-32
3.32845e-31
1.08134e-31
-8.63701e-31
-6.7367e-31
2.03191e-30
2.74812e-30
-4.13822e-30
-9.30574e-30
6.36482e-30
2.76977e-29
-2.43811e-30
-7.34326e-29
-3.29327e-29
1.71414e-28
1.79664e-28
-3.3601e-28
-6.49836e-28
4.68597e-28
1.91388e-27
-1.27522e-29
-4.77524e-27
-2.95928e-27
9.8975e-27
1.36627e-26
-1.52185e-26
-4.33651e-26
7.519e-27
1.09626e-25
5.82349e-26
-2.20543e-25
-2.96054e-25
3.0684e-25
9.22096e-25
-3.25984e-26
-2.17456e-24
-1.58414e-24
3.7995e-24
6.61527e-24
-3.4599e-24
-1.78458e-23
-6.6164e-24
3.48685e-23
4.3783e-23
-4.12962e-23
-1.3253e-22
-2.20379e-23
2.73491e-22
2.87782e-22
-3.43922e-22
-9.33204e-22
-9.69704e-23
1.92197e-21
1.98459e-21
-2.26229e-21
-6.38586e-21
-1.1984e-21
1.23985e-20
1.40786e-20
-1.18167e-20
-3.97201e-20
-1.88527e-20
6.44185e-20
1.19679e-19
-4.32988e-20
-3.04902e-19
-4.73389e-20
3.45452e-19
