ordre_2
-1.4013e-45
-2.8026e-45
-2.8026e-45
-1.4013e-45
0
1.4013e-45
1.4013e-45
0
-1.4013e-45
-2.8026e-45
-2.8026e-45
-1.4013e-45
0
1.4013e-45
1.4013e-45
2.8026e-45
1.4013e-45
0
1.4013e-45
9.80909e-45
7.00649e-45
-1.54143e-44
-2.10195e-44
3.78351e-44
6.44597e-44
-1.05097e-43
-2.20004e-43
2.4803e-43
7.07656e-43
-5.40901e-43
-2.22246e-42
9.36067e-43
6.6912e-42
-6.9084e-43
-1.93996e-41
-4.2109e-42
5.36655e-41
2.9828e-41
-1.40728e-40
-1.32924e-40
3.44555e-40
4.95582e-40
-7.66168e-40
-1.65816e-39
1.45002e-39
5.10666e-39
-1.85724e-39
-1.46012e-38
-1.18827e-39
3.87108e-38
2.02319e-38
-9.41115e-38
-9.66811e-38
2.04038e-37
3.51145e-37
-3.66999e-37
-1.09752e-36
4.11879e-37
3.05665e-36
4.98712e-37
-7.61777e-36
-5.29686e-36
1.66544e-35
2.254e-35
-2.98927e-35
-7.37239e-35
3.36672e-35
2.04543e-34
3.45685e-35
-4.8996e-34
-3.78153e-34
9.85572e-34
1.53632e-33
-1.47453e-33
-4.69001e-33
6.32768e-34
1.18195e-32
6.12508e-33
-2.45283e-32
-3.10439e-32
3.79546e-32
1.00235e-31
-2.15851e-32
-2.54339e-31
-1.26252e-31
5.15034e-31
6.56681e-31
-7.39174e-31
-2.02995e-30
1.94697e-31
4.71399e-30
3.40111e-30
-8.08981e-30
-1.55485e-29
7.59695e-30
4.64753e-29
8.70339e-30
-1.06707e-28
-5.21011e-29
1.70283e-28
7.23728e-29
