ordre_2
-1.34198e-17
-7.11311e-17
1.07338e-16
4.27539e-16
-4.08032e-16
-1.89442e-15
9.7097e-16
7.16239e-15
-4.70964e-16
-2.36476e-14
-9.84626e-15
6.6966e-14
6.65117e-14
-1.52764e-13
-2.83352e-13
2.26389e-13
9.16814e-13
9.52572e-14
-2.26442e-12
-2.0952e-12
3.74781e-12
8.36265e-12
-1.07283e-12
-2.03131e-11
-1.77521e-11
2.68687e-11
6.71613e-11
1.5891e-11
-1.23214e-10
-1.75309e-10
4.1353e-11
3.9939e-10
4.18577e-10
-2.31104e-10
-1.09331e-09
-1.03797e-09
5.69857e-10
2.65802e-09
2.79768e-09
-5.18511e-10
-5.53128e-09
-7.5214e-09
-2.52704e-09
8.18075e-09
1.7117e-08
1.51114e-08
-1.25e-09
-2.49395e-08
-4.08787e-08
-3.47386e-08
-2.68228e-09
4.43616e-08
8.48098e-08
9.65626e-08
6.74094e-08
3.2922e-10
-8.83168e-08
-1.75815e-07
-2.41292e-07
-2.71288e-07
-2.60841e-07
-2.10312e-07
-1.19384e-07
2.04713e-08
2.34673e-07
5.76341e-07
1.14152e-06
2.09243e-06
3.69385e-06
6.3686e-06
1.07802e-05
1.79517e-05
2.94348e-05
4.7544e-05
7.5678e-05
0.000118747
0.000183729
0.000280375
0.000422086
0.000626978
0.00091913
0.00133002
0.00190008
0.00268034
0.00373406
0.00513812
0.00698434
0.00937973
0.0124474
0.0163225
0.0211591
0.0270987
0.0343473
0.0429289
0.0533685
0.0647111
0.0800786
0.0910937
0.120948
0.106389
0.217629
