ordre_2
-1.4013e-45
-2.8026e-45
-2.8026e-45
-1.4013e-45
0
1.4013e-45
1.4013e-45
0
-1.4013e-45
-2.8026e-45
-2.8026e-45
-1.4013e-45
0
1.4013e-45
1.4013e-45
2.8026e-45
-5.60519e-45
-1.68156e-44
-2.8026e-45
3.36312e-44
0
-1.14906e-43
-3.22299e-44
3.37713e-43
1.68156e-43
-9.75304e-43
-7.52497e-43
2.68909e-42
2.92031e-42
-7.09898e-42
-1.05238e-41
1.75471e-41
3.56154e-41
-3.94942e-41
-1.14287e-40
7.53436e-41
3.48681e-40
-9.34862e-41
-1.01096e-39
-1.00615e-40
2.77437e-39
1.3178e-39
-7.14341e-39
-6.41237e-39
1.69635e-38
2.43734e-38
-3.58427e-38
-8.10125e-38
6.1333e-38
2.43992e-37
-5.40734e-38
-6.72988e-37
-1.69938e-37
1.69377e-36
1.26152e-36
-3.81365e-36
-5.18446e-36
7.28095e-36
1.7147e-35
-9.82227e-36
-4.92173e-35
-1.3152e-36
1.24698e-34
7.22822e-35
-2.74896e-34
-3.38452e-34
4.95227e-34
1.13604e-33
-5.62145e-34
-3.1589e-33
-5.27441e-34
7.46657e-33
5.94646e-33
-1.45389e-32
-2.3784e-32
2.00127e-32
7.06697e-32
-1.66359e-33
-1.70967e-31
-1.11611e-31
3.31594e-31
4.95892e-31
-4.39589e-31
-1.48873e-30
-2.06777e-32
3.49998e-30
2.54588e-30
-6.30622e-30
-1.03614e-29
6.59563e-30
2.8216e-29
8.28954e-30
-5.78198e-29
-7.24399e-29
8.35051e-29
2.54779e-28
-5.14938e-29
-6.3442e-28
-1.03645e-28
1.05711e-27
2.15869e-28
