ordre_2
7.33258e-39
-4.85881e-38
-6.73375e-38
2.842e-37
3.49476e-37
-1.22388e-36
-1.54161e-36
4.5877e-36
6.27842e-36
-1.57274e-35
-2.4275e-35
5.02049e-35
9.0078e-35
-1.49817e-34
-3.22138e-34
4.15143e-34
1.11148e-33
-1.04594e-33
-3.69773e-33
2.27046e-33
1.18392e-32
-3.54469e-33
-3.63643e-32
-4.90318e-34
1.06623e-31
3.6169e-32
-2.96152e-31
-2.07338e-31
7.69485e-31
8.74036e-31
-1.82835e-30
-3.16672e-30
3.78582e-30
1.03247e-29
-5.936e-30
-3.0766e-29
2.13485e-30
8.38617e-29
3.41979e-29
-2.06628e-28
-1.93516e-28
4.45389e-28
7.38508e-28
-7.67035e-28
-2.32861e-27
6.86389e-28
6.35278e-27
1.90639e-27
-1.49845e-26
-1.37528e-26
2.92256e-26
5.2391e-26
-3.95861e-26
-1.54709e-25
-3.35229e-27
3.75967e-25
2.60571e-25
-7.3211e-25
-1.13418e-24
9.56939e-25
3.3858e-24
1.79195e-25
-7.85928e-24
-6.26628e-24
1.36413e-23
2.49945e-23
-1.22143e-23
-6.71319e-23
-2.53354e-23
1.32697e-22
1.65537e-22
-1.6321e-22
-5.08113e-22
-6.38186e-23
1.07632e-21
1.07071e-21
-1.43734e-21
-3.61746e-21
-9.1475e-23
7.77572e-21
7.2895e-21
-1.00159e-20
-2.49382e-20
-2.08736e-21
5.08927e-20
5.31623e-20
-5.51997e-20
-1.65259e-19
-4.91082e-20
2.95516e-19
3.97864e-19
-2.12e-19
-1.00736e-18
-6.05791e-19
1.29104e-18
2.77053e-18
5.3527e-19
-6.2026e-18
-6.33072e-18
8.67978e-18
9.4233e-18
