ordre_2
-1.4013e-45
-2.8026e-45
-2.8026e-45
-1.4013e-45
0
1.4013e-45
1.4013e-45
0
-1.4013e-45
-2.8026e-45
-2.8026e-45
-1.4013e-45
0
1.4013e-45
1.4013e-45
2.8026e-45
1.4013e-45
0
-1.4013e-45
-2.8026e-45
-4.2039e-45
-5.60519e-45
-5.60519e-45
-4.2039e-45
-2.8026e-45
-1.4013e-45
-1.4013e-45
-0
-0
-1.4013e-45
-2.8026e-45
-4.2039e-45
-5.60519e-45
-7.00649e-45
-7.00649e-45
-5.60519e-45
-4.2039e-45
-2.8026e-45
-1.4013e-45
-1.4013e-45
-2.8026e-45
-4.2039e-45
-5.60519e-45
-7.00649e-45
-7.00649e-45
-8.40779e-45
-9.80909e-45
-1.12104e-44
-1.26117e-44
-1.4013e-44
-1.4013e-44
-1.4013e-44
-1.26117e-44
-1.12104e-44
-9.80909e-45
-8.40779e-45
-8.40779e-45
-1.54143e-44
-2.38221e-44
-1.96182e-44
4.2039e-45
5.60519e-45
-4.06377e-44
-5.74532e-44
7.00649e-44
1.79366e-43
-9.94922e-44
-5.1848e-43
-7.00649e-45
1.31442e-42
6.43196e-43
-3.08426e-42
-3.24961e-42
6.19794e-42
1.15313e-41
-9.63953e-42
-3.45098e-41
5.55054e-42
9.04272e-41
3.63413e-41
-2.07719e-40
-2.07932e-40
4.02429e-40
7.42879e-40
-5.67712e-40
-2.13595e-39
9.997e-41
5.18112e-39
3.14388e-39
-1.04241e-38
-1.53501e-38
1.56508e-38
5.18247e-38
-8.99513e-39
-1.44543e-37
-4.25213e-38
3.42574e-37
1.89608e-37
-6.50458e-37
-3.88013e-37
6.65436e-37
