ordre_2
-1.4013e-45
-2.8026e-45
-2.8026e-45
-1.4013e-45
0
1.4013e-45
1.4013e-45
0
-1.4013e-45
-2.8026e-45
-2.8026e-45
-1.4013e-45
0
1.4013e-45
1.4013e-45
2.8026e-45
1.4013e-45
0
-1.4013e-45
-2.8026e-45
-4.2039e-45
-5.60519e-45
-5.60519e-45
-4.2039e-45
-2.8026e-45
-1.4013e-45
-1.4013e-45
-0
-0
-1.4013e-45
-2.8026e-45
-4.2039e-45
-5.60519e-45
-7.00649e-45
-7.00649e-45
-5.60519e-45
8.40779e-45
1.12104e-44
-1.68156e-44
-3.22299e-44
3.36312e-44
9.10844e-44
-7.56701e-44
-2.97075e-43
8.40779e-44
8.35174e-43
7.42688e-44
-2.2701e-42
-1.09582e-42
5.74252e-42
5.30111e-42
-1.33221e-41
-1.98522e-41
2.72707e-41
6.4918e-41
-4.39784e-41
-1.92097e-40
2.86748e-41
5.19728e-40
1.69341e-40
-1.27996e-39
-1.06299e-39
2.8055e-39
4.15698e-39
-5.14118e-39
-1.33462e-38
6.23953e-39
3.74379e-38
4.13144e-39
-9.29183e-38
-6.14996e-38
2.00454e-37
2.67594e-37
-3.50362e-37
-8.70798e-37
3.64214e-37
2.37679e-36
5.23688e-37
-5.5475e-36
-4.70539e-36
1.07112e-35
1.82837e-35
-1.46989e-35
-5.39569e-35
1.53254e-36
1.30886e-34
7.99115e-35
-2.55901e-34
-3.5806e-34
3.40403e-34
1.0937e-33
4.90087e-35
-2.69548e-33
-2.25169e-33
5.56614e-33
9.28769e-33
-9.62488e-33
-2.50895e-32
1.34345e-32
4.37651e-32
-1.11188e-32
