ordre_1
-1.1041e-06
-9.53775e-07
2.44355e-07
1.81978e-06
3.51481e-06
5.74003e-06
9.13167e-06
1.43845e-05
2.24361e-05
3.46504e-05
5.2988e-05
8.02335e-05
0.000120294
0.000178582
0.000262508
0.00038208
0.000550652
0.000785793
0.00111032
0.00155345
0.00215207
0.00295206
0.00400962
0.00539251
0.00718105
0.0094688
0.0123627
0.0159823
0.0204586
0.0259311
0.0325446
0.0404432
0.0497648
0.0606331
0.0731489
0.0873808
0.103356
0.12105
0.140379
0.161195
0.183279
0.20634
0.23002
0.253897
0.277499
0.300314
0.32181
0.341456
0.358741
0.373197
0.38442
0.392088
0.39598
0.39598
0.392088
0.38442
0.373197
0.358741
0.341456
0.32181
0.300314
0.277499
0.253897
0.23002
0.20634
0.183279
0.161195
0.140379
0.12105
0.103356
0.0873807
0.0731489
0.0606331
0.0497648
0.0404432
0.0325446
0.0259311
0.0204586
0.0159823
0.0123627
0.00946879
0.00718104
0.0053925
0.00400962
0.00295206
0.00215207
0.00155345
0.00111032
0.000785792
0.000550651
0.00038208
0.000262507
0.000178582
0.000120293
8.02335e-05
5.2988e-05
3.46504e-05
2.24361e-05
1.43845e-05
9.13166e-06
5.74002e-06
