ordre_2
-1.11398e-27
7.40458e-27
1.03584e-26
-4.26212e-26
-5.48569e-26
1.78236e-25
2.47052e-25
-6.3735e-25
-1.02029e-24
2.03149e-24
3.94931e-24
-5.79098e-24
-1.44156e-23
1.43609e-23
4.96149e-23
-2.81462e-23
-1.60421e-22
2.58954e-23
4.83746e-22
1.1881e-22
-1.34322e-21
-9.2778e-22
3.35513e-21
4.1782e-21
-7.17345e-21
-1.50579e-20
1.13655e-20
4.64393e-20
-3.78407e-21
-1.23849e-19
-6.4606e-20
2.78455e-19
3.41597e-19
-4.79981e-19
-1.17636e-18
3.82333e-19
3.16155e-18
1.34656e-18
-6.64791e-18
-8.23926e-18
9.44856e-18
2.68493e-17
-5.14906e-19
-6.2645e-17
-5.11536e-17
9.92554e-17
2.01756e-16
-4.44235e-17
-4.88782e-16
-3.48975e-16
7.45428e-16
1.46267e-15
-2.00417e-16
-3.32163e-15
-2.86798e-15
4.10033e-15
1.01733e-14
2.05452e-15
-1.87366e-14
-2.41604e-14
1.1773e-14
6.1361e-14
4.46684e-14
-7.09501e-14
-1.68302e-13
-5.61183e-14
2.5911e-13
4.13469e-13
2.25885e-15
-7.76188e-13
-9.53675e-13
2.59727e-13
2.07971e-12
2.15567e-12
-1.01198e-12
-5.18154e-12
-4.95838e-12
2.62939e-12
1.22065e-11
1.18415e-11
-5.00706e-12
-2.71704e-11
-2.91072e-11
5.17056e-12
5.60333e-11
7.11844e-11
9.90462e-12
-1.02058e-10
-1.65262e-10
-7.95006e-11
1.45674e-10
3.44689e-10
2.91329e-10
-9.06118e-11
-5.92895e-10
-7.85643e-10
-2.83767e-10
6.27561e-10
1.56558e-09
1.76762e-09
-1.06561e-09
