ordre_2
-1.4013e-45
-2.8026e-45
-2.8026e-45
-1.4013e-45
0
1.4013e-45
1.4013e-45
0
-1.4013e-45
-2.8026e-45
-2.8026e-45
-1.4013e-45
0
1.4013e-45
1.4013e-45
2.8026e-45
1.4013e-45
0
-1.4013e-45
-2.8026e-45
-4.2039e-45
-5.60519e-45
-5.60519e-45
-4.2039e-45
-2.8026e-45
-1.4013e-45
-1.4013e-45
-4.2039e-45
-1.54143e-44
-1.68156e-44
1.12104e-44
2.38221e-44
-4.62428e-44
-8.82818e-44
1.03696e-43
2.85865e-43
-2.00386e-43
-8.71608e-43
2.87266e-43
2.55036e-42
7.14662e-44
-7.09477e-42
-2.75495e-42
1.86275e-41
1.45637e-41
-4.56221e-41
-5.76648e-41
1.01426e-40
1.97755e-40
-1.92687e-40
-6.14195e-40
2.54082e-40
1.75412e-39
1.01604e-40
-4.61292e-39
-2.38734e-39
1.10488e-38
1.15136e-38
-2.33779e-38
-4.14773e-38
4.01643e-38
1.27703e-37
-3.83288e-38
-3.48415e-37
-8.52162e-38
8.44603e-37
6.74241e-37
-1.77301e-36
-2.69118e-36
2.95219e-36
8.4455e-36
-2.51082e-36
-2.25434e-35
-7.0997e-36
5.16098e-35
4.8804e-35
-9.7014e-35
-1.79897e-34
1.23755e-34
5.17302e-34
3.34983e-35
-1.234e-33
-8.94698e-34
2.39253e-33
3.74226e-33
-3.2463e-33
-1.10242e-32
2.08665e-34
2.56105e-32
1.78279e-32
-4.52303e-32
-7.81073e-32
4.402e-32
2.35441e-31
6.74693e-32
-5.75645e-31
-4.78681e-31
1.16328e-30
1.31691e-30
-1.71739e-30
-1.56129e-30
