ordre_2
1.36255e-35
-2.97492e-35
-1.22752e-34
1.68725e-34
6.14251e-34
-6.87347e-34
-2.57556e-33
2.35872e-33
9.86214e-33
-7.04374e-33
-3.55594e-32
1.79101e-32
1.2226e-31
-3.43862e-32
-4.02696e-31
1.79632e-32
1.27096e-30
2.68032e-31
-3.83213e-30
-1.89443e-30
1.09688e-29
9.02863e-30
-2.94746e-29
-3.62939e-29
7.28761e-29
1.30768e-28
-1.59087e-28
-4.32048e-28
2.74334e-28
1.31912e-27
-1.98296e-28
-3.71646e-27
-1.13564e-27
9.55953e-27
7.61749e-27
-2.18772e-26
-3.12426e-26
4.17846e-26
1.04076e-25
-5.30369e-26
-2.99275e-25
-3.17349e-26
7.48889e-25
5.20684e-25
-1.58471e-24
-2.27975e-24
2.54572e-24
7.28987e-24
-1.58192e-24
-1.89734e-23
-8.85205e-24
4.00997e-23
4.92232e-23
-6.16914e-23
-1.61904e-22
2.87398e-23
4.04015e-22
2.35913e-22
-7.64662e-22
-1.14017e-21
8.72972e-22
3.31682e-21
6.81493e-22
-6.98583e-21
-7.33627e-21
9.54922e-21
2.45451e-20
-8.20298e-23
-5.43952e-20
-4.79099e-20
7.62181e-20
1.73352e-19
-6.2328e-21
-3.79216e-19
-3.4219e-19
4.8372e-19
1.18909e-18
1.32542e-19
-2.36387e-18
-2.61659e-18
2.28689e-18
7.7107e-18
3.17943e-18
-1.24659e-17
-1.94434e-17
4.75418e-18
4.40946e-17
3.77085e-17
-4.6647e-17
-1.25754e-16
-4.73255e-17
1.95974e-16
3.08776e-16
-3.613e-17
-6.06274e-16
-6.61758e-16
3.09905e-16
1.94624e-15
1.40244e-15
-2.97019e-15
-2.61784e-15
