ordre_2
-1.4013e-45
-2.8026e-45
-2.8026e-45
-1.4013e-45
0
1.4013e-45
1.4013e-45
0
-1.4013e-45
-2.8026e-45
-2.8026e-45
-1.4013e-45
0
1.4013e-45
1.4013e-45
2.8026e-45
1.4013e-45
0
-1.4013e-45
-2.8026e-45
-4.2039e-45
-5.60519e-45
-5.60519e-45
-4.2039e-45
-2.8026e-45
-1.4013e-45
-1.4013e-45
-0
-0
-1.4013e-45
-2.8026e-45
1.4013e-45
8.40779e-45
4.2039e-45
-1.96182e-44
-2.24208e-44
3.08286e-44
4.62428e-44
-9.52883e-44
-1.77965e-43
1.9478e-43
5.53513e-43
-3.51726e-43
-1.66334e-42
3.64338e-43
4.72097e-42
8.02944e-43
-1.25991e-41
-7.17885e-42
3.13064e-41
3.22929e-41
-7.08609e-41
-1.16951e-40
1.38848e-40
3.731e-40
-2.01439e-40
-1.07967e-39
3.08776e-41
2.85296e-39
1.28372e-39
-6.82523e-39
-6.70461e-39
1.43439e-38
2.46055e-38
-2.42744e-38
-7.58287e-38
2.19589e-38
2.05125e-37
5.57386e-38
-4.88904e-37
-4.13523e-37
9.96804e-37
1.60712e-36
-1.56174e-36
-4.91728e-36
9.61311e-37
1.27374e-35
5.37845e-36
-2.79887e-35
-3.06777e-35
4.91078e-35
1.06357e-34
-5.14422e-35
-2.91972e-34
-6.38276e-35
6.60229e-34
5.79756e-34
-1.1683e-33
-2.13635e-33
1.17794e-33
5.84436e-33
1.86972e-33
-1.28993e-32
-1.52644e-32
2.28816e-32
5.4637e-32
-3.06653e-32
-1.39326e-31
2.65661e-32
2.36428e-31
-1.01047e-32
