ordre_2
-7.96962e-35
-4.32064e-34
6.90323e-34
2.59537e-33
-3.18601e-33
-1.1677e-32
1.17497e-32
4.65001e-32
-3.72484e-32
-1.72205e-31
1.01577e-31
6.04599e-31
-2.22209e-31
-2.02776e-30
2.67058e-31
6.5082e-30
7.90085e-31
-1.99494e-29
-7.968e-30
5.80855e-29
4.16536e-29
-1.59069e-28
-1.75515e-28
4.02541e-28
6.52198e-28
-9.08852e-28
-2.20537e-27
1.67686e-27
6.86347e-27
-1.71822e-27
-1.96704e-26
-4.23496e-27
5.14525e-26
3.61419e-26
-1.20009e-25
-1.56935e-25
2.35737e-25
5.37501e-25
-3.22201e-25
-1.57285e-24
-6.67528e-26
3.98662e-24
2.54242e-24
-8.53201e-24
-1.16769e-23
1.39187e-23
3.7951e-23
-9.4038e-24
-9.93466e-23
-4.47556e-23
2.09682e-22
2.55693e-22
-3.18688e-22
-8.41078e-22
1.30944e-22
2.07763e-21
1.28231e-21
-3.8369e-21
-5.989e-21
4.03347e-21
1.69642e-20
4.78728e-21
-3.43513e-20
-3.98058e-20
4.26585e-20
1.25495e-19
1.61112e-20
-2.61398e-19
-2.70957e-19
3.20555e-19
8.81645e-19
1.35745e-19
-1.7552e-18
-1.96823e-18
1.80317e-18
5.90019e-18
2.07149e-18
-1.01867e-17
-1.45798e-17
6.0343e-18
3.60207e-17
2.53049e-17
-4.61229e-17
-9.99356e-17
-1.5219e-17
1.82186e-16
2.29479e-16
-1.0448e-16
-5.64085e-16
-4.34114e-16
5.96373e-16
1.53036e-15
6.04849e-16
-2.2077e-15
-3.60131e-15
-4.24715e-16
6.18794e-15
9.88259e-15
-2.82599e-15
-2.24247e-14
-3.71429e-15
