ordre_1
1.10769e-14
3.17249e-13
4.40815e-12
3.96226e-11
2.59269e-10
1.3183e-09
5.43259e-09
1.86993e-08
5.50441e-08
1.41362e-07
3.22537e-07
6.65345e-07
1.26262e-06
2.24239e-06
3.78796e-06
6.17312e-06
9.81317e-06
1.53315e-05
2.3645e-05
3.60763e-05
5.45043e-05
8.15656e-05
0.000120919
0.000177582
0.000258362
0.000372376
0.000531689
0.000752071
0.00105386
0.00146297
0.00201193
0.00274104
0.00369951
0.00494652
0.00655213
0.0085979
0.0111771
0.0143945
0.018365
0.023212
0.0290646
0.0360533
0.0443053
0.053938
0.0650526
0.0777257
0.0920015
0.107884
0.125328
0.144235
0.164446
0.185741
0.207837
0.230394
0.253017
0.275271
0.296691
0.316795
0.335108
0.351175
0.364582
0.374972
0.382062
0.385657
0.385657
0.382062
0.374972
0.364582
0.351175
0.335108
0.316795
0.29669
0.275271
0.253017
0.230394
0.207837
0.185741
0.164446
0.144235
0.125328
0.107884
0.0920015
0.0777257
0.0650526
0.053938
0.0443053
0.0360533
0.0290646
0.023212
0.018365
0.0143945
0.0111771
0.0085979
0.00655213
0.00494652
0.00369951
0.00274104
0.00201193
0.00146297
0.00105386
0.000752071
