ordre_2
-8.19177e-40
-6.35757e-38
4.79343e-39
3.76734e-37
1.17916e-39
-1.65853e-36
-1.56591e-37
6.41773e-36
1.33503e-36
-2.2964e-35
-7.95948e-36
7.75509e-35
3.97874e-35
-2.49248e-34
-1.77587e-34
7.6384e-34
7.29134e-34
-2.22555e-33
-2.79838e-33
6.11491e-33
1.01306e-32
-1.55849e-32
-3.476e-32
3.56e-32
1.13243e-31
-6.67303e-32
-3.50006e-31
6.89881e-32
1.02262e-30
1.86796e-31
-2.80365e-30
-1.63469e-30
7.11467e-30
7.49741e-30
-1.62692e-29
-2.76349e-29
3.1511e-29
8.90822e-29
-4.1867e-29
-2.57539e-28
-1.78091e-29
6.68658e-28
3.95412e-28
-1.52962e-27
-1.85521e-27
2.90876e-27
6.39583e-27
-3.72096e-27
-1.83894e-26
-1.62338e-27
4.51135e-26
3.20057e-26
-9.17538e-26
-1.37817e-25
1.35513e-25
4.26445e-25
-4.25299e-26
-1.06041e-24
-6.33182e-25
2.09313e-24
3.0037e-24
-2.78483e-24
-9.13145e-24
-2.68954e-25
2.11222e-23
1.67956e-23
-3.58156e-23
-6.67919e-23
2.88571e-23
1.75451e-22
7.76999e-23
-3.31747e-22
-4.51707e-22
3.59424e-22
1.31197e-21
3.39554e-22
-2.59246e-21
-3.03735e-21
2.93823e-21
9.24913e-21
2.1037e-21
-1.79464e-20
-2.12405e-20
1.82233e-20
6.23171e-20
2.14309e-20
-1.09761e-19
-1.52678e-19
7.67217e-20
3.95162e-19
2.37012e-19
-5.7536e-19
-1.04512e-18
6.20879e-20
2.08348e-18
2.35886e-18
-1.76066e-18
-7.76952e-18
-2.27831e-18
1.36673e-17
5.73075e-18
