ordre_1
5.86407e-37
6.01892e-35
3.06008e-33
1.02743e-31
2.56272e-30
5.06498e-29
8.26195e-28
1.14399e-26
1.37253e-25
1.44942e-24
1.36399e-23
1.15534e-22
8.88124e-22
6.23883e-21
4.02862e-20
2.40346e-19
1.33065e-18
6.86317e-18
3.30912e-17
1.49612e-16
6.3605e-16
2.54904e-15
9.65205e-15
3.46048e-14
1.177e-13
3.80478e-13
1.17095e-12
3.43646e-12
9.63197e-12
2.58227e-11
6.63131e-11
1.63354e-10
3.86552e-10
8.79938e-10
1.92969e-09
4.08274e-09
8.34653e-09
1.65131e-08
3.16688e-08
5.89728e-08
1.0682e-07
1.88552e-07
3.24932e-07
5.47722e-07
9.04794e-07
1.46743e-06
2.34069e-06
3.678e-06
5.70161e-06
8.7308e-06
1.32205e-05
1.98134e-05
2.94093e-05
4.32561e-05
6.30682e-05
9.11775e-05
0.000130724
0.000185894
0.000262208
0.000366875
0.000509206
0.000701097
0.000957583
0.00129745
0.0017439
0.00232526
0.00307569
0.00403584
0.00525347
0.00678392
0.00869037
0.0110438
0.0139227
0.0174123
0.0216029
0.0265885
0.032464
0.0393222
0.04725
0.0563241
0.0666062
0.0781385
0.090938
0.104992
0.120253
0.136637
0.154018
0.172229
0.191061
0.210267
0.229563
0.248637
0.267155
0.284769
0.301131
0.315902
0.328763
0.339428
0.347653
0.353247
0.356077
