ordre_2
4.94742e-29
2.67335e-28
-4.23663e-28
-1.60623e-27
1.90622e-27
7.21936e-27
-6.71392e-27
-2.86301e-26
1.959e-26
1.05014e-25
-4.50668e-26
-3.62206e-25
5.7724e-26
1.17989e-24
1.53864e-25
-3.621e-24
-1.63334e-24
1.03823e-23
8.56981e-24
-2.73591e-23
-3.56466e-23
6.41198e-23
1.28763e-22
-1.23429e-22
-4.15714e-22
1.42078e-22
1.20641e-21
2.32094e-22
-3.11371e-21
-2.31239e-21
6.9069e-21
1.00276e-20
-1.19324e-20
-3.30239e-20
9.70989e-21
8.96234e-20
3.46444e-20
-1.99307e-19
-2.22791e-19
3.3017e-19
7.78322e-19
-2.21614e-19
-2.02504e-18
-1.02774e-18
3.95749e-18
5.55263e-18
-4.65364e-18
-1.66089e-17
-3.37183e-18
3.47054e-17
3.78219e-17
-4.38714e-17
-1.23226e-16
-1.63944e-17
2.53472e-16
2.74739e-16
-2.81386e-16
-8.59583e-16
-2.52122e-16
1.55444e-15
2.10279e-15
-1.05747e-15
-5.42559e-15
-3.56955e-15
7.17707e-15
1.49535e-14
2.06318e-15
-2.73571e-14
-3.47918e-14
1.39111e-14
8.34883e-14
7.03102e-14
-7.69285e-14
-2.24941e-13
-1.25457e-13
2.68372e-13
5.62555e-13
2.03157e-13
-7.75104e-13
-1.35059e-12
-3.28694e-13
1.99454e-12
3.18489e-12
6.71304e-13
-4.68938e-12
-7.45608e-12
-1.9897e-12
1.00652e-11
1.72537e-11
6.97357e-12
-1.91958e-11
-3.86743e-11
-2.34789e-11
2.95129e-11
8.2178e-11
6.96942e-11
-2.7578e-11
-1.41391e-10
-2.12244e-10
-2.09977e-11
3.21816e-10
