ordre_2
-1.4013e-45
-2.8026e-45
-4.2039e-45
-5.60519e-45
4.2039e-45
1.54143e-44
-1.96182e-44
-6.5861e-44
5.74532e-44
2.35418e-43
-1.80768e-43
-8.33773e-43
5.03066e-43
2.85865e-42
-1.23314e-42
-9.51762e-42
2.33176e-42
3.07179e-41
-1.46996e-42
-9.62132e-41
-1.57184e-41
2.9193e-40
1.15051e-40
-8.55211e-40
-5.586e-40
2.40604e-39
2.30065e-39
-6.44533e-39
-8.58412e-39
1.6205e-38
2.97897e-38
-3.72182e-38
-9.73076e-38
7.34056e-38
3.00649e-37
-1.00747e-37
-8.78889e-37
-4.50633e-38
2.42153e-36
1.06679e-36
-6.23045e-36
-5.45599e-36
1.46938e-35
2.10388e-35
-3.05122e-35
-7.00427e-35
4.99338e-35
2.09534e-34
-3.39235e-35
-5.69383e-34
-1.88437e-34
1.39682e-33
1.19667e-33
-3.01069e-33
-4.66625e-33
5.27131e-33
1.48077e-32
-5.33718e-33
-4.06244e-32
-9.46e-33
9.70324e-32
8.02968e-32
-1.95319e-31
-3.17213e-31
2.91969e-31
9.64262e-31
-1.16613e-31
-2.43923e-30
-1.2796e-30
5.10545e-30
6.46154e-30
-8.02423e-30
-2.09568e-29
4.91954e-30
5.34315e-29
2.56559e-29
-1.08463e-28
-1.38092e-28
1.55189e-28
4.36601e-28
-3.9187e-29
-1.04272e-27
-6.9911e-28
1.86911e-27
3.06126e-27
-1.90385e-27
-8.52215e-27
-2.33749e-27
1.74319e-26
1.88783e-26
-2.30292e-26
-5.99781e-26
-3.48491e-27
1.31515e-25
1.38455e-25
-2.03031e-25
-5.17579e-25
1.79914e-25
1.19649e-24
-2.29253e-27
-1.3264e-24
