ordre_1
1.4013e-45
2.8026e-45
4.2039e-45
5.60519e-45
7.00649e-45
8.40779e-45
9.80909e-45
1.12104e-44
1.26117e-44
1.4013e-44
1.54143e-44
1.68156e-44
1.82169e-44
1.96182e-44
2.10195e-44
2.24208e-44
2.38221e-44
2.52234e-44
2.66247e-44
2.8026e-44
2.94273e-44
3.08286e-44
3.22299e-44
3.36312e-44
3.50325e-44
3.64338e-44
3.78351e-44
3.92364e-44
4.06377e-44
4.2039e-44
4.34403e-44
4.48416e-44
4.62428e-44
4.76441e-44
4.90454e-44
5.04467e-44
5.1848e-44
5.32493e-44
5.46506e-44
5.60519e-44
5.74532e-44
5.88545e-44
6.02558e-44
6.16571e-44
6.30584e-44
6.44597e-44
6.5861e-44
7.56701e-44
1.41531e-43
5.04467e-43
2.45087e-42
1.25781e-41
6.40716e-41
3.19939e-40
1.56319e-39
7.47226e-39
3.49532e-38
1.60047e-37
7.17563e-37
3.15102e-36
1.35563e-35
5.71542e-35
2.36202e-34
9.57103e-34
3.80345e-33
1.48267e-32
5.67097e-32
2.1287e-31
7.84347e-31
2.83747e-30
1.00802e-29
3.51732e-29
1.2057e-28
4.06103e-28
1.34425e-27
4.37369e-27
1.399e-26
4.40007e-26
1.36097e-25
4.1405e-25
1.23921e-24
3.64911e-24
1.05742e-23
3.01574e-23
8.46618e-23
2.33987e-22
6.36746e-22
1.70637e-21
4.50374e-21
1.17091e-20
2.99905e-20
7.56853e-20
1.88219e-19
4.61314e-19
1.11447e-18
2.65419e-18
6.23226e-18
1.443e-17
3.29494e-17
7.42073e-17
1.64862e-16
