ordre_1
1.4013e-45
2.8026e-45
4.2039e-45
5.60519e-45
7.00649e-45
8.40779e-45
9.80909e-45
1.12104e-44
1.26117e-44
1.4013e-44
1.54143e-44
1.68156e-44
1.82169e-44
1.96182e-44
2.10195e-44
2.24208e-44
2.38221e-44
2.52234e-44
2.66247e-44
2.8026e-44
2.94273e-44
3.08286e-44
3.22299e-44
3.36312e-44
3.50325e-44
3.64338e-44
3.78351e-44
3.92364e-44
4.34403e-44
7.84727e-44
3.51726e-43
2.32896e-42
1.5993e-41
1.07135e-40
6.94521e-40
4.35549e-39
2.644e-38
1.5548e-37
8.86319e-37
4.90115e-36
2.63076e-35
1.37153e-34
6.94894e-34
3.42347e-33
1.64088e-32
7.65543e-32
3.47818e-31
1.53966e-30
6.64326e-30
2.79514e-29
1.14728e-28
4.59562e-28
1.7972e-27
6.864e-27
2.56119e-26
9.33972e-26
3.32961e-25
1.1608e-24
3.95875e-24
1.32105e-23
4.31486e-23
1.37981e-22
4.3211e-22
1.32557e-21
3.98434e-21
1.17371e-20
3.38941e-20
9.59722e-20
2.66518e-19
7.2605e-19
1.94071e-18
5.09103e-18
1.31098e-17
3.31453e-17
8.22959e-17
2.00704e-16
4.80888e-16
1.13223e-15
2.6201e-15
5.96055e-15
1.3333e-14
2.93317e-14
6.34756e-14
1.35154e-13
2.83204e-13
5.84137e-13
1.18625e-12
2.37236e-12
4.67342e-12
9.07076e-12
1.73506e-11
3.27162e-11
6.08276e-11
1.11544e-10
2.01802e-10
3.60295e-10
6.35006e-10
1.10513e-09
1.89979e-09
3.22692e-09
5.41756e-09
