ordre_2
-1.4013e-45
-2.8026e-45
-2.8026e-45
-1.4013e-45
0
1.4013e-45
1.4013e-45
0
-1.4013e-45
-2.8026e-45
-2.8026e-45
-1.4013e-45
0
1.4013e-45
1.4013e-45
2.8026e-45
1.4013e-45
0
-1.4013e-45
-2.8026e-45
-4.2039e-45
-5.60519e-45
-5.60519e-45
-4.2039e-45
-2.8026e-45
-1.4013e-45
-5.60519e-45
-1.4013e-44
-1.26117e-44
1.26117e-44
1.96182e-44
-4.48416e-44
-7.56701e-44
1.06499e-43
2.49431e-43
-2.22806e-43
-7.74918e-43
3.85357e-43
2.31635e-42
-3.08286e-43
-6.59871e-42
-1.47557e-42
1.77979e-41
1.0626e-41
-4.50798e-41
-4.64951e-41
1.05079e-40
1.68662e-40
-2.16519e-40
-5.45943e-40
3.52369e-40
1.61679e-39
-2.33617e-40
-4.41097e-39
-1.38042e-39
1.10278e-38
8.80633e-39
-2.47578e-38
-3.50172e-38
4.73304e-38
1.14573e-37
-6.4493e-38
-3.28667e-37
-5.56425e-39
8.38918e-37
4.64009e-37
-1.88179e-36
-2.21324e-36
3.51847e-36
7.56395e-36
-4.49569e-36
-2.15294e-35
-1.43718e-36
5.26348e-35
3.52077e-35
-1.08407e-34
-1.53283e-34
1.69852e-34
4.81439e-34
-1.04999e-34
-1.23735e-33
-5.57602e-34
2.62684e-33
3.09526e-33
-4.26121e-33
-1.02411e-32
3.26376e-33
2.61509e-32
1.04495e-32
-5.23193e-32
-6.35547e-32
7.06551e-32
2.13434e-31
1.01448e-33
-5.59352e-31
-3.80082e-31
1.21832e-30
1.38887e-30
-2.13316e-30
-2.70396e-30
2.07472e-30
