ordre_1
8.65385e-17
3.08427e-15
5.36055e-14
6.057e-13
5.00538e-12
3.22725e-11
1.69165e-10
7.41935e-10
2.78204e-09
9.07315e-09
2.61106e-08
6.71586e-08
1.56247e-07
3.3267e-07
6.55846e-07
1.21153e-06
2.12202e-06
3.56419e-06
5.79901e-06
9.21546e-06
1.43909e-05
2.21715e-05
3.37776e-05
5.09444e-05
7.61064e-05
0.000112639
0.000165171
0.000239973
0.000345444
0.000492698
0.000696262
0.000974884
0.00135246
0.00185901
0.00253182
0.00341644
0.00456779
0.00605103
0.00794228
0.0103289
0.0133093
0.0169922
0.0214949
0.0269413
0.0334575
0.0411684
0.0501913
0.0606301
0.0725678
0.0860587
0.101121
0.117729
0.135807
0.155224
0.175789
0.197252
0.219304
0.241585
0.263689
0.285174
0.30558
0.324443
0.341311
0.355762
0.367423
0.375986
0.381219
0.38298
0.381219
0.375986
0.367423
0.355762
0.341311
0.324443
0.30558
0.285174
0.263689
0.241585
0.219304
0.197252
0.175789
0.155224
0.135807
0.117729
0.101121
0.0860587
0.0725678
0.0606301
0.0501913
0.0411684
0.0334575
0.0269412
0.0214949
0.0169922
0.0133093
0.0103289
0.00794228
0.00605103
0.00456778
0.00341644
0.00253182
