ordre_2
-5.2487e-30
3.48553e-29
4.86248e-29
-2.01592e-28
-2.56025e-28
8.5056e-28
1.14671e-27
-3.08627e-27
-4.72193e-27
1.00689e-26
1.83043e-26
-2.98093e-26
-6.73012e-26
7.90033e-26
2.35008e-25
-1.78439e-25
-7.77848e-25
2.89105e-25
2.42928e-24
1.50203e-26
-7.10253e-24
-2.8276e-24
1.91818e-23
1.61691e-23
-4.66896e-23
-6.63205e-23
9.71142e-23
2.2857e-22
-1.46875e-22
-6.89428e-22
1.92847e-23
1.82754e-21
9.90761e-22
-4.15733e-21
-5.04538e-21
7.49502e-21
1.75024e-20
-7.49747e-21
-4.85726e-20
-1.43549e-20
1.09249e-19
1.12212e-19
-1.83048e-19
-4.04074e-19
1.32269e-19
1.05653e-18
5.14343e-19
-2.05237e-18
-2.85083e-18
2.36405e-18
8.47986e-18
1.8754e-18
-1.74314e-17
-1.9528e-17
2.1157e-17
6.21683e-17
1.10945e-17
-1.24459e-16
-1.42028e-16
1.29435e-16
4.27987e-16
1.50618e-16
-7.45202e-16
-1.07064e-15
4.36615e-16
2.651e-15
1.90997e-15
-3.32001e-15
-7.42816e-15
-1.51046e-15
1.30408e-14
1.75831e-14
-5.55077e-15
-4.04727e-14
-3.61916e-14
3.5059e-14
1.10262e-13
6.57058e-14
-1.27246e-13
-2.77601e-13
-1.07051e-13
3.76254e-13
6.68151e-13
1.66948e-13
-9.87292e-13
-1.57478e-12
-3.04934e-13
2.37065e-12
3.685e-12
8.20961e-13
-5.2447e-12
-8.54001e-12
-2.88755e-12
1.04885e-11
1.96338e-11
9.4033e-12
-1.73023e-11
-4.09165e-11
-3.9321e-11
3.80087e-11
8.29194e-11
