ordre_1
1.4013e-45
2.8026e-45
4.2039e-45
5.60519e-45
7.00649e-45
8.40779e-45
9.80909e-45
1.96182e-44
2.14399e-43
3.70784e-42
5.88615e-41
8.45061e-40
1.10541e-38
1.32656e-37
1.46912e-36
1.50913e-35
1.44429e-34
1.29279e-33
1.08603e-32
8.5886e-32
6.41159e-31
4.52946e-30
3.03486e-29
1.93254e-28
1.17172e-27
6.77602e-27
3.74336e-26
1.97842e-25
1.00168e-24
4.86458e-24
2.26866e-23
1.01714e-22
4.38852e-22
1.82392e-21
7.30862e-21
2.82605e-20
1.05533e-19
3.80888e-19
1.32961e-18
4.4923e-18
1.47002e-17
4.66189e-17
1.43368e-16
4.27813e-16
1.2394e-15
3.48793e-15
9.5402e-15
2.53752e-14
6.56675e-14
1.65425e-13
4.05865e-13
9.70314e-13
2.26157e-12
5.14157e-12
1.14075e-11
2.47127e-11
5.23015e-11
1.08194e-10
2.18894e-10
4.33363e-10
8.40061e-10
1.59543e-09
2.9705e-09
5.42562e-09
9.72816e-09
1.71348e-08
2.96692e-08
5.05396e-08
8.47583e-08
1.40051e-07
2.28175e-07
3.6682e-07
5.82318e-07
9.13464e-07
1.41689e-06
2.17454e-06
3.30394e-06
4.97224e-06
7.41526e-06
1.0963e-05
1.60732e-05
2.33761e-05
3.37317e-05
4.83034e-05
6.86522e-05
9.68539e-05
0.000135644
0.000188598
0.000260339
0.0003568
0.000485517
0.000655971
0.000879974
0.0011721
0.00155014
0.00203559
0.00265415
0.00343619
0.00441719
0.00563811
0.00714562
