ordre_2
4.55417e-28
-3.02661e-27
-4.23181e-27
1.74367e-26
2.23877e-26
-7.30382e-26
-1.00727e-25
2.61891e-25
4.15791e-25
-8.38433e-25
-1.61004e-24
2.4075e-24
5.88555e-24
-6.04962e-24
-2.03143e-23
1.22205e-23
6.59833e-23
-1.31453e-23
-2.00339e-22
-4.04526e-23
5.61983e-22
3.57347e-22
-1.42611e-21
-1.66311e-21
3.13461e-21
6.12228e-21
-5.30387e-21
-1.92645e-20
3.39422e-21
5.26182e-20
2.21712e-20
-1.22445e-19
-1.3311e-19
2.25371e-19
4.82908e-19
-2.36348e-19
-1.35694e-18
-3.80415e-19
3.02261e-18
3.15359e-18
-4.84012e-18
-1.12144e-17
2.53965e-18
2.81983e-17
1.72518e-17
-5.02931e-17
-8.21051e-17
4.23918e-17
2.21388e-16
1.04576e-16
-3.92763e-16
-5.93541e-16
2.92623e-16
1.55916e-15
8.92685e-16
-2.4243e-15
-4.3111e-15
6.73303e-16
9.62823e-15
8.69903e-15
-1.04081e-14
-2.88127e-14
-1.05086e-14
4.58334e-14
7.20714e-14
-8.32749e-15
-1.4996e-13
-1.5799e-13
1.02096e-13
4.22136e-13
3.14639e-13
-4.08857e-13
-1.08809e-12
-5.97661e-13
1.24264e-12
2.66463e-12
1.17708e-12
-3.245e-12
-6.34102e-12
-2.66572e-12
7.53398e-12
1.47897e-11
7.15788e-12
-1.54479e-11
-3.3575e-11
-2.10008e-11
2.64239e-11
7.2477e-11
6.07448e-11
-3.01573e-11
-1.42612e-10
-1.61782e-10
-1.31341e-11
2.34887e-10
3.80348e-10
2.06508e-10
-2.72992e-10
-6.8452e-10
-8.30742e-10
-3.44052e-12
1.42612e-09
