ordre_2
-6.24214e-19
-1.12464e-18
5.34286e-18
7.32481e-18
-2.39555e-17
-3.64363e-17
8.33797e-17
1.58529e-16
-2.36227e-16
-6.18076e-16
5.0773e-16
2.15692e-15
-5.08169e-16
-6.64469e-15
-2.16378e-15
1.75179e-14
1.67111e-14
-3.66953e-14
-6.92334e-14
4.66516e-14
2.11744e-13
4.57885e-14
-4.86655e-13
-5.15722e-13
7.18743e-13
1.85224e-12
4.18145e-14
-4.17544e-12
-4.17542e-12
5.00671e-12
1.42421e-11
4.42027e-12
-2.5168e-11
-3.72712e-11
8.77237e-12
8.52511e-11
8.46648e-11
-6.28787e-11
-2.41427e-10
-1.88696e-10
2.05406e-10
6.19636e-10
4.64914e-10
-4.67261e-10
-1.47329e-09
-1.28977e-09
6.48851e-10
3.13008e-09
3.61288e-09
3.77544e-10
-5.24382e-09
-8.83267e-09
-5.85891e-09
4.16629e-09
1.57524e-08
1.99573e-08
1.03722e-08
-1.13574e-08
-3.46005e-08
-4.47009e-08
-3.12356e-08
5.26461e-09
5.21053e-08
8.94564e-08
9.88888e-08
7.10748e-08
9.19226e-09
-7.29274e-08
-1.56341e-07
-2.23363e-07
-2.62154e-07
-2.6813e-07
-2.42195e-07
-1.86659e-07
-9.98704e-08
2.99788e-08
2.32481e-07
5.65973e-07
1.13481e-06
2.1166e-06
3.80442e-06
6.6699e-06
1.14591e-05
1.93263e-05
3.20419e-05
5.22342e-05
8.38436e-05
0.000132378
0.000206179
0.000315512
0.000478134
0.000708388
0.00105017
0.00149683
0.00220155
0.00295128
0.00448818
0.00524682
0.00933785
0.00724647
0.0219706
