ordre_2
-1.4013e-45
-2.8026e-45
-2.8026e-45
-1.4013e-45
0
1.4013e-45
1.4013e-45
0
-1.4013e-45
-2.8026e-45
-2.8026e-45
-1.4013e-45
0
1.4013e-45
1.4013e-45
2.8026e-45
1.4013e-45
0
-1.4013e-45
-2.8026e-45
-2.8026e-45
4.2039e-45
1.12104e-44
-5.60519e-45
-3.22299e-44
9.80909e-45
9.52883e-44
-9.80909e-45
-2.92871e-43
-5.46506e-44
8.35174e-43
3.86758e-43
-2.30233e-42
-1.80067e-42
6.0452e-42
7.04012e-42
-1.49126e-41
-2.4859e-41
3.35471e-41
8.13356e-41
-6.474e-41
-2.4964e-40
8.63382e-41
7.20884e-40
4.27606e-41
-1.95384e-39
-9.06143e-40
4.92533e-39
4.51735e-39
-1.13188e-38
-1.70443e-38
2.26535e-38
5.55731e-38
-3.44741e-38
-1.62826e-37
1.3242e-38
4.33037e-37
1.78099e-37
-1.03747e-36
-9.8715e-37
2.17108e-36
3.67311e-36
-3.61982e-36
-1.13275e-35
3.03951e-36
3.04075e-35
9.3544e-36
-7.12595e-35
-6.44808e-35
1.40599e-34
2.4373e-34
-2.0342e-34
-7.26424e-34
5.66879e-35
1.82061e-33
1.00265e-33
-3.80569e-33
-4.87963e-33
6.04328e-33
1.57566e-32
-4.02802e-33
-4.0571e-32
-1.80586e-32
8.47371e-32
1.01663e-31
-1.3123e-31
-3.30256e-31
7.71058e-32
8.12979e-31
4.14343e-31
-1.51939e-30
-2.182e-30
1.70588e-30
6.90515e-30
1.35221e-30
-1.71551e-29
-1.35583e-29
3.47466e-29
3.90698e-29
-5.11537e-29
-4.69774e-29
