ordre_1
4.53711e-11
7.54998e-10
6.00132e-09
3.04668e-08
1.11716e-07
3.18393e-07
7.44634e-07
1.49749e-06
2.70347e-06
4.5516e-06
7.35926e-06
1.16371e-05
1.81533e-05
2.80209e-05
4.28306e-05
6.48378e-05
9.72097e-05
0.000144344
0.000212275
0.000309177
0.000445988
0.000637162
0.000901543
0.00126338
0.00175343
0.00241022
0.00328121
0.00442408
0.00590776
0.00781329
0.0102343
0.0132767
0.0170584
0.0217068
0.0273569
0.0341468
0.0422129
0.0516838
0.0626723
0.075268
0.0895278
0.105468
0.123053
0.142194
0.162736
0.184459
0.207075
0.230235
0.25353
0.276503
0.298666
0.31951
0.338531
0.355244
0.369207
0.380038
0.387434
0.391186
0.391186
0.387434
0.380038
0.369207
0.355244
0.338531
0.31951
0.298666
0.276503
0.25353
0.230235
0.207075
0.184459
0.162736
0.142194
0.123053
0.105468
0.0895278
0.075268
0.0626723
0.0516838
0.0422129
0.0341468
0.0273569
0.0217068
0.0170584
0.0132767
0.0102343
0.00781328
0.00590775
0.00442408
0.00328121
0.00241022
0.00175343
0.00126338
0.000901542
0.000637162
0.000445988
0.000309176
0.000212275
0.000144344
9.72097e-05
6.48377e-05
