ordre_1
1.4013e-45
2.8026e-45
4.2039e-45
5.60519e-45
7.00649e-45
8.40779e-45
9.80909e-45
1.12104e-44
1.26117e-44
1.4013e-44
1.54143e-44
1.68156e-44
1.82169e-44
1.96182e-44
2.66247e-44
1.14906e-43
1.14766e-42
1.22389e-41
1.23694e-40
1.17913e-39
1.06222e-38
9.06474e-38
7.34438e-37
5.66114e-36
4.15924e-35
2.91764e-34
1.95723e-33
1.25741e-32
7.74692e-32
4.5829e-31
2.60626e-30
1.42639e-29
7.52048e-29
3.82345e-28
1.87611e-27
8.89249e-27
4.07473e-26
1.8064e-25
7.75311e-25
3.22392e-24
1.29962e-23
5.08208e-23
1.92891e-22
7.11004e-22
2.54655e-21
8.86701e-21
3.00302e-20
9.89699e-20
3.17547e-19
9.92347e-19
3.02173e-18
8.96939e-18
2.59632e-17
7.33185e-17
2.02065e-16
5.43695e-16
1.42877e-15
3.66837e-15
9.20529e-15
2.25845e-14
5.41933e-14
1.27231e-13
2.92353e-13
6.57717e-13
1.44925e-12
3.12882e-12
6.62072e-12
1.37367e-11
2.79561e-11
5.58289e-11
1.09448e-10
2.10716e-10
3.98585e-10
7.41088e-10
1.35501e-09
2.4375e-09
4.31609e-09
7.52658e-09
1.29327e-08
2.19077e-08
3.6606e-08
6.03656e-08
9.82981e-08
1.58144e-07
2.51504e-07
3.95591e-07
6.15705e-07
9.48707e-07
1.44784e-06
2.18934e-06
3.28157e-06
4.87721e-06
7.18976e-06
1.05154e-05
1.52618e-05
2.19855e-05
3.14405e-05
4.46396e-05
6.29326e-05
8.81032e-05
0.000122489
