ordre_1
2.5186e-27
1.77915e-25
6.20044e-24
1.42126e-22
2.41032e-21
3.22554e-20
3.54767e-19
3.29833e-18
2.6459e-17
1.86034e-16
1.16072e-15
6.49124e-15
3.28094e-14
1.50931e-13
6.35729e-13
2.46463e-12
8.83531e-12
2.94093e-11
9.12389e-11
2.64744e-10
7.20866e-10
1.84771e-09
4.47198e-09
1.02514e-08
2.23264e-08
4.63425e-08
9.19776e-08
1.75144e-07
3.21107e-07
5.68869e-07
9.77418e-07
1.63468e-06
2.67052e-06
4.27542e-06
6.72726e-06
1.04289e-05
1.59601e-05
2.41476e-05
3.61593e-05
5.36277e-05
7.88098e-05
0.000114792
0.000165751
0.000237271
0.000336743
0.000473835
0.000661051
0.000914376
0.001254
0.00170512
0.00229877
0.00307271
0.00407225
0.00535098
0.0069714
0.00900522
0.0115334
0.0146457
0.0184396
0.0230189
0.0284909
0.0349639
0.0425428
0.0513244
0.0613923
0.0728111
0.0856198
0.0998262
0.115401
0.132272
0.150322
0.169383
0.189241
0.209631
0.230245
0.250739
0.270739
0.289851
0.307677
0.323827
0.337931
0.349655
0.358714
0.364883
0.368008
0.368008
0.364883
0.358714
0.349655
0.337931
0.323827
0.307677
0.289851
0.270739
0.250739
0.230245
0.209631
0.189241
0.169383
0.150322
0.132272
