ordre_2
-1.4013e-45
-2.8026e-45
-2.8026e-45
-1.4013e-45
0
1.4013e-45
1.4013e-45
0
-1.4013e-45
-2.8026e-45
-2.8026e-45
-1.4013e-45
0
1.4013e-45
1.4013e-45
2.8026e-45
1.4013e-45
0
-1.4013e-45
-2.8026e-45
-4.2039e-45
-5.60519e-45
-5.60519e-45
-4.2039e-45
-2.8026e-45
-1.4013e-45
-1.4013e-45
-0
-0
-1.4013e-45
-2.8026e-45
-4.2039e-45
-5.60519e-45
-7.00649e-45
-7.00649e-45
-5.60519e-45
-4.2039e-45
-2.8026e-45
-1.4013e-45
-1.4013e-45
-2.8026e-45
-4.2039e-45
-5.60519e-45
-7.00649e-45
-7.00649e-45
-8.40779e-45
-9.80909e-45
-1.12104e-44
-1.12104e-44
-7.00649e-45
7.00649e-45
8.40779e-45
-1.54143e-44
-2.38221e-44
2.94273e-44
5.74532e-44
-7.84727e-44
-2.17201e-43
7.9874e-44
5.81539e-43
3.92364e-44
-1.52321e-42
-8.09951e-43
3.61395e-42
3.82554e-42
-7.58663e-42
-1.36557e-41
1.28905e-41
4.17475e-41
-1.19811e-41
-1.13344e-40
-2.84394e-41
2.7402e-40
2.18834e-40
-5.75639e-40
-8.69186e-40
9.65999e-40
2.73115e-39
-8.62955e-40
-7.34412e-39
-2.1143e-39
1.7096e-38
1.5264e-38
-3.33019e-38
-5.69853e-38
4.69419e-38
1.65165e-37
-8.04655e-39
-3.96747e-37
-2.57221e-37
7.77899e-37
1.23644e-36
-1.10836e-36
-4.08061e-36
5.01867e-37
1.09692e-35
3.09862e-36
-2.42347e-35
-1.13526e-35
3.82225e-35
1.44825e-35
