ordre_1
1.4013e-45
2.8026e-45
4.2039e-45
5.60519e-45
7.00649e-45
8.40779e-45
9.80909e-45
1.12104e-44
1.26117e-44
1.4013e-44
1.54143e-44
1.68156e-44
1.82169e-44
1.96182e-44
2.10195e-44
2.24208e-44
2.38221e-44
2.52234e-44
2.66247e-44
2.8026e-44
2.94273e-44
3.08286e-44
3.22299e-44
3.36312e-44
3.50325e-44
3.64338e-44
3.78351e-44
3.92364e-44
6.5861e-44
2.69049e-43
1.77825e-42
1.24323e-41
8.50546e-41
5.62846e-40
3.60003e-39
2.22702e-38
1.33346e-37
7.73394e-37
4.34806e-36
2.37115e-35
1.25509e-34
6.45212e-34
3.22328e-33
1.56568e-32
7.39852e-32
3.40285e-31
1.52408e-30
6.65023e-30
2.82829e-29
1.17288e-28
4.74459e-28
1.87297e-27
7.21797e-27
2.71647e-26
9.98741e-26
3.58843e-25
1.26038e-24
4.32888e-24
1.45433e-23
4.7807e-23
1.53809e-22
4.84458e-22
1.49427e-21
4.51458e-21
1.33637e-20
3.87678e-20
1.10244e-19
3.0738e-19
8.40507e-19
2.25449e-18
5.93331e-18
1.53243e-17
3.88507e-17
9.67038e-17
2.36379e-16
5.67529e-16
1.33867e-15
3.10285e-15
7.06873e-15
1.5831e-14
3.48622e-14
7.55056e-14
1.6087e-13
3.37242e-13
6.95789e-13
1.41314e-12
2.82596e-12
5.56581e-12
1.07989e-11
2.06459e-11
3.89049e-11
7.22784e-11
1.32425e-10
2.39339e-10
4.26843e-10
7.51392e-10
1.30601e-09
2.24204e-09
3.8028e-09
6.37485e-09
1.05655e-08
