ordre_2
-1.4013e-45
-2.8026e-45
-4.2039e-45
-7.00649e-45
-1.4013e-45
1.54143e-44
-1.4013e-45
-6.44597e-44
-1.12104e-44
2.20004e-43
5.74532e-44
-7.56701e-43
-2.92871e-43
2.4873e-42
1.33684e-42
-7.89211e-42
-5.65984e-42
2.40967e-41
2.24432e-41
-7.0746e-41
-8.43596e-41
1.98672e-40
3.02664e-40
-5.28439e-40
-1.04041e-39
1.30747e-39
3.43342e-39
-2.89824e-39
-1.08807e-38
5.21097e-39
3.30714e-38
-4.57902e-39
-9.61132e-38
-1.90173e-38
2.65607e-37
1.47044e-37
-6.91314e-37
-6.66072e-37
1.6659e-36
2.48698e-36
-3.59079e-36
-8.26514e-36
6.34453e-36
2.51033e-35
-6.23929e-36
-7.02158e-35
-1.50073e-35
1.80116e-34
1.24305e-34
-4.16204e-34
-5.29449e-34
8.27368e-34
1.79765e-33
-1.22599e-33
-5.28761e-33
3.5268e-34
1.37496e-32
6.62804e-33
-3.12872e-32
-3.44582e-32
5.91897e-32
1.21025e-31
-7.67261e-32
-3.47651e-31
-2.05108e-32
8.47261e-31
5.79042e-31
-1.7132e-30
-2.51259e-30
2.54154e-30
7.76373e-30
-9.75495e-31
-1.93416e-29
-1.08481e-29
3.87114e-29
5.28366e-29
-5.44648e-29
-1.63641e-28
1.0032e-29
3.90545e-28
2.64675e-28
-7.09343e-28
-1.14899e-27
7.5701e-28
3.23484e-27
7.85353e-28
-6.81337e-27
-7.12792e-27
9.83761e-27
2.35744e-26
-2.69525e-27
-5.31839e-26
-4.15448e-26
8.00224e-26
1.78538e-25
-3.56552e-26
-4.8681e-25
-2.08717e-25
9.65121e-25
6.12764e-25
-9.95658e-25
