ordre_2
-3.93624e-37
-2.13599e-36
3.42058e-36
1.28298e-35
-1.58983e-35
-5.77354e-35
5.9357e-35
2.30131e-34
-1.92123e-34
-8.54168e-34
5.43864e-34
3.0116e-33
-1.2901e-33
-1.01709e-32
2.11406e-33
3.29908e-32
9.06414e-34
-1.02697e-31
-2.90549e-32
3.05695e-31
1.73829e-31
-8.64195e-31
-7.80963e-31
2.29304e-30
3.04004e-30
-5.59009e-30
-1.07279e-29
1.19736e-29
3.49334e-29
-1.98797e-29
-1.05566e-28
1.09145e-29
2.9536e-28
1.00939e-28
-7.56817e-28
-6.2594e-28
1.73145e-27
2.51926e-27
-3.32428e-27
-8.34883e-27
4.31604e-27
2.40638e-26
2.0472e-27
-6.07971e-26
-4.00527e-26
1.31334e-25
1.79579e-25
-2.21508e-25
-5.86375e-25
1.8207e-25
1.56803e-24
5.74392e-25
-3.45791e-24
-3.73082e-24
5.81716e-24
1.30394e-23
-4.71223e-24
-3.44631e-23
-1.39667e-23
7.09317e-23
8.604e-23
-9.99663e-23
-2.76958e-22
1.38975e-23
6.47246e-22
4.88985e-22
-1.07285e-21
-1.99168e-21
7.48571e-22
5.0918e-21
2.69649e-21
-8.94169e-21
-1.37906e-20
7.36209e-21
3.66972e-20
1.73552e-20
-6.33017e-20
-9.60669e-20
4.51258e-20
2.47088e-19
1.41436e-19
-3.83069e-19
-6.71249e-19
1.34834e-19
1.52655e-18
1.25911e-18
-1.84866e-18
-4.46646e-18
-8.99411e-19
8.11074e-18
1.04326e-17
-5.34296e-18
-2.62745e-17
-1.72487e-17
3.02735e-17
6.92034e-17
2.69182e-17
-1.31314e-16
-1.90323e-16
1.46333e-16
2.68908e-16
