ordre_1
1.4013e-45
2.8026e-45
4.2039e-45
5.60519e-45
7.00649e-45
8.40779e-45
9.80909e-45
1.12104e-44
1.26117e-44
1.4013e-44
1.54143e-44
1.68156e-44
1.82169e-44
1.96182e-44
2.10195e-44
2.24208e-44
2.38221e-44
2.52234e-44
2.66247e-44
2.8026e-44
2.94273e-44
3.08286e-44
3.22299e-44
3.36312e-44
3.50325e-44
5.04467e-44
1.86373e-43
1.26397e-42
9.44896e-42
6.90139e-41
4.86109e-40
3.29932e-39
2.1595e-38
1.36434e-37
8.32769e-37
4.91504e-36
2.80722e-35
1.55276e-34
8.32378e-34
4.32733e-33
2.18314e-32
1.06947e-31
5.09025e-31
2.35521e-30
1.05991e-29
4.64172e-29
1.97909e-28
8.21926e-28
3.32637e-27
1.31239e-26
5.04993e-26
1.89587e-25
6.94703e-25
2.48548e-24
8.68553e-24
2.96554e-23
9.89629e-23
3.2288e-22
1.03025e-21
3.21594e-21
9.82336e-21
2.93712e-20
8.59827e-20
2.46516e-19
6.9237e-19
1.90546e-18
5.13974e-18
1.35915e-17
3.5244e-17
8.96396e-17
2.23673e-16
5.47682e-16
1.31628e-15
3.10578e-15
7.19618e-15
1.63773e-14
3.66178e-14
8.04556e-14
1.73756e-13
3.68931e-13
7.7034e-13
1.5822e-12
3.19735e-12
6.35897e-12
1.24499e-11
2.40022e-11
4.55787e-11
8.52765e-11
1.57247e-10
2.85864e-10
5.12503e-10
9.06438e-10
1.58209e-09
2.72602e-09
4.63856e-09
7.79744e-09
1.29537e-08
2.12752e-08
3.45581e-08
5.55373e-08
8.8336e-08
