ordre_2
-1.4013e-45
-2.8026e-45
-2.8026e-45
-1.4013e-45
0
1.4013e-45
1.4013e-45
0
-1.4013e-45
-2.8026e-45
-2.8026e-45
-1.4013e-45
0
1.4013e-45
1.4013e-45
2.8026e-45
1.4013e-45
0
-1.4013e-45
1.4013e-45
8.40779e-45
7.00649e-45
-1.68156e-44
-2.52234e-44
4.06377e-44
7.70714e-44
-1.06499e-43
-2.57839e-43
2.42425e-43
8.14154e-43
-4.90454e-43
-2.50552e-42
6.83834e-43
7.41287e-42
3.16693e-43
-2.10601e-41
-7.75338e-42
5.69306e-41
4.12234e-41
-1.45109e-40
-1.66903e-40
3.41946e-40
5.89497e-40
-7.16446e-40
-1.89648e-39
1.20137e-39
5.64774e-39
-9.13857e-40
-1.56288e-38
-4.27337e-39
3.99769e-38
2.92517e-38
-9.29339e-38
-1.2041e-37
1.88448e-37
4.06463e-37
-2.95685e-37
-1.20599e-36
1.63172e-37
3.20496e-36
1.23696e-36
-7.5867e-36
-7.20882e-36
1.54601e-35
2.6799e-35
-2.42676e-35
-8.13117e-35
1.46017e-35
2.12227e-34
8.79636e-35
-4.75936e-34
-5.04409e-34
8.69285e-34
1.77807e-33
-1.02535e-33
-4.99481e-33
-6.875e-34
1.16784e-32
9.29343e-33
-2.19882e-32
-3.70831e-32
2.75226e-32
1.07697e-31
8.78174e-33
-2.50768e-31
-1.95206e-31
4.551e-31
7.71457e-31
-5.00597e-31
-2.11183e-30
-4.85649e-31
4.40923e-30
4.95102e-30
-6.49979e-30
-1.82692e-29
3.53144e-30
4.88474e-29
1.35653e-29
-9.80649e-29
-4.20254e-29
1.02558e-28
