ordre_1
3.93531e-29
3.01604e-27
1.14152e-25
2.8445e-24
5.2495e-23
7.65248e-22
9.17798e-21
9.31428e-20
8.16447e-19
6.27902e-18
4.28952e-17
2.6292e-16
1.4579e-15
7.36441e-15
3.40911e-14
1.4537e-13
5.73591e-13
2.10269e-12
7.18736e-12
2.29837e-11
6.89696e-11
1.94773e-10
5.19062e-10
1.30882e-09
3.13064e-09
7.12214e-09
1.54507e-08
3.20488e-08
6.374e-08
1.219e-07
2.24846e-07
4.01246e-07
6.94949e-07
1.17191e-06
1.93011e-06
3.11387e-06
4.93428e-06
7.69806e-06
1.18478e-05
1.80167e-05
2.71034e-05
4.03696e-05
5.95694e-05
8.71152e-05
0.00012629
0.000181511
0.000258663
0.000365491
0.000512082
0.000711422
0.000980039
0.00133872
0.00181328
0.0024354
0.00324346
0.00428331
0.00560897
0.00728318
0.00937763
0.0119729
0.0151581
0.0190293
0.0236886
0.029241
0.0357918
0.0434423
0.0522855
0.0624007
0.0738477
0.0866611
0.100844
0.116365
0.133147
0.151071
0.169971
0.189632
0.209792
0.230149
0.250365
0.270072
0.288888
0.306424
0.322299
0.336155
0.347667
0.35656
0.362614
0.365679
0.365679
0.362614
0.35656
0.347667
0.336155
0.322299
0.306424
0.288888
0.270072
0.250365
0.230149
0.209792
0.189632
