ordre_2
-2.75078e-20
-1.76563e-18
3.63687e-20
1.02031e-17
1.77702e-18
-4.26811e-17
-1.81951e-17
1.50723e-16
1.13989e-16
-4.61805e-16
-5.55251e-16
1.2012e-15
2.25853e-15
-2.4178e-15
-7.84687e-15
2.35328e-15
2.31815e-14
8.37274e-15
-5.61829e-14
-6.12227e-14
9.95715e-14
2.3032e-13
-6.46586e-14
-6.14872e-13
-3.68261e-13
1.12693e-12
1.88021e-12
-8.12126e-13
-5.01626e-12
-3.19028e-12
7.68304e-12
1.49239e-11
-1.82889e-13
-3.13191e-11
-3.5054e-11
2.27975e-11
9.68915e-11
7.24572e-11
-9.80423e-11
-2.61928e-10
-1.52725e-10
2.84987e-10
6.5995e-10
3.85711e-10
-6.36092e-10
-1.57177e-09
-1.15896e-09
9.79312e-10
3.39273e-09
3.49459e-09
-1.73028e-10
-5.87323e-09
-8.9872e-09
-5.22652e-09
5.32364e-09
1.66794e-08
1.9892e-08
9.10619e-09
-1.32556e-08
-3.60745e-08
-4.48246e-08
-2.97603e-08
7.76525e-09
5.45511e-08
9.08178e-08
9.8658e-08
6.94257e-08
6.80463e-09
-7.52293e-08
-1.57934e-07
-2.24022e-07
-2.62063e-07
-2.67779e-07
-2.42243e-07
-1.87857e-07
-1.0312e-07
2.34059e-08
2.20581e-07
5.45577e-07
1.10097e-06
2.06193e-06
3.71755e-06
6.53522e-06
1.12512e-05
1.90183e-05
3.15738e-05
5.15901e-05
8.28308e-05
0.000131212
0.000203906
0.000314181
0.000471857
0.000711715
0.0010253
0.00153839
0.00207272
0.00323565
0.00376145
0.00694418
0.00526767
0.0167179
