ordre_2
-8.61441e-23
1.87666e-22
7.76901e-22
-1.00682e-21
-3.88332e-21
3.66978e-21
1.61347e-20
-1.01597e-20
-6.02642e-20
1.84187e-20
2.06735e-19
7.90503e-21
-6.52114e-19
-2.71474e-19
1.86963e-18
1.61071e-18
-4.73876e-18
-6.90155e-18
9.94546e-18
2.44863e-17
-1.38291e-17
-7.42774e-17
-7.51512e-18
1.91117e-16
1.42859e-16
-3.95419e-16
-6.35598e-16
5.36989e-16
1.96838e-15
1.7972e-16
-4.61663e-15
-4.13398e-15
7.49285e-15
1.59869e-14
-3.42766e-15
-3.95259e-14
-2.82164e-14
6.19491e-14
1.21202e-13
-1.74375e-14
-2.78992e-13
-2.45264e-13
3.36125e-13
8.6644e-13
2.34379e-13
-1.51624e-12
-2.16015e-12
5.91933e-13
4.96003e-12
4.6418e-12
-4.10024e-12
-1.38576e-11
-9.21113e-12
1.4562e-11
3.55197e-11
1.87537e-11
-4.02516e-11
-8.6833e-11
-4.43285e-11
9.30439e-11
2.04992e-10
1.24304e-10
-1.75156e-10
-4.59643e-10
-3.70052e-10
2.20376e-10
9.31262e-10
1.03422e-09
6.99869e-11
-1.53323e-09
-2.47818e-09
-1.48911e-09
1.45691e-09
4.58691e-09
5.20013e-09
1.6397e-09
-4.96002e-09
-1.0626e-08
-1.06715e-08
-2.91705e-09
1.00717e-08
2.14565e-08
2.34693e-08
1.19364e-08
-1.05613e-08
-3.4906e-08
-4.90844e-08
-4.37815e-08
-1.68188e-08
2.49119e-08
6.82028e-08
9.72865e-08
1.01004e-07
7.36932e-08
2.07813e-08
-4.99259e-08
-1.22096e-07
-1.85662e-07
-2.35257e-07
-2.35499e-07
-3.22083e-07
