ordre_1
1.4013e-45
2.8026e-45
4.2039e-45
5.60519e-45
7.00649e-45
8.40779e-45
9.80909e-45
1.12104e-44
1.26117e-44
1.4013e-44
1.54143e-44
1.68156e-44
1.82169e-44
1.96182e-44
2.10195e-44
2.24208e-44
2.38221e-44
2.52234e-44
2.66247e-44
2.8026e-44
2.94273e-44
3.08286e-44
3.22299e-44
3.36312e-44
3.50325e-44
3.64338e-44
3.78351e-44
3.92364e-44
4.06377e-44
4.2039e-44
4.34403e-44
4.48416e-44
4.62428e-44
4.76441e-44
4.90454e-44
5.04467e-44
5.1848e-44
5.32493e-44
5.46506e-44
5.60519e-44
5.74532e-44
5.88545e-44
6.02558e-44
7.00649e-44
1.33123e-43
5.10073e-43
2.61903e-42
1.41391e-41
7.54165e-41
3.93434e-40
2.00472e-39
9.97775e-39
4.85221e-38
2.30637e-37
1.07188e-36
4.87236e-36
2.16694e-35
9.43198e-35
4.01918e-34
1.67717e-33
6.8555e-33
2.74564e-32
1.07772e-31
4.14695e-31
1.56467e-30
5.79018e-30
2.10201e-29
7.48766e-29
2.61772e-28
8.98369e-28
3.02713e-27
1.0017e-26
3.25583e-26
1.03964e-25
3.26197e-25
1.00585e-24
3.04874e-24
9.08476e-24
2.66187e-23
7.67031e-23
2.17401e-22
6.06178e-22
1.66303e-21
4.48976e-21
1.193e-20
3.12042e-20
8.03538e-20
2.03744e-19
5.08754e-19
1.25124e-18
3.03142e-18
7.23572e-18
1.70181e-17
3.94455e-17
9.01153e-17
2.02945e-16
4.50604e-16
9.8654e-16
2.13009e-15
4.53636e-15
9.53033e-15
