ordre_2
-1.4013e-45
-2.8026e-45
-2.8026e-45
-1.4013e-45
0
1.4013e-45
1.4013e-45
0
-1.4013e-45
-2.8026e-45
-2.8026e-45
-1.4013e-45
0
1.4013e-45
1.4013e-45
2.8026e-45
1.4013e-45
0
-1.4013e-45
-2.8026e-45
-4.2039e-45
-5.60519e-45
-5.60519e-45
-4.2039e-45
-2.8026e-45
-1.4013e-45
-1.4013e-45
-0
-0
-1.4013e-45
-2.8026e-45
-4.2039e-45
-5.60519e-45
-7.00649e-45
-7.00649e-45
-5.60519e-45
-9.80909e-45
-1.4013e-44
-8.40779e-45
9.80909e-45
8.40779e-45
-3.08286e-44
-3.50325e-44
7.00649e-44
1.16308e-43
-1.56945e-43
-3.90962e-43
2.69049e-43
1.16168e-42
-2.88667e-43
-3.28044e-42
-5.67526e-43
8.59977e-42
5.15818e-42
-2.08065e-41
-2.2844e-41
4.51975e-41
8.09544e-41
-8.22394e-41
-2.51421e-40
9.67933e-41
7.03843e-40
9.07607e-41
-1.78319e-39
-1.12938e-39
4.02649e-39
4.98149e-39
-7.71795e-39
-1.68194e-38
1.06331e-38
4.84875e-38
-2.31524e-40
-1.22435e-37
-6.84386e-38
2.67632e-37
3.25545e-37
-4.75185e-37
-1.08976e-36
5.19972e-37
3.00876e-36
5.71953e-37
-7.054e-36
-5.80839e-36
1.36347e-35
2.26558e-35
-1.86738e-35
-6.58184e-35
1.49969e-36
1.54576e-34
1.05499e-34
-2.85043e-34
-4.8016e-34
3.32711e-34
1.51407e-33
1.65594e-34
-3.89577e-33
-2.22255e-33
8.28185e-33
6.56647e-33
-1.27128e-32
-7.95107e-33
