ordre_2
1.55395e-39
2.81845e-39
-1.37601e-38
-1.73973e-38
6.65437e-38
8.17047e-38
-2.65261e-37
-3.44042e-37
9.50181e-37
1.36128e-36
-3.15222e-36
-5.15087e-36
9.78787e-36
1.87701e-35
-2.84359e-35
-6.60419e-35
7.64659e-35
2.2443e-34
-1.85047e-34
-7.35867e-34
3.7415e-34
2.32284e-33
-4.67048e-34
-7.0341e-33
-7.65065e-34
2.03251e-32
8.87537e-33
-5.557e-32
-4.48679e-32
1.41766e-31
1.79603e-31
-3.28872e-31
-6.30965e-31
6.55064e-31
2.01215e-30
-9.31338e-31
-5.88891e-30
-1.33724e-31
1.57919e-29
7.82407e-30
-3.82588e-29
-3.96349e-29
8.07256e-29
1.45475e-28
-1.33699e-28
-4.4889e-28
9.86939e-29
1.20649e-27
4.34878e-28
-2.81079e-27
-2.75723e-27
5.4077e-27
1.01983e-26
-7.11768e-27
-2.97429e-26
-1.55879e-27
7.18913e-26
5.1419e-26
-1.39927e-25
-2.19722e-25
1.84161e-25
6.55049e-25
2.84504e-26
-1.53146e-24
-1.18912e-24
2.71092e-24
4.81701e-24
-2.62972e-24
-1.31742e-23
-4.2444e-24
2.68312e-23
3.1178e-23
-3.56308e-23
-9.96807e-23
-2.60497e-24
2.20938e-22
1.93387e-22
-3.23883e-22
-7.07978e-22
9.0246e-23
1.62846e-21
1.26293e-21
-2.386e-21
-4.90323e-21
5.92787e-22
1.10123e-20
9.14219e-21
-1.45814e-20
-3.34551e-20
-1.65012e-21
6.87186e-20
6.93755e-20
-7.17153e-20
-2.08161e-19
-8.27178e-20
3.41435e-19
6.0447e-19
-2.15902e-19
-1.56198e-18
-2.99325e-19
1.77159e-18
