ordre_1
1.4013e-45
2.8026e-45
4.2039e-45
5.60519e-45
7.00649e-45
8.40779e-45
9.80909e-45
1.12104e-44
1.26117e-44
1.4013e-44
1.54143e-44
1.68156e-44
1.82169e-44
1.96182e-44
2.10195e-44
2.24208e-44
2.38221e-44
2.52234e-44
2.66247e-44
2.8026e-44
2.94273e-44
3.08286e-44
3.22299e-44
3.36312e-44
3.50325e-44
3.64338e-44
3.78351e-44
3.92364e-44
4.06377e-44
4.2039e-44
4.34403e-44
4.48416e-44
4.62428e-44
4.76441e-44
4.90454e-44
5.04467e-44
5.1848e-44
5.32493e-44
5.46506e-44
5.60519e-44
5.74532e-44
5.88545e-44
6.30584e-44
9.24857e-44
2.84464e-43
1.37608e-42
7.4451e-42
4.02929e-41
2.13629e-40
1.10618e-39
5.5929e-39
2.7619e-38
1.33258e-37
6.28412e-37
2.89744e-36
1.30661e-35
5.76478e-35
2.48917e-34
1.05219e-33
4.35536e-33
1.76591e-32
7.01522e-32
2.73123e-31
1.04238e-30
3.90081e-30
1.43167e-29
5.1546e-29
1.82098e-28
6.31345e-28
2.14869e-27
7.1798e-27
2.35598e-26
7.59337e-26
2.40428e-25
7.47998e-25
2.28698e-24
6.87299e-24
2.03061e-23
5.89897e-23
1.68527e-22
4.73559e-22
1.30907e-21
3.56041e-21
9.52917e-21
2.51012e-20
6.50852e-20
1.66144e-19
4.17602e-19
1.03367e-18
2.52003e-18
6.05194e-18
1.4319e-17
3.33827e-17
7.66976e-17
1.73683e-16
3.87714e-16
8.53306e-16
1.85183e-15
3.96338e-15
8.36684e-15
1.74243e-14
