ordre_1
1.7896e-41
2.10526e-39
1.22818e-37
4.73728e-36
1.35906e-34
3.09311e-33
5.81707e-32
9.29774e-31
1.28927e-29
1.57553e-28
1.71788e-27
1.68805e-26
1.50726e-25
1.23143e-24
9.25986e-24
6.44133e-23
4.16331e-22
2.51003e-21
1.4164e-20
7.50387e-20
3.74261e-19
1.76169e-18
7.84381e-18
3.31028e-17
1.32667e-16
5.05799e-16
1.83745e-15
6.36984e-15
2.11025e-14
6.6898e-14
2.03195e-13
5.92053e-13
1.65676e-12
4.45758e-12
1.15439e-11
2.88067e-11
6.93394e-11
1.61167e-10
3.62119e-10
7.87365e-10
1.65858e-09
3.38867e-09
6.72315e-09
1.29688e-08
2.4354e-08
4.45822e-08
7.96661e-08
1.39163e-07
2.37983e-07
3.99006e-07
6.56841e-07
1.0632e-06
1.69449e-06
2.6626e-06
4.12979e-06
6.32951e-06
9.59477e-06
1.43966e-05
2.13955e-05
3.15096e-05
4.60031e-05
6.66011e-05
9.56344e-05
0.000136222
0.000192498
0.000269884
0.00037542
0.000518153
0.000709589
0.000964203
0.00130001
0.00173916
0.00230862
0.00304079
0.00397411
0.00515365
0.00663152
0.00846709
0.010727
0.0134849
0.0168207
0.0208192
0.0255689
0.0311592
0.037678
0.0452083
0.0538242
0.0635867
0.0745392
0.0867029
0.100072
0.11461
0.130246
0.146872
0.164341
0.182467
0.201028
0.219767
0.238397
0.25661
0.274081
