ordre_2
-5.18818e-18
6.42069e-19
4.54826e-17
4.04767e-18
-2.1413e-16
-7.09062e-17
8.05934e-16
5.24068e-16
-2.58389e-15
-2.7877e-15
6.98609e-15
1.19789e-14
-1.46781e-14
-4.30988e-14
1.61318e-14
1.29771e-13
4.24473e-14
-3.14951e-13
-3.41419e-13
5.40904e-13
1.28675e-12
-2.53565e-13
-3.31765e-12
-2.3835e-12
5.48357e-12
1.07159e-11
-1.63965e-12
-2.52885e-11
-2.3142e-11
2.87189e-11
8.04989e-11
3.30696e-11
-1.24182e-10
-2.15374e-10
-2.2115e-11
3.87338e-10
5.41362e-10
-9.7319e-12
-1.00722e-09
-1.36487e-09
-1.19576e-10
2.21768e-09
3.42975e-09
1.31879e-09
-3.73348e-09
-7.88882e-09
-6.26837e-09
2.6091e-09
1.40169e-08
1.89256e-08
1.02052e-08
-1.10358e-08
-3.39283e-08
-4.3059e-08
-2.76506e-08
1.09529e-08
5.8211e-08
9.24766e-08
9.48232e-08
5.73871e-08
-1.36676e-08
-1.01249e-07
-1.84198e-07
-2.44333e-07
-2.70763e-07
-2.60253e-07
-2.14077e-07
-1.32556e-07
-8.30481e-09
1.81617e-07
4.8566e-07
9.92209e-07
1.85216e-06
3.31438e-06
5.78e-06
9.88272e-06
1.66056e-05
2.74479e-05
4.46593e-05
7.15598e-05
0.000112967
0.000175752
0.000269549
0.000407636
0.000608023
0.000894678
0.00129909
0.0018615
0.00263358
0.00367718
0.00507397
0.00690366
0.00930878
0.012317
0.0163265
0.020785
0.0277233
0.0323596
0.0477602
0.0407187
0.0965999
