ordre_1
1.4013e-45
2.8026e-45
4.2039e-45
5.60519e-45
7.00649e-45
8.40779e-45
9.80909e-45
1.12104e-44
1.26117e-44
1.4013e-44
1.54143e-44
1.68156e-44
1.82169e-44
1.96182e-44
2.10195e-44
2.24208e-44
2.38221e-44
2.52234e-44
2.66247e-44
2.8026e-44
2.94273e-44
3.08286e-44
3.22299e-44
3.36312e-44
3.50325e-44
3.64338e-44
3.78351e-44
3.92364e-44
4.06377e-44
4.2039e-44
4.34403e-44
4.48416e-44
4.62428e-44
4.76441e-44
4.90454e-44
5.04467e-44
5.1848e-44
5.32493e-44
5.46506e-44
5.60519e-44
5.74532e-44
5.88545e-44
6.02558e-44
6.16571e-44
6.30584e-44
6.44597e-44
6.5861e-44
6.72623e-44
6.86636e-44
7.00649e-44
7.14662e-44
7.28675e-44
7.42688e-44
7.56701e-44
7.70714e-44
7.84727e-44
7.9874e-44
8.12753e-44
8.26766e-44
8.40779e-44
8.54792e-44
8.68805e-44
8.82818e-44
8.96831e-44
1.05097e-43
1.90577e-43
5.92749e-43
2.41023e-42
1.04719e-41
4.55954e-41
1.9592e-40
8.28106e-40
3.44132e-39
1.40606e-38
5.64916e-38
2.23223e-37
8.67648e-37
3.31794e-36
1.24849e-35
4.62341e-35
1.68526e-34
6.04732e-34
2.13657e-33
7.43343e-33
2.54707e-32
8.59672e-32
2.85839e-31
9.36406e-31
3.02285e-30
9.61685e-30
3.01555e-29
9.32116e-29
2.84049e-28
8.53472e-28
2.52874e-27
7.38904e-27
2.12955e-26
6.05411e-26
1.69794e-25
4.69838e-25
1.28284e-24
