ordre_2
-1.21355e-11
-6.06042e-11
7.69787e-11
3.60845e-10
-1.00745e-10
-1.39725e-09
-8.5109e-10
3.38617e-09
5.9273e-09
-1.96431e-09
-1.68852e-08
-1.81259e-08
1.07358e-08
5.37837e-08
6.57428e-08
1.1065e-08
-9.86857e-08
-2.06127e-07
-2.43893e-07
-1.69197e-07
3.11082e-08
3.63981e-07
8.63111e-07
1.61651e-06
2.78829e-06
4.64429e-06
7.59259e-06
1.22478e-05
1.95259e-05
3.07787e-05
4.79768e-05
7.39574e-05
0.000112751
0.000170009
0.000253542
0.000374002
0.000545708
0.000787636
0.00112457
0.00158838
0.00221948
0.00306822
0.0041964
0.00567853
0.00760285
0.0100719
0.0132025
0.0171246
0.0219795
0.0279165
0.0350882
0.0436443
0.0537246
0.0654499
0.0789124
0.0941656
0.111214
0.130005
0.150417
0.172261
0.19527
0.219105
0.243359
0.267563
0.291206
0.313745
0.33463
0.353322
0.369321
0.382183
0.391544
0.397135
0.398798
0.396489
0.390283
0.380369
0.367041
0.350683
0.331751
0.310751
0.288218
0.264696
0.24071
0.216754
0.193274
0.170655
0.149214
0.129196
0.110775
0.0940583
0.0790892
0.0658578
0.0543092
0.0443525
0.0358719
0.0287311
0.0227977
0.0178834
0.0140257
0.010354
0.0097393
