ordre_2
3.60701e-11
1.77757e-10
-2.1605e-10
-1.05373e-09
1.41969e-10
3.876e-09
3.28459e-09
-7.64381e-09
-1.78727e-08
-4.45301e-09
3.4996e-08
6.29085e-08
3.05837e-08
-6.94964e-08
-1.84948e-07
-2.36991e-07
-1.68357e-07
4.01952e-08
3.93355e-07
9.21087e-07
1.71165e-06
2.9344e-06
4.86403e-06
7.92005e-06
1.27312e-05
2.02314e-05
3.17954e-05
4.9423e-05
7.59872e-05
0.000115562
0.000173846
0.000258709
0.00038086
0.00055468
0.0007992
0.00113925
0.00160673
0.00224203
0.00309548
0.00422877
0.00571624
0.00764592
0.01012
0.013255
0.0171803
0.0220368
0.0279731
0.0351413
0.0436909
0.053761
0.0654723
0.078917
0.0941488
0.111173
0.129937
0.150322
0.172138
0.19512
0.218933
0.243168
0.267361
0.290999
0.313542
0.334439
0.353152
0.36918
0.382077
0.391478
0.397113
0.39882
0.396555
0.390389
0.38051
0.36721
0.350872
0.331951
0.310955
0.288418
0.264883
0.24088
0.216902
0.193397
0.170751
0.149283
0.129239
0.110794
0.0940567
0.0790702
0.065825
0.0542662
0.0443028
0.035818
0.0286777
0.0227385
0.0178552
0.0138846
0.0106953
0.00814792
0.00619544
0.00446327
0.00402174
