ordre_2
-1.4013e-45
-2.8026e-45
-2.8026e-45
-1.4013e-45
0
1.4013e-45
1.4013e-45
0
-1.4013e-45
-2.8026e-45
-2.8026e-45
-1.4013e-45
0
1.4013e-45
1.4013e-45
-1.4013e-45
-1.4013e-44
-9.80909e-45
2.24208e-44
2.24208e-44
-7.56701e-44
-9.10844e-44
2.05991e-43
3.1249e-43
-5.54914e-43
-1.079e-42
1.37467e-42
3.53828e-42
-3.11929e-42
-1.1237e-41
5.92329e-42
3.43164e-41
-6.83974e-42
-1.00678e-40
-1.2309e-41
2.82349e-40
1.2899e-40
-7.51425e-40
-6.25097e-40
1.87366e-39
2.42574e-39
-4.27395e-39
-8.32577e-39
8.45937e-39
2.61379e-38
-1.23239e-38
-7.59661e-38
9.24324e-40
2.04566e-37
8.79535e-38
-5.058e-37
-4.65423e-37
1.12081e-36
1.75832e-36
-2.093e-36
-5.62455e-36
2.64578e-36
1.59353e-35
1.36509e-36
-4.03233e-35
-2.4905e-35
8.96527e-35
1.12428e-34
-1.65129e-34
-3.77062e-34
2.00914e-34
1.06232e-33
1.19936e-34
-2.57523e-33
-1.84636e-33
5.24466e-33
7.78601e-33
-8.01778e-33
-2.41237e-32
4.1249e-33
6.1285e-32
3.01056e-32
-1.27851e-31
-1.57903e-31
1.98856e-31
5.13147e-31
-1.15819e-31
-1.29991e-30
-6.50282e-31
2.61145e-30
3.40626e-30
-3.68239e-30
-1.05378e-29
8.26241e-31
2.43602e-29
1.69052e-29
-4.07297e-29
-7.44928e-29
3.06794e-29
2.1659e-28
9.08583e-29
-4.9711e-28
-4.58581e-28
8.94531e-28
9.67157e-28
-8.80388e-28
