ordre_2
-1.4013e-45
-2.8026e-45
-2.8026e-45
-1.4013e-45
0
1.4013e-45
1.4013e-45
0
-1.4013e-45
-2.8026e-45
-2.8026e-45
-1.4013e-45
0
1.4013e-45
1.4013e-45
2.8026e-45
4.2039e-45
4.2039e-45
-1.12104e-44
-1.96182e-44
1.26117e-44
4.76441e-44
-3.64338e-44
-1.61149e-43
6.86636e-44
4.94658e-43
-8.82818e-44
-1.49238e-42
-1.4013e-43
4.33141e-42
1.60589e-42
-1.21324e-41
-8.24664e-42
3.23588e-41
3.37096e-41
-8.13188e-41
-1.22387e-40
1.87991e-40
4.08895e-40
-3.80359e-40
-1.27641e-39
5.7952e-40
3.74257e-39
-1.38845e-40
-1.02961e-38
-3.79025e-39
2.63769e-38
2.13559e-38
-6.18375e-38
-8.4318e-38
1.27577e-37
2.82195e-37
-2.07763e-37
-8.42532e-37
1.43751e-37
2.27694e-36
7.49179e-37
-5.54387e-36
-4.76597e-36
1.18393e-35
1.8474e-35
-2.04743e-35
-5.82265e-35
2.00999e-35
1.58707e-34
3.8845e-35
-3.76946e-34
-3.15954e-34
7.55578e-34
1.23603e-33
-1.12789e-33
-3.74287e-33
4.6261e-34
9.47321e-33
4.86685e-33
-1.99607e-32
-2.47391e-32
3.20444e-32
8.08227e-32
-2.26007e-32
-2.08693e-31
-8.99828e-32
4.34339e-31
5.19882e-31
-6.6334e-31
-1.69958e-30
3.55617e-31
4.20041e-30
2.18707e-30
-7.88301e-30
-1.09457e-29
8.81942e-30
3.30638e-29
8.25666e-30
-7.74224e-29
-8.12427e-29
1.47587e-28
2.63509e-28
-2.24206e-28
-4.92728e-28
1.969e-28
