ordre_1
1.4013e-45
2.8026e-45
4.2039e-45
5.60519e-45
7.00649e-45
8.40779e-45
9.80909e-45
1.12104e-44
1.26117e-44
1.4013e-44
1.54143e-44
1.68156e-44
1.82169e-44
1.96182e-44
2.10195e-44
2.24208e-44
2.38221e-44
2.52234e-44
2.66247e-44
2.8026e-44
2.94273e-44
3.08286e-44
3.22299e-44
3.36312e-44
3.50325e-44
3.64338e-44
3.78351e-44
3.92364e-44
4.06377e-44
4.2039e-44
4.62428e-44
8.12753e-44
3.48923e-43
2.21966e-42
1.46562e-41
9.46577e-41
5.92767e-40
3.59716e-39
2.11643e-38
1.2081e-37
6.69469e-37
3.60374e-36
1.8855e-35
9.59373e-35
4.74971e-34
2.2892e-33
1.07461e-32
4.91542e-32
2.19185e-31
9.53199e-31
4.0444e-30
1.67492e-29
6.77271e-29
2.67497e-28
1.03231e-27
3.89393e-27
1.43611e-26
5.18016e-26
1.82805e-25
6.31319e-25
2.13426e-24
7.06483e-24
2.29049e-23
7.27509e-23
2.26434e-22
6.90784e-22
2.06607e-21
6.0597e-21
1.74324e-20
4.91998e-20
1.36257e-19
3.70376e-19
9.88329e-19
2.58957e-18
6.66357e-18
1.68434e-17
4.18295e-17
1.02082e-16
2.44861e-16
5.774e-16
1.33877e-15
3.05275e-15
6.84733e-15
1.51106e-14
3.28139e-14
7.01359e-14
1.47576e-13
3.05759e-13
6.23906e-13
1.2541e-12
2.48378e-12
4.84799e-12
9.3278e-12
1.76958e-11
3.31086e-11
6.11086e-11
1.11293e-10
2.00056e-10
3.55041e-10
6.22253e-10
1.07732e-09
