ordre_1
2.23787e-42
2.69868e-40
1.61484e-38
6.39008e-37
1.8811e-35
4.39395e-34
8.48281e-33
1.39213e-31
1.98246e-30
2.48848e-29
2.78768e-28
2.81496e-27
2.58349e-26
2.16996e-25
1.6779e-24
1.20047e-23
7.98228e-23
4.9519e-22
2.87593e-21
1.56846e-20
8.05473e-20
3.90468e-19
1.79084e-18
7.78669e-18
3.21585e-17
1.26369e-16
4.73243e-16
1.69153e-15
5.77878e-15
1.88941e-14
5.91958e-14
1.77929e-13
5.13675e-13
1.4259e-12
3.80988e-12
9.8085e-12
2.43561e-11
5.83937e-11
1.35306e-10
3.0332e-10
6.58524e-10
1.38608e-09
2.83153e-09
5.62036e-09
1.08523e-08
2.04092e-08
3.74305e-08
6.70328e-08
1.17382e-07
2.01264e-07
3.38372e-07
5.5859e-07
9.06701e-07
1.44906e-06
2.28303e-06
3.55014e-06
5.45441e-06
8.2874e-06
1.24624e-05
1.85601e-05
2.73894e-05
4.00668e-05
5.81196e-05
8.36165e-05
0.000119334
0.00016896
0.000237349
0.00033082
0.000457524
0.000627856
0.000854942
0.00115517
0.00154879
0.00206052
0.00272019
0.00356337
0.00463195
0.00597459
0.00764706
0.00971235
0.0122404
0.0153079
0.0189967
0.023393
0.0285852
0.0346611
0.0417053
0.0497953
0.0589976
0.0693631
0.0809232
0.0936843
0.107625
0.122689
0.138788
0.155794
0.173541
0.191824
0.210406
0.229016
0.247358
