ordre_1
1.4013e-45
2.8026e-45
4.2039e-45
5.60519e-45
7.00649e-45
8.40779e-45
9.80909e-45
1.12104e-44
1.26117e-44
1.4013e-44
1.54143e-44
1.68156e-44
1.82169e-44
1.96182e-44
2.10195e-44
2.24208e-44
2.38221e-44
2.52234e-44
2.66247e-44
2.8026e-44
2.94273e-44
3.08286e-44
3.22299e-44
3.36312e-44
3.50325e-44
3.64338e-44
3.78351e-44
3.92364e-44
4.06377e-44
4.2039e-44
4.34403e-44
4.48416e-44
4.62428e-44
4.76441e-44
4.90454e-44
5.04467e-44
5.1848e-44
5.32493e-44
5.46506e-44
5.60519e-44
5.74532e-44
5.88545e-44
6.02558e-44
6.16571e-44
6.30584e-44
6.44597e-44
6.5861e-44
6.72623e-44
6.86636e-44
7.00649e-44
7.14662e-44
7.28675e-44
7.42688e-44
7.56701e-44
7.70714e-44
8.40779e-44
1.35926e-43
3.97969e-43
1.68856e-42
7.89211e-42
3.70994e-41
1.71872e-40
7.81559e-40
3.4865e-39
1.52586e-38
6.55276e-38
2.76194e-37
1.14283e-36
4.64322e-36
1.85275e-35
7.26213e-35
2.7967e-34
1.05839e-33
3.9368e-33
1.43952e-32
5.17546e-32
1.82982e-31
6.36309e-31
2.17671e-30
7.32614e-30
2.42638e-29
7.90893e-29
2.53756e-28
8.01525e-28
2.49277e-27
7.63435e-27
2.30274e-26
6.84164e-26
2.0025e-25
5.77484e-25
1.64103e-24
4.59573e-24
1.26855e-23
3.45167e-23
9.25913e-23
2.44895e-22
6.3872e-22
1.64289e-21
4.168e-21
1.04306e-20
2.5752e-20
