ordre_2
3.47959e-30
-4.59463e-31
-3.09624e-29
4.34458e-31
1.51124e-28
1.46408e-29
-6.10073e-28
-1.44599e-28
2.21765e-27
9.12971e-28
-7.47019e-27
-4.67958e-27
2.35305e-26
2.09982e-26
-6.91951e-26
-8.53064e-26
1.87792e-25
3.19069e-25
-4.57778e-25
-1.10745e-24
9.3766e-25
3.57417e-24
-1.26727e-24
-1.0692e-23
-1.04318e-24
2.93647e-23
1.64885e-23
-7.25528e-23
-8.06813e-23
1.54167e-22
2.96509e-22
-2.47661e-22
-9.16649e-22
1.20762e-22
2.44021e-21
1.16053e-21
-5.49301e-21
-6.40508e-21
9.62003e-21
2.23026e-20
-8.65421e-21
-6.0643e-20
-2.17683e-20
1.30773e-19
1.48318e-19
-2.00154e-19
-5.03387e-19
7.814e-20
1.2348e-18
8.14445e-19
-2.16903e-18
-3.66668e-18
1.80571e-18
9.80458e-18
4.54582e-18
-1.7714e-17
-2.59994e-17
1.49557e-17
7.04023e-17
3.40715e-17
-1.18362e-16
-1.87234e-16
6.64153e-17
4.59351e-16
3.2457e-16
-6.20323e-16
-1.30938e-15
-1.02775e-16
2.54946e-15
2.94107e-15
-1.91548e-15
-7.9534e-15
-5.04357e-15
9.94904e-15
2.11238e-14
4.9686e-15
-3.48681e-14
-5.03489e-14
6.55714e-15
1.02742e-13
1.11844e-13
-5.45965e-14
-2.73849e-13
-2.40484e-13
1.97062e-13
6.85014e-13
5.22066e-13
-5.49082e-13
-1.642e-12
-1.18901e-12
1.29697e-12
3.79148e-12
2.90296e-12
-2.5871e-12
-8.55546e-12
-7.05774e-12
3.73334e-12
1.70963e-11
2.24076e-11
-9.10496e-12
-3.80732e-11
