ordre_1
1.4013e-45
2.8026e-45
4.2039e-45
5.60519e-45
7.00649e-45
8.40779e-45
9.80909e-45
1.12104e-44
1.26117e-44
1.4013e-44
1.54143e-44
1.68156e-44
1.82169e-44
1.96182e-44
2.10195e-44
2.24208e-44
2.38221e-44
2.52234e-44
2.66247e-44
2.8026e-44
2.94273e-44
3.08286e-44
3.22299e-44
3.36312e-44
3.50325e-44
3.64338e-44
3.78351e-44
3.92364e-44
4.06377e-44
4.2039e-44
4.34403e-44
4.48416e-44
4.62428e-44
4.76441e-44
4.90454e-44
5.04467e-44
5.1848e-44
5.32493e-44
5.46506e-44
5.60519e-44
5.74532e-44
5.88545e-44
6.02558e-44
6.16571e-44
6.30584e-44
6.44597e-44
6.5861e-44
6.72623e-44
6.86636e-44
8.12753e-44
1.63952e-43
6.13769e-43
2.95254e-42
1.4851e-41
7.399e-41
3.61499e-40
1.72926e-39
8.09859e-39
3.71409e-38
1.66843e-37
7.34336e-37
3.1676e-36
1.33946e-35
5.55389e-35
2.25862e-34
9.0109e-34
3.52755e-33
1.35536e-32
5.11215e-32
1.89328e-31
6.8861e-31
2.46018e-30
8.63533e-30
2.97845e-29
1.00967e-28
3.36454e-28
1.10231e-27
3.55127e-27
1.12523e-26
3.50706e-26
1.07538e-25
3.24459e-25
9.63397e-25
2.81554e-24
8.10016e-24
2.29436e-23
6.3992e-23
1.75771e-22
4.75537e-22
1.26734e-21
3.32763e-21
8.60922e-21
2.195e-20
5.51575e-20
1.36624e-19
3.33625e-19
8.0325e-19
1.90704e-18
4.46516e-18
1.03119e-17
2.34917e-17
