ordre_1
1.38729e-43
1.74265e-41
1.07758e-39
4.40769e-38
1.34157e-36
3.24086e-35
6.47239e-34
1.0991e-32
1.61999e-31
2.10527e-30
2.44229e-29
2.55463e-28
2.4293e-27
2.11478e-26
1.69527e-25
1.25778e-24
8.67518e-24
5.58399e-23
3.36583e-22
1.90568e-21
1.01626e-20
5.11728e-20
2.43851e-19
1.10192e-18
4.7308e-18
1.93298e-17
7.5288e-17
2.79946e-16
9.95125e-16
3.38611e-15
1.10428e-14
3.45552e-14
1.0387e-13
3.00241e-13
8.35403e-13
2.23975e-12
5.79167e-12
1.44584e-11
3.48788e-11
8.13836e-11
1.83848e-10
4.02482e-10
8.54724e-10
1.76252e-09
3.53286e-09
6.89081e-09
1.30934e-08
2.4265e-08
4.39116e-08
7.76949e-08
1.3458e-07
2.28514e-07
3.80858e-07
6.23885e-07
1.00576e-06
1.59763e-06
2.50351e-06
3.87419e-06
5.92638e-06
8.96886e-06
1.3438e-05
1.99451e-05
2.93391e-05
4.27883e-05
6.18859e-05
8.87837e-05
0.000126361
0.000178433
0.000250004
0.000347577
0.000479509
0.000656437
0.000891755
0.00120215
0.00160816
0.00213485
0.00281234
0.00367649
0.00476942
0.00613996
0.00784391
0.00994416
0.0125105
0.0156188
0.0193506
0.0237909
0.0290268
0.0351448
0.0422275
0.0503505
0.059578
0.0699588
0.0815219
0.0942718
0.108185
0.123204
0.139239
0.156162
0.173807
0.191971
0.210419
