ordre_2
-1.03721e-37
6.87432e-37
9.53298e-37
-4.01665e-36
-4.95451e-36
1.72645e-35
2.189e-35
-6.45243e-35
-8.92673e-35
2.20234e-34
3.45369e-34
-6.9855e-34
-1.28115e-33
2.06495e-33
4.57449e-33
-5.63931e-33
-1.57354e-32
1.38649e-32
5.20976e-32
-2.86476e-32
-1.65651e-31
3.80639e-32
5.03948e-31
4.59671e-32
-1.45841e-30
-6.27097e-31
3.97829e-30
3.23617e-30
-1.00717e-29
-1.30173e-29
2.29792e-29
4.5629e-29
-4.41236e-29
-1.44366e-28
5.57154e-29
4.16606e-28
4.61072e-29
-1.09248e-27
-6.6239e-28
2.55354e-27
3.06194e-27
-5.05421e-27
-1.06866e-26
7.16281e-27
3.14877e-26
-2.13539e-28
-8.01225e-26
-4.72852e-26
1.72579e-25
2.2504e-25
-2.87121e-25
-7.40528e-25
2.22935e-25
1.95925e-24
7.78705e-25
-4.20834e-24
-4.80387e-24
6.68343e-24
1.62411e-23
-4.01263e-24
-4.12594e-23
-2.15143e-23
7.99304e-23
1.11551e-22
-9.74794e-23
-3.33514e-22
-4.46358e-23
7.22372e-22
6.95376e-22
-1.04724e-21
-2.44104e-21
2.50728e-22
5.63021e-21
4.36691e-21
-8.50102e-21
-1.71401e-20
2.9821e-21
3.97945e-20
3.03514e-20
-5.68544e-20
-1.18322e-19
7.66261e-21
2.57016e-19
2.34023e-19
-3.06966e-19
-7.90282e-19
-1.57605e-19
1.46329e-18
1.82513e-18
-1.09997e-18
-4.88044e-18
-2.82428e-18
6.81423e-18
1.24941e-17
7.35701e-19
-2.34075e-17
-3.19952e-17
1.75066e-17
9.16895e-17
1.66718e-17
-1.06499e-16
