ordre_2
3.64833e-10
1.72447e-09
-1.78912e-09
-1.00179e-08
-3.1402e-09
2.91195e-08
4.80846e-08
-3.04546e-09
-1.18458e-07
-2.08512e-07
-1.68693e-07
5.04912e-08
4.49647e-07
1.04249e-06
1.91238e-06
3.23963e-06
5.31903e-06
8.59433e-06
1.37228e-05
2.1674e-05
3.3868e-05
5.23624e-05
8.01013e-05
0.000121244
0.000181587
0.00026911
0.00039464
0.000572676
0.000822361
0.00116861
0.00164337
0.00228703
0.00314983
0.00429325
0.00579134
0.00773164
0.0102158
0.0133594
0.0172911
0.0221506
0.0280856
0.0352472
0.0437837
0.0538337
0.0655173
0.0789267
0.0941161
0.111092
0.129802
0.150132
0.171892
0.194823
0.218589
0.242788
0.266956
0.290585
0.313135
0.334056
0.352811
0.368895
0.381862
0.391344
0.397066
0.398862
0.396683
0.390598
0.380789
0.367546
0.351249
0.332353
0.311364
0.288818
0.265261
0.241222
0.217199
0.193644
0.170944
0.149421
0.129325
0.110833
0.0940539
0.0790322
0.0657593
0.0541798
0.0442027
0.0357104
0.0285678
0.0226307
0.0177526
0.0137902
0.0106079
0.00808048
0.00609534
0.00455317
0.00336814
0.00246727
0.00179005
0.00128505
0.000918364
0.000628488
0.000520538
