ordre_1
1.00744e-26
6.91512e-25
2.34087e-23
5.20997e-22
8.57587e-21
1.11349e-19
1.1878e-18
1.07064e-17
8.32355e-17
5.6696e-16
3.42572e-15
1.85466e-14
9.07187e-14
4.03739e-13
1.64472e-12
6.16533e-12
2.13659e-11
6.87401e-11
2.06109e-10
5.78018e-10
1.52132e-09
3.77018e-09
8.82626e-09
1.95828e-08
4.13137e-08
8.31599e-08
1.60277e-07
2.96864e-07
5.30421e-07
9.1777e-07
1.54371e-06
2.53355e-06
4.07127e-06
6.42558e-06
9.98663e-06
1.53168e-05
2.322e-05
3.48335e-05
5.17503e-05
7.61767e-05
0.000111135
0.000160722
0.000230424
0.000327514
0.00046152
0.000644786
0.000893113
0.00122649
0.0016699
0.00225417
0.00301683
0.00400301
0.00526614
0.00686863
0.00888219
0.0113879
0.0144757
0.0182435
0.0227957
0.0282405
0.034687
0.0422413
0.0510016
0.061053
0.0724616
0.085268
0.0994815
0.115074
0.131974
0.150066
0.169181
0.189105
0.209572
0.230273
0.250862
0.27096
0.290173
0.308098
0.324341
0.338529
0.350325
0.359441
0.365649
0.368794
0.368794
0.365649
0.359441
0.350325
0.338529
0.324341
0.308098
0.290173
0.27096
0.250862
0.230273
0.209572
0.189105
0.169181
0.150066
0.131974
0.115074
