ordre_2
5.23842e-17
-3.52326e-16
-5.09128e-16
1.91186e-15
2.8548e-15
-7.09227e-15
-1.32743e-14
2.01977e-14
5.3591e-14
-4.00063e-14
-1.87511e-13
1.53638e-14
5.55444e-13
3.13874e-13
-1.31365e-12
-1.79351e-12
2.0639e-12
6.23816e-12
1.07748e-13
-1.51215e-11
-1.41485e-11
2.17948e-11
5.3994e-11
6.73512e-12
-1.11343e-10
-1.37e-10
7.92573e-11
3.75982e-10
2.92035e-10
-3.86135e-10
-1.06058e-09
-6.44667e-10
1.12908e-09
2.73419e-09
1.79207e-09
-2.28126e-09
-6.4635e-09
-5.7759e-09
2.01804e-09
1.26589e-08
1.68625e-08
7.22794e-09
-1.43564e-08
-3.52139e-08
-3.8709e-08
-1.54346e-08
2.88479e-08
7.41426e-08
9.57184e-08
7.64639e-08
1.51053e-08
-7.35791e-08
-1.65557e-07
-2.36939e-07
-2.7115e-07
-2.61062e-07
-2.05944e-07
-1.04831e-07
5.1921e-08
2.92215e-07
6.73827e-07
1.30045e-06
2.34585e-06
4.09105e-06
6.98107e-06
1.1709e-05
1.93375e-05
3.14696e-05
5.04851e-05
7.98611e-05
0.000124599
0.000191782
0.000291273
0.000436595
0.000645972
0.000943576
0.00136093
0.00193848
0.00272715
0.00379003
0.00520372
0.00705953
0.00946409
0.0125392
0.0164209
0.021257
0.0272037
0.0344203
0.0430629
0.0532744
0.0651827
0.0788647
0.0944174
0.111695
0.131065
0.151108
0.175413
0.192585
0.234441
0.208307
0.375504
