ordre_1
1.4013e-45
2.8026e-45
4.2039e-45
5.60519e-45
7.00649e-45
8.40779e-45
9.80909e-45
1.12104e-44
1.26117e-44
1.4013e-44
1.54143e-44
1.68156e-44
1.82169e-44
1.96182e-44
2.10195e-44
2.24208e-44
2.38221e-44
2.52234e-44
2.66247e-44
2.8026e-44
2.94273e-44
3.08286e-44
3.22299e-44
3.36312e-44
3.50325e-44
3.64338e-44
3.78351e-44
3.92364e-44
4.06377e-44
4.2039e-44
4.34403e-44
4.48416e-44
4.62428e-44
4.76441e-44
4.90454e-44
5.04467e-44
5.1848e-44
5.32493e-44
5.46506e-44
5.60519e-44
5.74532e-44
5.88545e-44
6.02558e-44
6.16571e-44
6.30584e-44
6.44597e-44
6.5861e-44
6.72623e-44
6.86636e-44
7.00649e-44
7.14662e-44
7.28675e-44
7.42688e-44
7.56701e-44
9.10844e-44
1.70958e-43
5.78736e-43
2.59801e-42
1.23749e-41
5.86864e-41
2.73613e-40
1.25125e-39
5.61114e-39
2.46787e-38
1.06477e-37
4.50765e-37
1.87286e-36
7.63867e-36
3.05901e-35
1.20306e-34
4.64751e-34
1.76388e-33
6.57837e-33
2.41127e-32
8.68826e-32
3.0779e-31
1.07222e-30
3.67366e-30
1.23813e-29
4.10542e-29
1.33949e-28
4.30108e-28
1.35937e-27
4.22943e-27
1.2956e-26
3.90813e-26
1.161e-25
3.3972e-25
9.79243e-25
2.78098e-24
7.7821e-24
2.14607e-23
5.83298e-23
1.56275e-22
4.12757e-22
1.07487e-21
2.76008e-21
6.98949e-21
1.74573e-20
4.30093e-20
1.04533e-19
