ordre_2
-3.12192e-32
-5.65647e-32
2.7501e-31
3.52203e-31
-1.31534e-30
-1.67294e-30
5.14827e-30
7.1187e-30
-1.79334e-29
-2.83469e-29
5.70675e-29
1.07215e-28
-1.66458e-28
-3.87051e-28
4.38543e-28
1.33449e-27
-9.96856e-28
-4.38649e-27
1.68217e-27
1.36928e-26
-3.86101e-28
-4.03315e-26
-1.36504e-26
1.10908e-25
8.28642e-26
-2.79511e-25
-3.51186e-25
6.22228e-25
1.25091e-24
-1.1144e-24
-3.93218e-24
1.0418e-24
1.10374e-23
3.04717e-24
-2.74008e-23
-2.3154e-23
5.79116e-23
9.33556e-23
-9.24444e-23
-2.93466e-22
5.01404e-23
7.67037e-22
3.74442e-22
-1.64671e-21
-2.0351e-21
2.60884e-21
6.7671e-21
-1.42184e-21
-1.72169e-20
-9.42973e-21
3.34909e-20
4.78925e-20
-4.05305e-20
-1.43104e-19
-2.2469e-20
3.08598e-19
3.08341e-19
-4.35402e-19
-1.06543e-18
4.17407e-20
2.39622e-18
2.05582e-18
-3.37233e-18
-7.57332e-18
2.17111e-19
1.64605e-17
1.52946e-17
-2.00693e-17
-5.19178e-17
-9.54567e-18
9.8443e-17
1.19853e-16
-7.90454e-17
-3.27075e-16
-1.83635e-16
4.6463e-16
8.67863e-16
1.71191e-17
-1.70033e-15
-1.92047e-15
1.17414e-15
5.06433e-15
3.52187e-15
-5.66126e-15
-1.33237e-14
-4.94409e-15
1.92574e-14
3.23655e-14
3.2484e-15
-5.58632e-14
-7.48061e-14
8.69665e-15
1.48284e-13
1.70701e-13
-5.35549e-14
-3.54399e-13
-3.86824e-13
7.32585e-14
1.01122e-12
8.67083e-13
-9.93267e-13
