ordre_2
1.03712e-32
-6.88146e-32
-9.57565e-32
3.9974e-31
5.01453e-31
-1.70012e-30
-2.23365e-30
6.24887e-30
9.16532e-30
-2.07985e-29
-3.55316e-29
6.35268e-29
1.31293e-28
-1.77203e-28
-4.63544e-28
4.39894e-28
1.56275e-27
-9.01281e-28
-5.01715e-27
1.10706e-27
1.52644e-26
2.06652e-27
-4.36609e-26
-2.24684e-26
1.15853e-25
1.10818e-25
-2.78309e-25
-4.29907e-25
5.74151e-25
1.44431e-24
-8.66633e-25
-4.3214e-24
1.22312e-25
1.15387e-23
5.86565e-24
-2.69676e-23
-3.04525e-23
5.19743e-23
1.08765e-22
-6.63961e-23
-3.15917e-22
-3.31667e-23
7.66079e-22
5.87198e-22
-1.48934e-21
-2.45634e-21
1.89807e-21
7.27578e-21
7.2947e-22
-1.67821e-20
-1.43339e-20
2.8488e-20
5.56093e-20
-2.21858e-20
-1.4603e-19
-6.8202e-20
2.76047e-19
3.86276e-19
-2.91317e-19
-1.1152e-18
-3.31686e-19
2.16606e-18
2.68142e-18
-2.27003e-18
-7.91183e-18
-2.53752e-18
1.45179e-17
1.93693e-17
-1.18133e-17
-5.23403e-17
-2.75722e-17
8.07721e-17
1.39375e-16
-2.15841e-17
-3.06518e-16
-2.80058e-16
3.17899e-16
9.03332e-16
3.53095e-16
-1.39611e-15
-2.24781e-15
1.98041e-16
4.58673e-15
4.87793e-15
-3.14325e-15
-1.29693e-14
-9.35496e-15
1.3285e-14
3.3447e-14
1.58374e-14
-4.22517e-14
-8.16295e-14
-2.44888e-14
1.19482e-13
1.89884e-13
3.14051e-14
-2.75426e-13
-4.86999e-13
-8.78613e-14
9.70143e-13
5.2776e-13
