ordre_2
1.1573e-38
-2.52742e-38
-1.04249e-37
1.44214e-37
5.21668e-37
-5.94158e-37
-2.18863e-36
2.07787e-36
8.39513e-36
-6.40678e-36
-3.03796e-35
1.72908e-35
1.05113e-34
-3.83162e-35
-3.49678e-34
5.16199e-35
1.12003e-33
9.45686e-35
-3.44934e-33
-1.1637e-33
1.01739e-32
6.32672e-33
-2.85412e-32
-2.73323e-32
7.52624e-32
1.04129e-31
-1.82633e-31
-3.62746e-31
3.90107e-31
1.17263e-30
-6.47662e-31
-3.5339e-30
3.61255e-31
9.90521e-30
3.26552e-30
-2.55673e-29
-2.04188e-29
5.94221e-29
8.29251e-29
-1.17957e-28
-2.78296e-28
1.69159e-28
8.16781e-28
-7.25899e-30
-2.1199e-27
-1.15254e-27
4.78368e-27
5.68515e-27
-8.80439e-27
-1.9587e-26
1.02131e-26
5.52012e-26
9.29571e-27
-1.30458e-25
-1.07526e-25
2.48147e-25
4.27929e-25
-3.09595e-25
-1.24479e-24
-1.30839e-25
2.8758e-24
2.38648e-24
-5.04397e-24
-9.3521e-24
4.75682e-24
2.53881e-23
8.60367e-24
-5.17624e-23
-6.07631e-23
6.93297e-23
1.94315e-22
3.1834e-24
-4.34311e-22
-3.72946e-22
6.49469e-22
1.38632e-21
-2.24305e-22
-3.24067e-21
-2.39712e-21
4.8863e-21
9.635e-21
-1.66107e-21
-2.21987e-20
-1.72789e-20
3.07415e-20
6.58564e-20
-8.06502e-22
-1.38506e-19
-1.35743e-19
1.53488e-19
4.35717e-19
1.1612e-19
-7.59299e-19
-9.93484e-19
3.94789e-19
2.49513e-18
2.21573e-18
-3.65988e-18
-8.15899e-18
2.9579e-18
1.03224e-17
