ordre_1
1.73077e-16
5.99547e-15
1.01216e-13
1.11018e-12
8.90059e-12
5.56443e-11
2.82686e-10
1.20118e-09
4.3629e-09
1.37834e-08
3.84377e-08
9.58794e-08
2.16614e-07
4.48726e-07
8.62966e-07
1.56009e-06
2.68395e-06
4.44443e-06
7.1536e-06
1.12773e-05
1.75045e-05
2.68384e-05
4.07168e-05
6.1172e-05
9.10408e-05
0.000134238
0.000196105
0.000283842
0.000407047
0.00057835
0.000814174
0.00113559
0.00156932
0.00214871
0.00291493
0.00391795
0.00521762
0.00688444
0.00900012
0.0116577
0.0149609
0.0190234
0.0239665
0.029916
0.0369989
0.0453378
0.0550448
0.0662154
0.0789201
0.0931972
0.109045
0.126414
0.145201
0.165247
0.186331
0.208173
0.230436
0.252735
0.274642
0.295705
0.315456
0.333431
0.349191
0.362333
0.372513
0.379459
0.38298
0.38298
0.379459
0.372513
0.362333
0.349191
0.333431
0.315456
0.295705
0.274642
0.252735
0.230436
0.208173
0.186331
0.165247
0.145201
0.126414
0.109045
0.0931972
0.0789201
0.0662154
0.0550448
0.0453378
0.0369989
0.029916
0.0239665
0.0190234
0.0149609
0.0116576
0.00900012
0.00688444
0.00521762
0.00391795
0.00291493
0.00214871
