ordre_1
1.4013e-45
2.8026e-45
4.2039e-45
1.96182e-44
6.17973e-43
1.76199e-41
4.16366e-40
8.37679e-39
1.46456e-37
2.2604e-36
3.1181e-35
3.88305e-34
4.40169e-33
4.57343e-32
4.38128e-31
3.88958e-30
3.21416e-29
2.48187e-28
1.79691e-27
1.22361e-26
7.85803e-26
4.77108e-25
2.74487e-24
1.4994e-23
7.7914e-23
3.85795e-22
1.82318e-21
8.23504e-21
3.56006e-20
1.47486e-19
5.86221e-19
2.23804e-18
8.21527e-18
2.90236e-17
9.87775e-17
3.24136e-16
1.02641e-15
3.13903e-15
9.27861e-15
2.65282e-14
7.34148e-14
1.96797e-13
5.11343e-13
1.28872e-12
3.15248e-12
7.48997e-12
1.72956e-11
3.8843e-11
8.49001e-11
1.80727e-10
3.74948e-10
7.58697e-10
1.49846e-09
2.89098e-09
5.45279e-09
1.00632e-08
1.81877e-08
3.2221e-08
5.60045e-08
9.55974e-08
1.6041e-07
2.6485e-07
4.307e-07
6.90509e-07
1.0924e-06
1.70684e-06
2.63604e-06
4.02702e-06
6.08943e-06
9.11973e-06
1.35337e-05
1.99093e-05
2.90436e-05
4.20257e-05
6.0331e-05
8.594e-05
0.000121487
0.000170443
0.000237341
0.00032804
0.000450042
0.00061286
0.000828431
0.00111159
0.00148055
0.00195749
0.00256905
0.00334691
0.00432827
0.00555631
0.00708041
0.0089564
0.0112463
0.0140182
0.0173451
0.0213042
0.0259753
0.0314385
0.037772
0.0450489
0.0533344
