ordre_2
2.77779e-38
1.50798e-37
-2.41731e-37
-9.05733e-37
1.12699e-36
4.07623e-36
-4.23008e-36
-1.62539e-35
1.38129e-35
6.03849e-35
-3.97054e-35
-2.13274e-34
9.71367e-35
7.22343e-34
-1.74604e-34
-2.35328e-33
3.32214e-35
7.37214e-33
1.70898e-33
-2.21427e-32
-1.11738e-32
6.33991e-32
5.19953e-32
-1.7135e-31
-2.071e-31
4.29675e-31
7.45287e-31
-9.66273e-31
-2.47519e-30
1.79153e-30
7.64651e-30
-1.91469e-30
-2.19726e-29
-4.0943e-30
5.83037e-29
3.73298e-29
-1.40323e-28
-1.66548e-28
2.94079e-28
5.87741e-28
-4.78407e-28
-1.79015e-27
3.01154e-28
4.80809e-27
1.87462e-27
-1.12851e-26
-1.12596e-26
2.2066e-26
4.15778e-26
-3.01979e-26
-1.22527e-25
-1.95456e-27
3.01664e-25
2.00902e-25
-6.05287e-25
-8.95411e-25
8.54876e-25
2.74924e-24
-1.15394e-25
-6.63797e-24
-4.53406e-24
1.23372e-23
1.98414e-23
-1.3839e-23
-5.67302e-23
-1.2013e-23
1.2114e-22
1.24009e-22
-1.76046e-22
-4.25025e-22
4.57915e-23
9.92679e-22
7.38481e-22
-1.57421e-21
-2.99854e-21
8.36628e-22
7.31095e-21
4.73e-21
-1.15728e-20
-2.08119e-20
5.59066e-21
4.97281e-20
3.51071e-20
-7.18029e-20
-1.43114e-19
1.12142e-20
3.09074e-19
2.84434e-19
-3.52708e-19
-9.47573e-19
-2.37475e-19
1.69713e-18
2.17989e-18
-1.06622e-18
-5.31994e-18
-4.23675e-18
6.44787e-18
1.78409e-17
1.79788e-19
-3.41349e-17
-8.07984e-18
