ordre_2
-3.2758e-19
-1.74542e-18
2.66981e-18
1.04916e-17
-1.06653e-17
-4.6733e-17
2.90551e-17
1.79692e-16
-4.04622e-17
-6.15608e-16
-1.20596e-16
1.87161e-15
1.2583e-15
-4.90361e-15
-6.30433e-15
1.02381e-14
2.36895e-14
-1.26006e-14
-7.15172e-14
-1.74419e-14
1.70579e-13
1.74577e-13
-2.83355e-13
-6.5913e-13
1.14131e-13
1.65348e-12
1.24788e-12
-2.59398e-12
-5.3232e-12
4.08984e-13
1.20066e-11
1.1802e-11
-1.25595e-11
-3.8488e-11
-1.80538e-11
5.66448e-11
1.03328e-10
1.47687e-11
-1.81063e-10
-2.57733e-10
5.83917e-12
4.8364e-10
6.39456e-10
8.05827e-12
-1.11897e-09
-1.60092e-09
-3.88284e-10
2.13927e-09
3.83625e-09
2.29347e-09
-2.6872e-09
-7.85857e-09
-8.22722e-09
-1.04142e-09
1.0882e-08
1.95786e-08
1.66828e-08
-3.03434e-10
-2.46218e-08
-4.25964e-08
-4.08476e-08
-1.4278e-08
2.98711e-08
7.42707e-08
9.88284e-08
8.92403e-08
4.26632e-08
-3.17059e-08
-1.16683e-07
-1.93381e-07
-2.4686e-07
-2.6913e-07
-2.58862e-07
-2.18334e-07
-1.48647e-07
-4.40275e-08
1.14856e-07
3.69809e-07
7.98773e-07
1.53745e-06
2.8133e-06
4.9967e-06
8.67972e-06
1.47866e-05
2.47495e-05
4.07109e-05
6.59233e-05
0.000104952
0.000164837
0.000254185
0.000388369
0.00057932
0.000866167
0.00124124
0.00184356
0.00247802
0.00381701
0.00445095
0.00806513
0.00619022
0.0191954
