ordre_1
1.4013e-45
2.8026e-45
4.2039e-45
5.60519e-45
7.00649e-45
8.40779e-45
9.80909e-45
1.12104e-44
1.26117e-44
1.4013e-44
1.54143e-44
1.68156e-44
1.82169e-44
1.96182e-44
2.10195e-44
2.24208e-44
2.38221e-44
2.52234e-44
2.66247e-44
2.8026e-44
2.94273e-44
3.08286e-44
3.22299e-44
3.36312e-44
3.50325e-44
3.64338e-44
3.78351e-44
3.92364e-44
4.06377e-44
4.2039e-44
4.34403e-44
4.48416e-44
7.14662e-44
2.69049e-43
1.6241e-42
1.05041e-41
6.67845e-41
4.12312e-40
2.46893e-39
1.43447e-38
8.09172e-38
4.43421e-37
2.36195e-36
1.22361e-35
6.16834e-35
3.02733e-34
1.44721e-33
6.74184e-33
3.06194e-32
1.35634e-31
5.86229e-31
2.47324e-30
1.01889e-29
4.10019e-29
1.61231e-28
6.19739e-28
2.32927e-27
8.56288e-27
3.07991e-26
1.08418e-25
3.73621e-25
1.2608e-24
4.16736e-24
1.34955e-23
4.28287e-23
1.33232e-22
4.06357e-22
1.21545e-21
3.56608e-21
1.02652e-20
2.89972e-20
8.03996e-20
2.18851e-19
5.84961e-19
1.5356e-18
3.95993e-18
1.00332e-17
2.49815e-17
6.11378e-17
1.47094e-16
3.47981e-16
8.09609e-16
1.85284e-15
4.1718e-15
9.24312e-15
2.01561e-14
4.32683e-14
9.14529e-14
1.9036e-13
3.90295e-13
7.88389e-13
1.56932e-12
3.07892e-12
5.95526e-12
1.13584e-11
2.13673e-11
3.96556e-11
7.26256e-11
1.31285e-10
2.34315e-10
4.13006e-10
