ordre_2
-1.4013e-45
-2.8026e-45
-2.8026e-45
-1.4013e-45
0
1.4013e-45
1.4013e-45
0
-1.4013e-45
-2.8026e-45
-2.8026e-45
-1.4013e-45
0
1.4013e-45
1.4013e-45
2.8026e-45
1.4013e-45
0
-1.4013e-45
-2.8026e-45
-4.2039e-45
-5.60519e-45
-5.60519e-45
-4.2039e-45
-2.8026e-45
-1.4013e-45
-1.4013e-45
-0
-0
-1.4013e-45
-2.8026e-45
4.2039e-45
9.80909e-45
-2.8026e-45
-2.52234e-44
-8.40779e-45
4.76441e-44
1.4013e-44
-1.49939e-43
-9.94922e-44
3.75548e-43
3.97969e-43
-9.0664e-43
-1.43353e-42
1.98424e-42
4.69295e-42
-3.65319e-42
-1.42568e-41
4.29498e-42
4.04331e-41
5.03206e-42
-1.06855e-40
-5.91502e-41
2.60147e-40
2.72649e-40
-5.6847e-40
-9.81356e-40
1.04378e-39
3.07159e-39
-1.26276e-39
-8.63157e-39
-9.75853e-40
2.1887e-38
1.36439e-38
-4.93199e-38
-6.07931e-38
9.39117e-38
2.0542e-37
-1.26746e-37
-5.90127e-37
-9.77024e-39
1.47918e-36
8.71326e-37
-3.19143e-36
-4.04067e-36
5.51993e-36
1.33071e-35
-5.4968e-36
-3.60873e-35
-9.10401e-36
8.25358e-35
7.50408e-35
-1.53005e-34
-2.81371e-34
1.88529e-34
7.97682e-34
6.98449e-35
-1.82593e-33
-1.39965e-33
3.21511e-33
5.66819e-33
-3.10042e-33
-1.65557e-32
-5.44095e-33
3.98021e-32
3.94364e-32
-8.10713e-32
-1.22797e-31
1.34617e-31
2.26784e-31
-1.26865e-31
