ordre_2
7.00649e-45
-3.64338e-44
-5.32493e-44
2.14399e-43
2.63444e-43
-9.36067e-43
-1.14626e-42
3.55369e-42
4.6439e-42
-1.24029e-41
-1.78792e-41
4.06208e-41
6.63445e-41
-1.25755e-40
-2.384e-40
3.67925e-40
8.31389e-40
-1.00946e-39
-2.81488e-39
2.54801e-39
9.24675e-39
-5.65642e-39
-2.94273e-38
9.63941e-39
9.05128e-38
-4.0601e-39
-2.68123e-37
-6.61937e-38
7.60924e-37
4.28249e-37
-2.05222e-36
-1.90367e-36
5.19051e-36
7.20298e-36
-1.20149e-35
-2.46003e-35
2.41327e-35
7.75293e-35
-3.56504e-35
-2.27174e-34
2.53011e-36
6.18104e-34
2.62687e-34
-1.54589e-33
-1.4065e-33
3.46751e-33
5.37328e-33
-6.56408e-33
-1.73563e-32
8.48214e-33
4.95549e-32
3.73895e-33
-1.26017e-31
-7.73755e-32
2.80358e-31
3.53087e-31
-5.12275e-31
-1.18643e-30
5.98043e-31
3.32744e-30
5.05548e-31
-7.96183e-30
-6.17316e-30
1.5753e-29
2.51672e-29
-2.22856e-29
-7.58224e-29
3.84e-30
1.85642e-28
1.16851e-28
-3.64201e-28
-5.32296e-28
4.89862e-28
1.60874e-27
7.39646e-30
-3.77008e-27
-2.80353e-27
6.68356e-27
1.15507e-26
-6.61865e-27
-3.16641e-26
-9.54346e-27
6.46279e-26
7.33187e-26
-8.69838e-26
-2.37018e-25
8.60102e-28
5.34626e-25
4.38939e-25
-8.20255e-25
-1.63069e-24
3.60348e-25
3.77132e-24
2.88008e-24
-5.66016e-24
-1.28501e-23
2.91211e-24
3.3707e-23
9.90999e-24
-5.66331e-23
-1.88166e-23
