ordre_2
-1.63176e-10
1.1925e-09
2.01196e-09
-4.41598e-09
-1.20672e-08
1.41118e-09
3.71979e-08
4.86679e-08
-1.40183e-08
-1.32382e-07
-2.15462e-07
-1.68564e-07
4.98658e-08
4.40741e-07
1.02174e-06
1.87786e-06
3.1875e-06
5.24175e-06
8.48016e-06
1.35552e-05
2.14306e-05
3.3519e-05
5.18682e-05
7.94106e-05
0.000120291
0.000180291
0.00026737
0.000392338
0.000569672
0.000818498
0.00116371
0.00163727
0.00227954
0.00314078
0.00428253
0.00577885
0.00771739
0.0101999
0.013342
0.0172727
0.0221317
0.0280669
0.0352296
0.0437683
0.0538216
0.0655098
0.078925
0.0941215
0.111105
0.129825
0.150163
0.171933
0.194872
0.218646
0.242851
0.267024
0.290654
0.313203
0.33412
0.352868
0.368942
0.381898
0.391367
0.397074
0.398856
0.396662
0.390563
0.380742
0.36749
0.351186
0.332286
0.311296
0.288751
0.265198
0.241165
0.21715
0.193602
0.170912
0.149398
0.129311
0.110827
0.0940543
0.0790386
0.0657702
0.0541942
0.0442194
0.0357284
0.0285862
0.0226487
0.0177698
0.0138061
0.0106222
0.0080931
0.00610627
0.00456249
0.00337585
0.00247398
0.00179385
0.00129534
0.000894292
0.000751072
