ordre_2
1.02253e-41
-1.37327e-42
-9.13563e-41
3.81574e-42
4.49863e-40
1.49729e-41
-1.8441e-39
-2.31504e-40
6.86809e-39
1.64128e-39
-2.40004e-38
-9.01404e-39
7.9804e-38
4.29436e-38
-2.53971e-37
-1.8578e-37
7.74346e-37
7.46971e-37
-2.25555e-36
-2.82811e-36
6.2324e-36
1.01596e-35
-1.61124e-35
-3.47746e-35
3.79197e-35
1.13607e-34
-7.61637e-35
-3.54115e-34
1.03921e-34
1.05046e-33
6.99373e-35
-2.94989e-33
-1.28711e-33
7.76703e-33
6.61512e-33
-1.88404e-32
-2.59539e-32
4.06204e-32
8.82002e-32
-7.09854e-32
-2.69702e-31
6.5436e-32
7.49984e-31
1.88641e-31
-1.88642e-30
-1.44446e-30
4.18857e-30
5.94734e-30
-7.66964e-30
-1.94814e-29
8.88936e-30
5.46987e-29
8.74161e-30
-1.33138e-28
-1.00796e-28
2.72684e-28
4.17878e-28
-4.16947e-28
-1.29473e-27
1.9612e-28
3.29534e-27
1.69425e-27
-6.85766e-27
-8.73907e-27
1.04721e-26
2.82028e-26
-5.02741e-27
-7.04668e-26
-3.91962e-26
1.3684e-25
1.93394e-25
-1.73283e-25
-5.8046e-25
-4.71085e-26
1.29768e-24
1.1312e-24
-2.0548e-24
-4.22452e-24
1.19618e-24
1.0491e-23
6.06159e-24
-1.82944e-23
-2.90029e-23
1.54831e-23
7.71994e-23
3.40601e-23
-1.38321e-22
-1.98901e-22
1.21731e-22
5.40828e-22
2.24334e-22
-9.31032e-22
-1.3189e-21
5.98963e-22
3.41649e-21
2.49372e-21
-5.75709e-21
-1.12339e-20
6.132e-21
2.2737e-20
-3.19109e-21
