ordre_2
-1.4013e-45
-2.8026e-45
-2.8026e-45
-1.4013e-45
0
1.4013e-45
1.4013e-45
0
-1.4013e-45
-2.8026e-45
-2.8026e-45
-1.4013e-45
0
1.4013e-45
1.4013e-45
2.8026e-45
1.4013e-45
0
-1.4013e-45
-2.8026e-45
-4.2039e-45
-5.60519e-45
-5.60519e-45
-4.2039e-45
-2.8026e-45
-1.4013e-45
-1.4013e-45
-0
0
1.4013e-45
4.2039e-45
2.8026e-45
-1.54143e-44
-2.38221e-44
1.12104e-44
4.34403e-44
-4.2039e-44
-1.55544e-43
5.88545e-44
4.48416e-43
-1.68156e-44
-1.26257e-42
-4.02173e-43
3.36031e-42
2.35138e-42
-8.36715e-42
-9.66055e-42
1.90759e-41
3.39044e-41
-3.79654e-41
-1.07358e-40
5.69235e-41
3.12431e-40
-1.56679e-41
-8.39054e-40
-3.37545e-40
2.06371e-39
1.85261e-39
-4.54053e-39
-7.03406e-39
8.40097e-39
2.24476e-38
-1.04516e-38
-6.3272e-38
-5.90684e-39
1.59078e-37
9.98521e-38
-3.51102e-37
-4.45587e-37
6.40987e-37
1.48344e-36
-7.67177e-37
-4.15687e-36
-5.06299e-37
1.00398e-35
7.24377e-36
-2.04141e-35
-3.03196e-35
3.12761e-35
9.38727e-35
-1.66513e-35
-2.3972e-34
-1.14728e-34
5.07763e-34
6.07642e-34
-8.2341e-34
-1.98052e-33
6.21459e-34
5.01107e-33
2.13346e-33
-9.97605e-33
-1.30339e-32
1.37e-32
4.46895e-32
-2.66449e-33
-1.19588e-31
-5.41467e-32
2.59602e-31
1.81083e-31
-4.02739e-31
-2.266e-31
