ordre_2
-8.40779e-45
-4.90454e-44
7.56701e-44
2.84464e-43
-3.57331e-43
-1.27238e-42
1.37467e-42
5.08251e-42
-4.65792e-42
-1.89442e-41
1.42372e-41
6.73744e-41
-3.89407e-41
-2.3079e-40
9.11727e-41
7.64974e-40
-1.54162e-40
-2.45707e-39
-1.07325e-41
7.6431e-39
1.72895e-39
-2.29731e-38
-1.08089e-38
6.64459e-38
4.97399e-38
-1.83698e-37
-1.98526e-37
4.80137e-37
7.2305e-37
-1.16366e-36
-2.45441e-36
2.51366e-36
7.83812e-36
-4.35547e-36
-2.3619e-35
3.43121e-36
6.70429e-35
1.66411e-35
-1.78056e-34
-1.18455e-34
4.36126e-34
5.08256e-34
-9.55863e-34
-1.79383e-33
1.73946e-33
5.58844e-33
-1.95744e-33
-1.56983e-32
-2.60574e-33
3.97514e-32
2.71405e-32
-8.8909e-32
-1.17208e-31
1.65246e-31
3.90547e-31
-2.03196e-31
-1.10583e-30
-1.23357e-31
2.70911e-30
1.917e-30
-5.60111e-30
-8.18495e-30
8.77485e-30
2.56765e-29
-5.14193e-30
-6.60335e-29
-3.07696e-29
1.39512e-28
1.6808e-28
-2.20631e-28
-5.54374e-28
1.38426e-28
1.41343e-27
6.84549e-28
-2.83114e-27
-3.67998e-27
3.88309e-27
1.14714e-26
-3.02794e-28
-2.66979e-26
-1.99644e-26
4.54271e-26
8.14024e-26
-3.77652e-26
-2.14765e-25
-9.11642e-26
4.08952e-25
5.4461e-25
-4.63394e-25
-1.58478e-24
-3.10031e-25
3.10755e-24
3.4498e-24
-3.34241e-24
-1.13202e-23
-3.40619e-24
2.57609e-23
2.65168e-23
-4.37459e-23
-5.99444e-23
4.08319e-23
