ordre_2
-2.0691e-20
2.62194e-21
1.82357e-19
9.51377e-21
-8.7018e-19
-2.15524e-19
3.36655e-18
1.69024e-18
-1.13686e-17
-9.45992e-18
3.38627e-17
4.32932e-17
-8.67457e-17
-1.69964e-16
1.7508e-16
5.81428e-16
-1.84564e-16
-1.72549e-15
-5.21384e-16
4.31974e-15
4.19319e-15
-8.4073e-15
-1.66906e-14
8.99515e-15
4.83625e-14
1.59922e-14
-1.03857e-13
-1.25236e-13
1.35614e-13
4.10838e-13
6.6451e-14
-8.63326e-13
-9.81617e-13
9.21467e-13
3.06012e-12
1.21199e-12
-5.16238e-12
-8.13404e-12
1.56673e-12
1.82659e-11
1.80066e-11
-1.48254e-11
-5.29544e-11
-3.63811e-11
5.52265e-11
1.38452e-10
7.6697e-11
-1.524e-10
-3.42237e-10
-1.93146e-10
3.36022e-10
8.06616e-10
5.70635e-10
-5.43281e-10
-1.75051e-09
-1.70234e-09
2.92167e-10
3.18823e-09
4.46743e-09
1.99479e-09
-3.76089e-09
-9.10117e-09
-9.1293e-09
-1.45647e-09
1.10299e-08
2.07377e-08
1.95586e-08
4.34861e-09
-1.98256e-08
-4.10675e-08
-4.62951e-08
-2.81965e-08
1.02641e-08
5.61744e-08
9.16233e-08
1.00786e-07
7.58853e-08
1.96533e-08
-5.6246e-08
-1.35677e-07
-2.03148e-07
-2.47907e-07
-2.65062e-07
-2.55769e-07
-2.21896e-07
-1.69212e-07
-8.65099e-08
1.9508e-08
2.29035e-07
4.91708e-07
1.18418e-06
1.89439e-06
4.31904e-06
5.90222e-06
1.42968e-05
1.59337e-05
4.4892e-05
3.60342e-05
0.00013675
5.80361e-05
0.000411213
