ordre_2
-1.10268e-40
-2.0002e-40
9.76992e-40
1.2334e-39
-4.73069e-39
-5.78459e-39
1.88966e-38
2.43244e-38
-6.78971e-38
-9.61484e-38
2.26253e-37
3.63688e-37
-7.07057e-37
-1.32608e-36
2.07361e-36
4.67375e-36
-5.65753e-36
-1.59313e-35
1.40311e-35
5.24779e-35
-2.98386e-35
-1.66734e-34
4.44167e-35
5.0941e-34
1.82434e-35
-1.48968e-33
-5.2378e-34
4.14007e-33
2.90512e-33
-1.081e-32
-1.2135e-32
2.59852e-32
4.39324e-32
-5.51566e-32
-1.43933e-31
9.23064e-32
4.33348e-31
-6.26864e-32
-1.20151e-30
-3.79739e-31
3.04141e-30
2.4645e-30
-6.8592e-30
-9.91803e-30
1.29476e-29
3.26088e-29
-1.63562e-29
-9.30831e-29
-9.14475e-30
2.33002e-28
1.56169e-28
-4.99591e-28
-6.88707e-28
8.39709e-28
2.23217e-27
-7.01282e-28
-5.96204e-27
-2.09194e-27
1.32441e-26
1.38421e-26
-2.28664e-26
-4.89727e-26
2.12146e-26
1.32017e-25
4.30239e-26
-2.82093e-25
-3.06856e-25
4.36406e-25
1.04351e-24
-2.26533e-25
-2.59145e-24
-1.48652e-24
4.78404e-24
7.19618e-24
-5.10526e-24
-2.04481e-23
-5.29308e-24
4.15004e-23
4.6706e-23
-5.26561e-23
-1.48679e-22
-1.28205e-23
3.15113e-22
3.06712e-22
-4.10355e-22
-1.03456e-21
-6.38408e-23
2.16781e-21
2.16327e-21
-2.62699e-21
-7.03348e-21
-1.03936e-21
1.33096e-20
1.52302e-20
-1.07824e-20
-4.59987e-20
-2.62952e-20
8.93672e-20
1.20472e-19
-1.15931e-19
-1.60901e-19
