ordre_1
1.4013e-45
2.8026e-45
4.2039e-45
5.60519e-45
7.00649e-45
8.40779e-45
9.80909e-45
1.12104e-44
1.26117e-44
1.4013e-44
1.54143e-44
1.68156e-44
1.82169e-44
1.96182e-44
2.10195e-44
2.24208e-44
2.38221e-44
2.52234e-44
2.66247e-44
2.8026e-44
2.94273e-44
3.08286e-44
3.22299e-44
3.36312e-44
3.50325e-44
3.64338e-44
3.78351e-44
3.92364e-44
4.06377e-44
4.2039e-44
4.34403e-44
4.48416e-44
4.62428e-44
4.76441e-44
4.90454e-44
5.04467e-44
5.1848e-44
5.32493e-44
5.46506e-44
5.60519e-44
5.74532e-44
5.88545e-44
6.02558e-44
6.16571e-44
6.30584e-44
6.44597e-44
6.5861e-44
6.72623e-44
6.86636e-44
7.00649e-44
7.14662e-44
7.28675e-44
7.42688e-44
7.56701e-44
7.70714e-44
7.84727e-44
8.82818e-44
1.42932e-43
4.21791e-43
1.78525e-42
8.28027e-42
3.85665e-41
1.77044e-40
7.97986e-40
3.52933e-39
1.53181e-38
6.52549e-38
2.72907e-37
1.12073e-36
4.52023e-36
1.79095e-35
6.972e-35
2.66724e-34
1.00295e-33
3.70756e-33
1.34761e-32
4.8171e-32
1.69364e-31
5.85792e-31
1.99352e-30
6.67608e-30
2.20045e-29
7.13927e-29
2.28041e-28
7.17213e-28
2.22137e-27
6.77629e-27
2.03618e-26
6.0277e-26
1.75814e-25
5.05331e-25
1.43144e-24
3.99666e-24
1.10002e-23
2.98492e-23
7.98631e-23
2.10712e-22
5.48291e-22
1.40722e-21
3.56275e-21
8.89885e-21
