ordre_2
2.95505e-28
1.59582e-27
-2.52528e-27
-9.5885e-27
1.13093e-26
4.30867e-26
-3.94866e-26
-1.70721e-25
1.13301e-25
6.24951e-25
-2.50598e-25
-2.14766e-24
2.63932e-25
6.95403e-24
1.22923e-24
-2.11427e-23
-1.08005e-23
5.97611e-23
5.41751e-23
-1.53988e-22
-2.19416e-22
3.47259e-22
7.74402e-22
-6.15099e-22
-2.43861e-21
4.76988e-22
6.86337e-21
2.35989e-21
-1.69804e-20
-1.58195e-20
3.51732e-20
6.20459e-20
-5.20886e-20
-1.90852e-19
7.50745e-21
4.82402e-19
3.10483e-19
-9.69618e-19
-1.45042e-18
1.28547e-18
4.44039e-18
3.28485e-19
-1.0227e-17
-8.89572e-18
1.65521e-17
3.41734e-17
-9.09676e-18
-8.5325e-17
-5.39366e-17
1.42711e-16
2.48329e-16
-8.59586e-17
-6.22025e-16
-4.03224e-16
9.48486e-16
1.78643e-15
-2.35341e-16
-3.98784e-15
-3.58013e-15
4.54052e-15
1.21124e-14
3.63705e-15
-2.05614e-14
-2.97495e-14
8.02801e-15
6.77685e-14
6.11021e-14
-6.17508e-14
-1.89731e-13
-1.04596e-13
2.36597e-13
4.8193e-13
1.4256e-13
-7.21008e-13
-1.15893e-12
-1.34553e-13
1.93613e-12
2.72491e-12
6.20807e-14
-4.7613e-12
-6.39923e-12
-2.01722e-13
1.08449e-11
1.50907e-11
2.15148e-12
-2.26453e-11
-3.52697e-11
-1.185e-11
4.167e-11
7.93232e-11
4.66809e-11
-6.06941e-11
-1.63944e-10
-1.47267e-10
3.97334e-11
2.97211e-10
3.69087e-10
1.41692e-10
-3.4539e-10
-9.90936e-10
-2.61472e-10
