ordre_2
-1.14322e-33
2.49555e-33
1.03001e-32
-1.4089e-32
-5.15403e-32
5.69018e-32
2.16002e-31
-1.92397e-31
-8.25893e-31
5.59816e-31
2.96897e-30
-1.35125e-30
-1.0155e-29
2.22965e-30
3.31751e-29
1.06148e-30
-1.03434e-28
-3.16405e-29
3.06403e-28
1.88348e-28
-8.54888e-28
-8.40337e-28
2.21165e-27
3.23394e-27
-5.14729e-27
-1.12156e-26
1.00364e-26
3.56193e-26
-1.26001e-26
-1.03897e-25
-1.30075e-26
2.76349e-25
1.6901e-25
-6.56372e-25
-7.85406e-25
1.32221e-24
2.77258e-24
-1.91779e-24
-8.26089e-24
1.61052e-25
2.12019e-23
1.23886e-23
-4.58346e-23
-5.98922e-23
7.56676e-23
1.97748e-22
-5.40373e-23
-5.19958e-22
-2.28993e-22
1.09338e-21
1.33403e-21
-1.63261e-21
-4.37318e-21
5.44508e-22
1.06553e-20
7.03486e-21
-1.90797e-20
-3.15017e-20
1.79242e-20
8.64004e-20
3.20211e-20
-1.66739e-19
-2.15335e-19
1.81659e-19
6.36001e-19
1.72672e-19
-1.22955e-18
-1.50668e-18
1.24452e-18
4.40247e-18
1.55509e-18
-7.81894e-18
-1.09202e-17
5.56311e-18
2.82892e-17
1.71056e-17
-4.0696e-17
-7.70479e-17
2.25404e-18
1.58135e-16
1.64127e-16
-1.39173e-16
-4.77504e-16
-2.49912e-16
6.60398e-16
1.22831e-15
1.06479e-16
-2.24952e-15
-2.79178e-15
1.03513e-15
6.51414e-15
5.80846e-15
-5.42616e-15
-1.72718e-14
-1.03733e-14
1.73029e-14
4.18618e-14
2.66491e-14
-6.41703e-14
-1.10232e-13
4.3305e-14
