ordre_2
8.28115e-35
6.28844e-33
-4.37264e-34
-3.71662e-32
-8.01246e-34
1.62819e-31
2.12102e-32
-6.25007e-31
-1.66563e-31
2.20909e-30
9.58122e-31
-7.32565e-30
-4.66547e-30
2.293e-29
2.03067e-29
-6.76349e-29
-8.11036e-29
1.86329e-28
3.01367e-28
-4.70006e-28
-1.04916e-27
1.03837e-27
3.43041e-27
-1.76782e-27
-1.05198e-26
9.29428e-28
3.00867e-26
9.97906e-27
-7.9305e-26
-6.28813e-26
1.88139e-25
2.59864e-25
-3.80807e-25
-8.86308e-25
5.56801e-25
2.63331e-24
-3.58745e-26
-6.87653e-24
-3.8077e-24
1.54566e-23
1.8891e-23
-2.77328e-23
-6.47682e-23
2.84535e-23
1.79435e-22
4.77618e-23
-4.08592e-22
-3.95806e-22
7.15376e-22
1.46087e-21
-6.60049e-22
-3.96194e-21
-1.3937e-21
8.26043e-21
9.62285e-21
-1.16594e-20
-3.14913e-20
1.34961e-21
7.29631e-20
5.75782e-20
-1.15972e-19
-2.28202e-19
6.05975e-20
5.58695e-19
3.63975e-19
-8.94653e-19
-1.6094e-18
4.46416e-19
3.87945e-18
2.72402e-18
-5.63207e-18
-1.12252e-17
8.05279e-19
2.42457e-17
2.26914e-17
-2.6998e-17
-7.43047e-17
-2.20592e-17
1.27594e-16
1.79785e-16
-6.32622e-17
-4.2688e-16
-3.41182e-16
4.64504e-16
1.18629e-15
4.30427e-16
-1.80949e-15
-2.90171e-15
1.06964e-16
5.63338e-15
6.46473e-15
-2.91167e-15
-1.57409e-14
-1.32304e-14
1.28265e-14
3.83177e-14
2.90871e-14
-3.57816e-14
-1.17714e-13
-2.5574e-14
1.43988e-13
