ordre_1
1.4013e-45
2.8026e-45
4.2039e-45
5.60519e-45
7.00649e-45
8.40779e-45
9.80909e-45
1.12104e-44
1.26117e-44
1.4013e-44
1.54143e-44
1.68156e-44
1.82169e-44
1.96182e-44
2.10195e-44
2.24208e-44
2.38221e-44
2.52234e-44
2.66247e-44
2.8026e-44
2.94273e-44
3.08286e-44
3.22299e-44
3.36312e-44
3.50325e-44
3.64338e-44
3.78351e-44
3.92364e-44
4.06377e-44
4.2039e-44
4.34403e-44
4.48416e-44
4.62428e-44
4.76441e-44
4.90454e-44
5.04467e-44
5.1848e-44
5.32493e-44
5.46506e-44
5.60519e-44
5.74532e-44
5.88545e-44
6.02558e-44
6.16571e-44
6.30584e-44
6.44597e-44
6.5861e-44
6.72623e-44
6.86636e-44
7.00649e-44
7.14662e-44
7.28675e-44
7.42688e-44
7.56701e-44
8.26766e-44
1.31722e-43
3.74147e-43
1.58907e-42
7.48714e-42
3.55313e-41
1.66151e-40
7.62432e-40
3.4312e-39
1.51449e-38
6.55779e-38
2.78621e-37
1.16181e-36
4.75577e-36
1.91144e-35
7.54479e-35
2.92528e-34
1.11432e-33
4.17113e-33
1.53455e-32
5.54976e-32
1.97336e-31
6.90007e-31
2.37294e-30
8.0275e-30
2.67178e-29
8.75016e-29
2.82029e-28
8.94739e-28
2.7944e-27
8.59273e-27
2.60187e-26
7.75908e-26
2.2791e-25
6.59481e-25
1.88011e-24
5.28154e-24
1.46214e-23
3.98952e-23
1.07302e-22
2.84516e-22
7.43812e-22
1.91747e-21
4.87479e-21
1.22234e-20
3.02333e-20
7.3771e-20
