ordre_2
1.63716e-26
-1.08882e-25
-1.5257e-25
6.24921e-25
8.10755e-25
-2.59916e-24
-3.6625e-24
9.2104e-24
1.51453e-23
-2.89264e-23
-5.85349e-23
8.04284e-23
2.12544e-22
-1.90334e-22
-7.24346e-22
3.31763e-22
2.30545e-21
-9.21254e-23
-6.78885e-21
-2.63587e-21
1.81868e-20
1.59195e-20
-4.28932e-20
-6.55176e-20
8.23378e-20
2.2121e-19
-9.47093e-20
-6.38274e-19
-1.36474e-19
1.5642e-18
1.34722e-18
-3.07746e-18
-5.4563e-18
3.8663e-18
1.61801e-17
2.36395e-18
-3.73332e-17
-3.41955e-17
6.18474e-17
1.2985e-16
-3.80941e-17
-3.31719e-16
-1.95086e-16
5.83522e-16
9.55306e-16
-4.39962e-16
-2.5163e-15
-1.3885e-15
4.14714e-15
7.00587e-15
-1.96374e-15
-1.68033e-14
-1.29571e-14
2.16107e-14
4.94095e-14
8.34096e-15
-9.1294e-14
-1.1681e-13
5.24353e-14
2.90269e-13
2.28549e-13
-3.00457e-13
-7.93327e-13
-3.67028e-13
1.06422e-12
1.98627e-12
4.61519e-13
-3.10025e-12
-4.75841e-12
-4.31236e-13
8.03021e-12
1.12529e-11
5.9961e-13
-1.90015e-11
-2.66623e-11
-3.4417e-12
4.10109e-11
6.28739e-11
1.90982e-11
-7.81045e-11
-1.43521e-10
-7.8997e-11
1.18824e-10
3.02786e-10
2.59507e-10
-9.22691e-11
-5.48818e-10
-6.93642e-10
-2.17373e-10
7.28615e-10
1.47228e-09
1.22594e-09
-2.5696e-10
-2.22818e-09
-3.22778e-09
-2.05475e-09
1.46446e-09
4.96791e-09
6.71098e-09
5.06182e-09
-7.14401e-09
