ordre_1
6.76082e-19
2.88285e-17
6.01662e-16
8.19326e-15
8.18904e-14
6.40748e-13
4.08849e-12
2.18855e-11
1.00358e-10
4.00686e-10
1.41131e-09
4.43431e-09
1.25501e-08
3.22808e-08
7.61007e-08
1.65799e-07
3.36639e-07
6.42468e-07
1.16262e-06
2.01241e-06
3.35986e-06
5.45191e-06
8.65319e-06
1.35005e-05
2.07767e-05
3.1609e-05
4.75993e-05
7.09946e-05
0.000104909
0.000153611
0.00022288
0.000320455
0.000456574
0.000644623
0.000901886
0.0012504
0.0017179
0.00233884
0.00315542
0.00421858
0.00558895
0.0073375
0.009546
0.012307
0.015723
0.0199057
0.0249732
0.0310477
0.038251
0.0466996
0.0564991
0.0677374
0.0804775
0.09475
0.110546
0.127811
0.146437
0.166263
0.187068
0.208576
0.230456
0.252333
0.273793
0.294395
0.313689
0.33123
0.346595
0.359398
0.36931
0.376069
0.379495
0.379495
0.376069
0.369309
0.359398
0.346595
0.33123
0.313689
0.294395
0.273793
0.252333
0.230456
0.208576
0.187068
0.166263
0.146437
0.127811
0.110546
0.09475
0.0804775
0.0677374
0.0564991
0.0466996
0.038251
0.0310477
0.0249732
0.0199057
0.015723
0.0123069
0.009546
0.0073375
