ordre_2
1.63802e-32
-3.57522e-32
-1.4759e-31
2.01214e-31
7.38506e-31
-8.07836e-31
-3.09389e-30
2.70336e-30
1.18171e-29
-7.7204e-30
-4.2389e-29
1.79091e-29
1.44443e-28
-2.57244e-29
-4.69096e-28
-3.92517e-29
1.44968e-27
5.37213e-28
-4.23923e-27
-2.95919e-27
1.16051e-26
1.27316e-26
-2.91622e-26
-4.77057e-26
6.46118e-26
1.61347e-25
-1.13436e-25
-4.98565e-25
8.88593e-26
1.40687e-24
4.31815e-25
-3.58132e-24
-2.97112e-24
7.96666e-24
1.20972e-23
-1.42195e-23
-3.9449e-23
1.39654e-23
1.09364e-22
3.04796e-23
-2.57691e-22
-2.39104e-22
4.88722e-22
9.13846e-22
-5.89761e-22
-2.63802e-21
-4.07046e-22
6.07743e-21
5.37328e-21
-1.05213e-20
-2.06047e-20
9.03961e-21
5.51632e-20
2.24679e-20
-1.09317e-19
-1.40418e-19
1.33175e-19
4.29639e-19
6.57663e-20
-9.04185e-19
-9.37723e-19
1.16499e-18
3.10709e-18
2.91989e-19
-6.46795e-18
-6.68482e-18
7.51572e-18
2.14479e-17
4.94607e-18
-4.02387e-17
-5.04033e-17
3.28176e-17
1.37519e-16
7.43923e-17
-2.02975e-16
-3.64725e-16
2.04858e-17
7.52574e-16
7.78084e-16
-6.33693e-16
-2.23415e-15
-1.26774e-15
2.90457e-15
5.77138e-15
1.09295e-15
-9.73634e-15
-1.35403e-14
2.27477e-15
2.80874e-14
2.97022e-14
-1.55461e-14
-7.40055e-14
-6.39129e-14
5.66929e-14
1.83293e-13
1.29189e-13
-1.33918e-13
-4.57551e-13
-3.69788e-13
6.28689e-13
7.59624e-13
