ordre_1
1.4013e-45
2.8026e-45
4.2039e-45
5.60519e-45
7.00649e-45
8.40779e-45
9.80909e-45
1.12104e-44
1.26117e-44
1.4013e-44
2.66247e-44
2.49431e-43
3.40936e-42
4.42026e-41
5.30379e-40
5.90641e-39
6.13093e-38
5.95494e-37
5.43087e-36
4.66482e-35
3.78414e-34
2.90631e-33
2.11804e-32
1.46768e-31
9.68829e-31
6.10271e-30
3.67405e-29
2.11712e-28
1.16927e-27
6.19715e-27
3.15565e-26
1.54553e-25
7.28796e-25
3.31198e-24
1.45182e-23
6.14407e-23
2.51225e-22
9.93263e-22
3.79991e-21
1.40763e-20
5.05233e-20
1.75815e-19
5.93522e-19
1.94485e-18
6.18926e-18
1.91393e-17
5.75401e-17
1.68262e-16
4.78828e-16
1.32665e-15
3.58024e-15
9.41551e-15
2.41403e-14
6.03663e-14
1.47296e-13
3.50845e-13
8.16122e-13
1.8548e-12
4.12034e-12
8.95057e-12
1.90216e-11
3.95656e-11
8.05878e-11
1.60809e-10
3.14526e-10
6.03296e-10
1.13544e-09
2.09793e-09
3.80772e-09
6.79261e-09
1.19171e-08
2.05748e-08
3.49793e-08
5.85968e-08
9.67854e-08
1.57726e-07
2.53765e-07
4.03345e-07
6.33727e-07
9.84841e-07
1.51464e-06
2.30652e-06
3.47948e-06
5.20195e-06
7.71036e-06
1.1334e-05
1.65276e-05
2.39144e-05
3.43409e-05
4.89482e-05
6.92605e-05
9.72972e-05
0.00013571
0.000187952
0.000258477
0.000352979
0.000478671
0.000644607
0.000862038
0.00114481
0.00150982
