ordre_2
2.77559e-33
-6.05864e-33
-2.50078e-32
3.41705e-32
1.25135e-31
-1.37742e-31
-5.24371e-31
4.64196e-31
2.00429e-30
-1.34268e-30
-7.20017e-30
3.20094e-30
2.45979e-29
-5.07074e-30
-8.02078e-29
-3.90607e-30
2.49373e-28
8.14823e-29
-7.35706e-28
-4.7191e-28
2.04044e-27
2.07972e-27
-5.23108e-27
-7.93328e-27
1.19927e-26
2.72902e-26
-2.26773e-26
-8.59132e-26
2.54298e-26
2.47987e-25
4.56459e-26
-6.50647e-25
-4.42835e-25
1.51488e-24
1.96122e-24
-2.9466e-24
-6.74007e-24
3.88564e-24
1.962e-23
1.53783e-24
-4.90384e-23
-3.3922e-23
1.02019e-22
1.49838e-22
-1.55465e-22
-4.72623e-22
6.06911e-23
1.19213e-21
6.90976e-22
-2.37082e-21
-3.37633e-21
3.1272e-21
1.03198e-20
5.6756e-22
-2.36061e-20
-1.99671e-20
3.83188e-20
7.69009e-20
-2.35662e-20
-1.93607e-19
-1.11789e-19
3.35961e-19
5.42097e-19
-2.60757e-19
-1.42354e-18
-7.27211e-19
2.41544e-18
3.82239e-18
-1.56102e-18
-9.63369e-18
-6.02458e-18
1.43709e-17
2.68496e-17
-2.96784e-18
-5.85229e-17
-5.38993e-17
6.37193e-17
1.76243e-16
5.79208e-17
-2.91867e-16
-4.31073e-16
1.08472e-16
9.69894e-16
8.67428e-16
-9.15138e-16
-2.72085e-15
-1.35457e-15
3.6474e-15
6.82806e-15
1.15049e-15
-1.14606e-14
-1.60182e-14
2.13184e-15
3.23945e-14
3.44794e-14
-1.37053e-14
-7.86442e-14
-9.15622e-14
5.95436e-14
2.47203e-13
1.59003e-14
