ordre_2
-1.4013e-45
-2.8026e-45
-2.8026e-45
-1.4013e-45
0
1.4013e-45
1.4013e-45
0
-1.4013e-45
-2.8026e-45
-2.8026e-45
-1.4013e-45
0
1.4013e-45
1.4013e-45
2.8026e-45
1.4013e-45
0
-1.4013e-45
-2.8026e-45
-4.2039e-45
-5.60519e-45
-5.60519e-45
-4.2039e-45
-2.8026e-45
-1.4013e-45
-1.4013e-45
-0
-0
-1.4013e-45
-2.8026e-45
-4.2039e-45
-5.60519e-45
-7.00649e-45
-7.00649e-45
-5.60519e-45
-4.2039e-45
-2.8026e-45
-1.4013e-45
-1.4013e-45
-2.8026e-45
-4.2039e-45
-5.60519e-45
-5.60519e-45
1.4013e-45
7.00649e-45
0
-2.10195e-44
-1.54143e-44
2.38221e-44
1.26117e-44
-9.24857e-44
-9.52883e-44
1.93379e-43
3.33509e-43
-3.78351e-43
-1.05518e-42
5.36697e-43
3.0268e-42
-7.14662e-44
-8.02944e-42
-3.53688e-42
1.93912e-41
1.84901e-41
-4.15975e-41
-6.84744e-41
7.36396e-41
2.13971e-40
-8.01375e-41
-5.90538e-40
-1.04722e-40
1.44993e-39
1.04559e-39
-3.10234e-39
-4.35018e-39
5.37277e-39
1.39592e-38
-5.42384e-39
-3.8028e-38
-8.86172e-39
8.94445e-38
7.54319e-38
-1.76413e-37
-2.91546e-37
2.56393e-37
8.60672e-37
-8.53282e-38
-2.09306e-36
-1.18332e-36
4.12251e-36
5.90125e-36
-5.70687e-36
-1.96117e-35
1.02712e-36
5.32755e-35
2.55136e-35
-1.22678e-34
-9.73107e-35
2.2726e-34
1.91748e-34
-2.29187e-34
