ordre_2
-1.4013e-45
-2.8026e-45
-2.8026e-45
-1.4013e-45
0
1.4013e-45
-2.8026e-45
-1.26117e-44
-4.2039e-45
3.64338e-44
8.40779e-45
-1.33123e-43
-5.1848e-44
4.28797e-43
2.25609e-43
-1.37187e-42
-9.61291e-43
4.20109e-42
3.81854e-42
-1.23875e-41
-1.43969e-41
3.49764e-41
5.17934e-41
-9.38141e-41
-1.78692e-40
2.35052e-40
5.92236e-40
-5.32451e-40
-1.88655e-39
1.00457e-39
5.7704e-39
-1.11455e-39
-1.69021e-38
-2.34825e-39
4.71786e-38
2.29158e-38
-1.24441e-37
-1.09271e-37
3.05608e-37
4.19104e-37
-6.78997e-37
-1.4209e-36
1.27535e-36
4.3953e-36
-1.583e-36
-1.25349e-35
-1.30364e-36
3.29079e-35
1.8618e-35
-7.84625e-35
-8.66031e-35
1.64054e-34
3.07801e-34
-2.7257e-34
-9.38402e-34
2.16149e-34
2.53019e-33
8.05501e-34
-6.02215e-33
-5.38671e-33
1.22277e-32
2.05764e-32
-1.88186e-32
-6.25827e-32
9.64732e-33
1.61327e-31
7.49121e-32
-3.51276e-31
-4.04845e-31
6.01612e-31
1.37479e-30
-5.62718e-31
-3.69761e-30
-1.11933e-30
8.11971e-30
8.24266e-30
-1.3638e-29
-2.91237e-29
1.16147e-29
7.68873e-29
2.84935e-29
-1.58672e-28
-1.84346e-28
2.29868e-28
6.02727e-28
-7.09401e-29
-1.4467e-27
-9.44945e-28
2.55881e-27
4.07999e-27
-2.39789e-27
-1.08687e-26
-4.37717e-27
2.07491e-26
3.0703e-26
-2.54251e-26
-9.81467e-26
5.34497e-27
2.13137e-25
4.30807e-26
-2.30228e-25
