ordre_1
1.4013e-45
2.8026e-45
4.2039e-45
5.60519e-45
7.00649e-45
8.40779e-45
9.80909e-45
1.12104e-44
1.26117e-44
1.4013e-44
1.54143e-44
1.68156e-44
1.82169e-44
1.96182e-44
2.10195e-44
2.24208e-44
2.38221e-44
2.52234e-44
2.66247e-44
2.8026e-44
2.94273e-44
3.08286e-44
3.22299e-44
3.36312e-44
3.50325e-44
3.64338e-44
3.78351e-44
3.92364e-44
4.06377e-44
4.2039e-44
4.34403e-44
4.48416e-44
4.62428e-44
4.76441e-44
4.90454e-44
5.04467e-44
5.1848e-44
5.32493e-44
7.42688e-44
2.158e-43
1.08601e-42
6.27782e-42
3.63539e-41
2.05792e-40
1.13482e-39
6.09538e-39
3.19013e-38
1.62759e-37
8.09844e-37
3.93151e-36
1.86293e-35
8.6195e-35
3.89563e-34
1.72044e-33
7.4271e-33
3.13516e-32
1.2945e-31
5.22974e-31
2.06787e-30
8.00496e-30
3.03463e-29
1.12689e-28
4.10017e-28
1.46209e-27
5.11102e-27
1.75188e-26
5.88929e-26
1.94216e-25
6.28437e-25
1.99567e-24
6.22092e-24
1.90392e-23
5.72208e-23
1.68911e-22
4.89824e-22
1.39567e-21
3.90807e-21
1.07562e-20
2.91036e-20
7.74287e-20
2.02581e-19
5.21325e-19
1.31979e-18
3.28743e-18
8.05821e-18
1.9441e-17
4.61708e-17
1.07958e-16
2.48572e-16
5.63672e-16
1.25907e-15
2.77074e-15
6.00802e-15
1.2839e-14
2.70436e-14
5.61579e-14
1.14985e-13
2.32185e-13
4.62452e-13
9.08698e-13
1.76187e-12
