ordre_2
9.07733e-39
1.64625e-38
-8.0345e-38
-1.0169e-37
3.882e-37
4.7804e-37
-1.5452e-36
-2.01485e-36
5.52283e-36
7.97763e-36
-1.82633e-35
-3.01917e-35
5.6446e-35
1.09968e-34
-1.62861e-34
-3.86414e-34
4.33251e-34
1.31017e-33
-1.02901e-33
-4.28119e-33
1.99715e-33
1.34492e-32
-2.08844e-33
-4.04614e-32
-6.48665e-33
1.15878e-31
5.76577e-32
-3.12948e-31
-2.76852e-31
7.84313e-31
1.07912e-30
-1.76889e-30
-3.71576e-30
3.33754e-30
1.1628e-29
-3.99792e-30
-3.33397e-29
-4.61844e-30
8.71933e-29
5.45328e-29
-2.04096e-28
-2.47096e-28
4.07121e-28
8.59297e-28
-5.92079e-28
-2.54182e-27
9.24055e-29
6.53844e-27
3.57568e-27
-1.43868e-26
-1.76734e-26
2.50846e-26
5.9625e-26
-2.41222e-26
-1.62319e-25
-4.75844e-26
3.63653e-25
3.61838e-25
-6.28001e-25
-1.30699e-24
5.7311e-25
3.51752e-24
1.21029e-24
-7.38065e-24
-8.36595e-24
1.08393e-23
2.77388e-23
-3.37747e-24
-6.63523e-23
-4.53445e-23
1.14156e-22
1.9615e-22
-9.43917e-23
-5.18785e-22
-2.29859e-22
9.54141e-22
1.33616e-21
-9.24474e-22
-3.7437e-21
-1.34616e-21
6.89245e-21
9.22046e-21
-6.26492e-21
-2.55549e-20
-1.07917e-20
4.37195e-20
6.48381e-20
-2.82672e-20
-1.63623e-19
-1.03768e-19
2.37854e-19
4.47951e-19
-3.68848e-20
-9.11509e-19
-9.1377e-19
7.79317e-19
3.05639e-18
1.45768e-18
-5.96494e-18
-5.65304e-18
5.83895e-18
