ordre_2
5.82225e-41
-1.27173e-40
-5.24435e-40
7.28374e-40
2.62429e-39
-3.02169e-39
-1.10135e-38
1.06882e-38
4.22869e-38
-3.35753e-38
-1.53338e-37
9.3623e-38
5.32449e-37
-2.22162e-37
-1.78135e-36
3.78884e-37
5.75375e-36
2.96596e-38
-1.79322e-35
-4.31201e-36
5.37799e-35
2.69413e-35
-1.54424e-34
-1.23623e-34
4.20989e-34
4.90485e-34
-1.07418e-33
-1.76932e-33
2.49738e-33
5.92281e-33
-4.97855e-33
-1.85522e-32
6.94221e-33
5.44512e-32
2.54151e-33
-1.49086e-31
-6.98077e-32
3.7631e-31
3.55847e-31
-8.53618e-31
-1.35028e-30
1.63771e-30
4.37755e-30
-2.15902e-30
-1.25913e-29
-8.45026e-31
3.23032e-29
1.94932e-29
-7.254e-29
-9.02829e-29
1.33856e-28
3.06214e-28
-1.58526e-28
-8.6406e-28
-1.27196e-28
2.07252e-27
1.61222e-27
-4.08566e-27
-6.59408e-27
5.65988e-27
1.9797e-26
-3.41871e-28
-4.79258e-26
-3.24379e-26
9.15759e-26
1.42375e-25
-1.13714e-25
-4.1846e-25
-4.37934e-26
9.4343e-25
8.19066e-25
-1.55087e-24
-3.09345e-24
1.11505e-24
7.94563e-24
3.87827e-24
-1.47971e-23
-2.09396e-23
1.56812e-23
5.99449e-23
1.62702e-23
-1.18551e-22
-1.38896e-22
1.37586e-22
4.24754e-22
8.34321e-23
-8.42574e-22
-9.56422e-22
9.31616e-22
2.91991e-21
7.0728e-22
-5.43941e-21
-6.52673e-21
4.47782e-21
1.82219e-20
1.10647e-20
-3.18366e-20
-5.72151e-20
3.49349e-20
1.19175e-19
-1.88843e-20
