ordre_2
-1.4013e-45
-2.8026e-45
-2.8026e-45
-1.4013e-45
0
1.4013e-45
1.4013e-45
0
-1.4013e-45
-2.8026e-45
-2.8026e-45
-1.4013e-45
0
1.4013e-45
1.4013e-45
2.8026e-45
1.4013e-45
0
-1.4013e-45
-2.8026e-45
-4.2039e-45
-5.60519e-45
-5.60519e-45
-4.2039e-45
-4.2039e-45
-1.26117e-44
-1.4013e-44
4.2039e-45
2.10195e-44
-1.82169e-44
-6.5861e-44
3.64338e-44
2.07392e-43
-4.2039e-44
-6.0396e-43
-7.14662e-44
1.68997e-42
7.37083e-43
-4.54021e-42
-3.61675e-42
1.14472e-41
1.41391e-41
-2.66625e-41
-4.89964e-41
5.48664e-41
1.55616e-40
-8.85424e-41
-4.5921e-40
5.16771e-41
1.26191e-39
3.98231e-40
-3.21003e-39
-2.47998e-39
7.42747e-39
9.96595e-39
-1.499e-38
-3.33013e-38
2.33341e-38
9.83744e-38
-1.20736e-38
-2.61261e-37
-1.01999e-37
6.20198e-37
5.87336e-37
-1.27369e-36
-2.18464e-36
2.03963e-36
6.66158e-36
-1.40013e-36
-1.75463e-35
-6.61548e-36
3.99564e-35
4.00954e-35
-7.51195e-35
-1.44583e-34
9.64345e-35
4.14515e-34
2.4448e-35
-9.94311e-34
-7.00286e-34
1.95254e-33
2.98477e-33
-2.72745e-33
-9.02748e-33
4.90927e-34
2.18942e-32
1.35487e-32
-4.20002e-32
-6.02525e-32
5.26205e-32
1.7737e-31
2.13415e-32
-4.08627e-31
-4.01959e-31
7.49358e-31
1.57366e-30
-1.04287e-30
-4.14513e-30
9.70574e-31
7.13135e-30
-4.41585e-31
