ordre_1
5.59118e-43
6.85852e-41
4.17259e-39
1.67894e-37
5.0263e-36
1.19414e-34
2.3451e-33
3.91544e-32
5.67342e-31
7.24724e-30
8.263e-29
8.49345e-28
7.93589e-27
6.78702e-26
5.34432e-25
3.89438e-24
2.63775e-23
1.6671e-22
9.86534e-22
5.48292e-21
2.86981e-20
1.41812e-19
6.6308e-19
2.93971e-18
1.23807e-17
4.96182e-17
1.89535e-16
6.91097e-16
2.40877e-15
8.03579e-15
2.56907e-14
7.88038e-14
2.32183e-13
6.57796e-13
1.79384e-12
4.71354e-12
1.19457e-11
2.92286e-11
6.91123e-11
1.58081e-10
3.50118e-10
7.51612e-10
1.56555e-09
3.16738e-09
6.23115e-09
1.19336e-08
2.22753e-08
4.05757e-08
7.22194e-08
1.25765e-07
2.1457e-07
3.59149e-07
5.90563e-07
9.55264e-07
1.52197e-06
2.39132e-06
3.70943e-06
5.68659e-06
8.6229e-06
1.29431e-05
1.9243e-05
2.83514e-05
4.14107e-05
5.99806e-05
8.61716e-05
0.000122811
0.000173651
0.000243619
0.000339128
0.000468431
0.000642044
0.000873228
0.00117852
0.00157832
0.0020975
0.00276607
0.00361972
0.00470046
0.00605705
0.00774526
0.00982805
0.0123753
0.0154632
0.0191736
0.023592
0.0288061
0.0349032
0.0419668
0.0500734
0.0592884
0.0696617
0.0812234
0.0939791
0.107906
0.122948
0.139015
0.155979
0.173675
0.191899
0.210413
0.228949
