ordre_1
8.86154e-14
2.27214e-12
2.81829e-11
2.25527e-10
1.31075e-09
5.90938e-09
2.15748e-08
6.58312e-08
1.72226e-07
3.95152e-07
8.12334e-07
1.52807e-06
2.68462e-06
4.48873e-06
7.25556e-06
1.14675e-05
1.78474e-05
2.74516e-05
4.17953e-05
6.3022e-05
9.41307e-05
0.000139271
0.000204121
0.000296351
0.000426209
0.000607204
0.000856925
0.00119798
0.00165901
0.00227588
0.00309277
0.00416335
0.00555184
0.00733382
0.00959671
0.0124398
0.0159737
0.0203187
0.0256028
0.031958
0.0395159
0.0484022
0.05873
0.070592
0.084053
0.0991408
0.115839
0.134078
0.153731
0.17461
0.196463
0.218975
0.241774
0.264441
0.286517
0.307522
0.326967
0.344378
0.359311
0.371371
0.380233
0.385651
0.387474
0.385651
0.380233
0.371371
0.359311
0.344378
0.326967
0.307522
0.286517
0.264441
0.241774
0.218975
0.196463
0.17461
0.153731
0.134078
0.115839
0.0991408
0.084053
0.070592
0.05873
0.0484022
0.0395159
0.031958
0.0256028
0.0203187
0.0159737
0.0124398
0.00959671
0.00733382
0.00555184
0.00416335
0.00309277
0.00227588
0.00165901
0.00119797
0.000856924
0.000607203
0.000426209
