ordre_2
-1.4013e-45
-2.8026e-45
-2.8026e-45
-1.4013e-45
0
1.4013e-45
1.4013e-45
0
-1.4013e-45
-2.8026e-45
-2.8026e-45
-1.4013e-45
0
1.4013e-45
1.4013e-45
2.8026e-45
1.4013e-45
0
-1.4013e-45
-2.8026e-45
-4.2039e-45
-5.60519e-45
-5.60519e-45
-4.2039e-45
-2.8026e-45
-1.4013e-45
-1.4013e-45
-0
-0
-1.4013e-45
-2.8026e-45
-4.2039e-45
-5.60519e-45
-7.00649e-45
-7.00649e-45
-5.60519e-45
-4.2039e-45
-2.8026e-45
-1.4013e-45
-1.4013e-45
-2.8026e-45
-0
4.2039e-45
-1.4013e-45
-1.82169e-44
-1.82169e-44
1.26117e-44
1.54143e-44
-5.60519e-44
-8.26766e-44
1.10703e-43
2.66247e-43
-1.9478e-43
-8.07148e-43
1.68156e-43
2.21685e-42
5.01665e-43
-5.67806e-42
-3.86618e-42
1.32507e-41
1.62887e-41
-2.7188e-41
-5.55699e-41
4.41703e-41
1.66172e-40
-3.2108e-41
-4.4568e-40
-1.44435e-40
1.0703e-39
9.29818e-40
-2.23952e-39
-3.56689e-39
3.74215e-39
1.10713e-38
-3.25919e-39
-2.96317e-38
-8.79627e-39
6.88726e-38
6.2397e-38
-1.34209e-37
-2.35543e-37
1.90471e-37
6.97602e-37
-4.55658e-38
-1.73113e-36
-9.46069e-37
3.5536e-36
4.49663e-36
-5.36414e-36
-1.43469e-35
2.17172e-36
3.70818e-35
2.32739e-35
-8.10902e-35
-1.15326e-34
1.50706e-34
3.54135e-34
-2.33596e-34
-7.72967e-34
2.74358e-34
8.42725e-34
