ordre_2
-1.77287e-38
1.17484e-37
1.62853e-37
-6.8695e-37
-8.45579e-37
2.95647e-36
3.73195e-36
-1.10716e-35
-1.52055e-35
3.79018e-35
5.88036e-35
-1.20741e-34
-2.18185e-34
3.59214e-34
7.79891e-34
-9.90774e-34
-2.68827e-33
2.47704e-33
8.92975e-33
-5.29568e-33
-2.85276e-32
7.89281e-33
8.73556e-32
3.38754e-33
-2.55069e-31
-9.40189e-32
7.04423e-31
5.18798e-31
-1.8154e-30
-2.15203e-30
4.25965e-30
7.71147e-30
-8.62269e-30
-2.48967e-29
1.2745e-29
7.34267e-29
-7.56699e-31
-1.97708e-28
-9.32434e-29
4.79233e-28
4.88064e-28
-1.00692e-27
-1.80529e-27
1.64363e-27
5.56566e-27
-1.10334e-27
-1.48499e-26
-5.84474e-27
3.4066e-26
3.52787e-26
-6.34942e-26
-1.27507e-25
7.59482e-26
3.63084e-25
5.29473e-26
-8.49278e-25
-7.05349e-25
1.56157e-24
2.78635e-24
-1.74694e-24
-7.87864e-24
-1.63728e-24
1.73111e-23
1.68579e-23
-2.74413e-23
-6.02641e-23
1.6047e-23
1.50949e-22
8.46766e-23
-2.73893e-22
-4.16957e-22
2.68245e-22
1.1593e-21
3.9238e-22
-2.22985e-21
-2.81278e-21
2.40824e-21
8.29197e-21
2.25354e-21
-1.58714e-20
-1.9489e-20
1.58236e-20
5.64416e-20
2.00922e-20
-9.981e-20
-1.38849e-19
7.22189e-20
3.60087e-19
2.12085e-19
-5.31531e-19
-9.78078e-19
1.03311e-19
2.05986e-18
1.89635e-18
-1.89179e-18
-6.0586e-18
-3.4512e-18
1.0827e-17
1.73005e-17
-1.18758e-17
-2.33418e-17
