ordre_1
1.4013e-45
7.28675e-44
4.76862e-42
2.07787e-40
6.7396e-39
1.73582e-37
3.69772e-36
6.70103e-35
1.05454e-33
1.46391e-32
1.81499e-31
2.02997e-30
2.06512e-29
1.92421e-28
1.65183e-27
1.31308e-26
9.7084e-26
6.70221e-25
4.33502e-24
2.63508e-23
1.50945e-22
8.16846e-22
4.18533e-21
2.03459e-20
9.40142e-20
4.13644e-19
1.73567e-18
6.95592e-18
2.66615e-17
9.78617e-17
3.44399e-16
1.16339e-15
3.77631e-15
1.17905e-14
3.54437e-14
1.02683e-13
2.86944e-13
7.74142e-13
2.01807e-12
5.08758e-12
1.24138e-11
2.93412e-11
6.72341e-11
1.49487e-10
3.2277e-10
6.77384e-10
1.38299e-09
2.74945e-09
5.32762e-09
1.0072e-08
1.85969e-08
3.35719e-08
5.93205e-08
1.02712e-07
1.74476e-07
2.91109e-07
4.77633e-07
7.71529e-07
1.22833e-06
1.92951e-06
2.99347e-06
4.59081e-06
6.96526e-06
1.04621e-05
1.55663e-05
2.29533e-05
3.35554e-05
4.86484e-05
6.99614e-05
9.9817e-05
0.000141305
0.000198497
0.000276705
0.000382794
0.000525542
0.000716063
0.000968282
0.00129946
0.00173074
0.00228779
0.00300134
0.00390778
0.00504963
0.00647601
0.00824276
0.0104125
0.0130545
0.0162436
0.0200598
0.0245862
0.0299075
0.0361068
0.0432635
0.0514492
0.0607239
0.071132
0.0826981
0.0954227
0.109278
0.124206
0.140113
