ordre_2
-6.7953e-14
7.67679e-15
5.84371e-13
1.30284e-13
-2.60416e-12
-1.65034e-12
8.62928e-12
1.04572e-11
-2.08193e-11
-4.59386e-11
2.52303e-11
1.47111e-10
6.16153e-11
-3.1787e-10
-4.65499e-10
2.70583e-10
1.36827e-09
9.72306e-10
-1.78474e-09
-4.27911e-09
-1.96679e-09
5.77551e-09
1.19045e-08
6.59092e-09
-1.16363e-08
-2.97143e-08
-2.77067e-08
3.83163e-09
5.15974e-08
8.42294e-08
7.16919e-08
5.11832e-09
-9.67193e-08
-1.97155e-07
-2.59053e-07
-2.57999e-07
-1.84267e-07
-3.41197e-08
2.0462e-07
5.6826e-07
1.13321e-06
2.0349e-06
3.49463e-06
5.86024e-06
9.66744e-06
1.57298e-05
2.52669e-05
4.00825e-05
6.28076e-05
9.72248e-05
0.000148695
0.000224705
0.000335555
0.000495211
0.000722316
0.00104139
0.00148416
0.00209104
0.00291266
0.00401137
0.00546263
0.00735604
0.009796
0.0129015
0.0168053
0.0216515
0.0275925
0.0347841
0.0433787
0.0535181
0.0653245
0.0788898
0.0942662
0.111455
0.130399
0.150971
0.172973
0.19613
0.220094
0.244448
0.268717
0.292383
0.314897
0.335708
0.354279
0.370112
0.382771
0.391901
0.397246
0.398657
0.396104
0.389674
0.379569
0.366075
0.349644
0.330509
0.309987
0.28573
0.268417
0.223219
0.272634
