ordre_2
1.02352e-11
-2.20384e-11
-9.33429e-11
7.29741e-11
4.42866e-10
3.70943e-11
-1.44542e-09
-1.40902e-09
2.69316e-09
6.65718e-09
1.13003e-09
-1.42406e-08
-2.1806e-08
-1.18326e-09
4.2301e-08
7.03651e-08
4.08524e-08
-5.26075e-08
-1.68559e-07
-2.42496e-07
-2.22818e-07
-8.70805e-08
1.70509e-07
5.67764e-07
1.16313e-06
2.07842e-06
3.52122e-06
5.81717e-06
9.46156e-06
1.51977e-05
2.41297e-05
3.78791e-05
5.87981e-05
9.02545e-05
0.000137005
0.000205679
0.000305385
0.000448464
0.000651399
0.00093589
0.00133008
0.00186992
0.00260062
0.00357812
0.00487049
0.00655909
0.00873944
0.0115214
0.0150288
0.0193979
0.0247746
0.0313108
0.0391589
0.0484648
0.0593601
0.0719527
0.0863165
0.102482
0.120425
0.14006
0.16123
0.183708
0.207189
0.231299
0.255597
0.279591
0.302751
0.324528
0.344373
0.361766
0.376231
0.387363
0.394845
0.398463
0.398116
0.393821
0.385712
0.374032
0.359124
0.34141
0.321375
0.299541
0.27645
0.252639
0.228619
0.204861
0.181781
0.159729
0.138987
0.119762
0.102196
0.0863601
0.072272
0.0598971
0.0491625
0.0399595
0.0321791
0.0256121
0.0204011
0.0152404
0.0146506
