ordre_2
-3.01143e-28
3.95729e-29
2.67659e-27
-1.64269e-29
-1.30304e-26
-1.49749e-27
5.23598e-26
1.40664e-26
-1.88893e-25
-8.70735e-26
6.28766e-25
4.39652e-25
-1.94472e-24
-1.94261e-24
5.56023e-24
7.75107e-24
-1.44281e-23
-2.83528e-23
3.25034e-23
9.56623e-23
-5.58122e-23
-2.97572e-22
2.81176e-23
8.47242e-22
3.22031e-22
-2.17007e-21
-1.97599e-21
4.81191e-21
7.87807e-21
-8.3303e-21
-2.54366e-20
6.58992e-21
6.9505e-20
2.66077e-20
-1.58845e-19
-1.71237e-19
2.79899e-19
6.15766e-19
-2.50308e-19
-1.67577e-18
-6.33917e-19
3.52561e-18
4.21537e-18
-4.98011e-18
-1.38208e-17
2.47838e-19
3.19457e-17
2.64829e-17
-4.94085e-17
-1.02748e-16
1.83638e-17
2.43677e-16
1.84331e-16
-3.57632e-16
-7.38222e-16
5.3568e-17
1.62274e-15
1.50101e-15
-1.88538e-15
-5.05059e-15
-1.34883e-15
8.92732e-15
1.2256e-14
-4.7825e-15
-2.97776e-14
-2.34682e-14
3.24449e-14
8.2782e-14
3.20016e-14
-1.22539e-13
-2.0533e-13
-1.11819e-14
3.73968e-13
4.75503e-13
-1.10889e-13
-1.01503e-12
-1.07072e-12
4.87403e-13
2.55611e-12
2.43423e-12
-1.36278e-12
-6.09254e-12
-5.72936e-12
2.88462e-12
1.37988e-11
1.39634e-11
-4.14975e-12
-2.93374e-11
-3.43328e-11
2.37216e-16
5.66784e-11
8.17106e-11
2.69559e-11
-9.16144e-11
-1.81088e-10
-1.19924e-10
1.03319e-10
3.20457e-10
4.19496e-10
-1.06984e-12
-6.92459e-10
