ordre_2
-7.13261e-43
1.55684e-42
6.41514e-42
-8.93328e-42
-3.20925e-41
3.72437e-41
1.34707e-40
-1.32807e-40
-5.17549e-40
4.22646e-40
1.8793e-39
-1.20474e-39
-6.54165e-39
2.98373e-39
2.19704e-38
-5.7262e-39
-7.13707e-38
3.78409e-39
2.24244e-37
3.81108e-38
-6.80121e-37
-2.81778e-37
1.98338e-36
1.36998e-36
-5.52515e-36
-5.62698e-36
1.45458e-35
2.08628e-35
-3.55108e-35
-7.1668e-35
7.7371e-35
2.30699e-34
-1.36073e-34
-6.98547e-34
1.15873e-34
1.98672e-33
4.71904e-34
-5.27037e-33
-3.49832e-33
1.28426e-32
1.51065e-32
-2.78183e-32
-5.32482e-32
4.92574e-32
1.64887e-31
-4.96498e-32
-4.58157e-31
-1.02574e-31
1.13997e-30
8.66278e-31
-2.47618e-30
-3.57613e-30
4.34291e-30
1.15524e-29
-4.36418e-30
-3.16761e-29
-7.83712e-30
7.44315e-29
6.50459e-29
-1.43936e-28
-2.5115e-28
1.92675e-28
7.38918e-28
1.74675e-29
-1.77873e-27
-1.24541e-27
3.41877e-27
5.35348e-27
-4.37445e-27
-1.58119e-26
-1.08203e-27
3.63833e-26
2.94372e-26
-6.27791e-26
-1.15863e-25
5.63303e-26
3.10319e-25
1.14127e-25
-6.17911e-25
-7.5435e-25
7.88157e-25
2.34377e-24
1.68868e-25
-5.08932e-24
-4.68131e-24
7.26873e-24
1.66644e-23
-1.52531e-24
-3.80706e-23
-2.97809e-23
5.60791e-23
1.11886e-22
-1.40356e-23
-2.46043e-22
-2.3012e-22
3.27535e-22
9.06662e-22
-8.5684e-23
-2.07721e-21
-5.52139e-22
2.27386e-21
