ordre_2
-3.19693e-18
2.1442e-17
3.07601e-17
-1.17959e-16
-1.7056e-16
4.50743e-16
7.91042e-16
-1.36599e-15
-3.23507e-15
3.16492e-15
1.1718e-14
-3.98837e-15
-3.7112e-14
-9.37837e-15
9.95387e-14
8.94215e-14
-2.09036e-13
-3.84737e-13
2.55846e-13
1.17594e-12
3.16996e-13
-2.60431e-12
-3.046e-12
3.35397e-12
1.02001e-11
2.33237e-12
-2.03945e-11
-2.62746e-11
1.58365e-11
7.3023e-11
4.95284e-11
-9.19788e-11
-2.09025e-10
-7.27118e-11
3.16038e-10
5.42552e-10
1.12977e-10
-8.54179e-10
-1.36852e-09
-3.69822e-10
1.88935e-09
3.36953e-09
1.73135e-09
-3.06605e-09
-7.53617e-09
-6.70464e-09
1.48216e-09
1.29369e-08
1.87952e-08
1.14007e-08
-9.03813e-09
-3.22987e-08
-4.28922e-08
-2.92708e-08
8.20293e-09
5.55929e-08
9.11679e-08
9.53454e-08
5.94421e-08
-1.0939e-08
-9.8798e-08
-1.82655e-07
-2.43816e-07
-2.70915e-07
-2.604e-07
-2.13373e-07
-1.30032e-07
-2.76431e-09
1.91869e-07
5.03257e-07
1.02131e-06
1.89917e-06
3.38885e-06
5.89579e-06
1.00597e-05
1.68716e-05
2.78414e-05
4.52316e-05
7.23782e-05
0.000114117
0.000177341
0.000271708
0.000410523
0.000611808
0.000899579
0.00130525
0.00186932
0.00264269
0.00368932
0.00508473
0.00692572
0.00930666
0.0123881
0.0162035
0.0211891
0.0267217
0.0350679
0.0407683
0.0587938
0.0505496
0.116166
