ordre_1
1.4013e-45
2.8026e-45
4.2039e-45
5.60519e-45
7.00649e-45
8.40779e-45
9.80909e-45
1.12104e-44
1.26117e-44
1.4013e-44
1.54143e-44
1.68156e-44
1.82169e-44
1.96182e-44
2.10195e-44
2.24208e-44
2.38221e-44
2.52234e-44
2.66247e-44
2.8026e-44
2.94273e-44
3.08286e-44
3.22299e-44
3.36312e-44
3.50325e-44
3.64338e-44
3.78351e-44
3.92364e-44
4.06377e-44
4.2039e-44
4.34403e-44
4.48416e-44
4.62428e-44
4.76441e-44
4.90454e-44
5.04467e-44
5.1848e-44
5.32493e-44
5.46506e-44
5.60519e-44
5.74532e-44
5.88545e-44
6.02558e-44
6.16571e-44
6.30584e-44
6.44597e-44
6.5861e-44
6.72623e-44
6.86636e-44
7.00649e-44
7.14662e-44
7.28675e-44
7.42688e-44
7.56701e-44
7.70714e-44
7.84727e-44
7.9874e-44
8.12753e-44
8.26766e-44
8.40779e-44
8.54792e-44
8.68805e-44
9.10844e-44
1.17709e-43
2.56438e-43
8.96831e-43
3.81013e-42
1.68016e-41
7.36536e-41
3.17999e-40
1.34979e-39
5.63115e-39
2.30921e-38
9.30967e-38
3.69051e-37
1.43879e-36
5.51743e-36
2.08153e-35
7.72685e-35
2.82271e-34
1.01494e-33
3.59245e-33
1.25193e-32
4.29609e-32
1.45187e-31
4.8329e-31
1.58477e-30
5.11994e-30
1.62988e-29
5.11323e-29
1.58101e-28
4.81871e-28
1.44787e-27
4.28929e-27
1.25299e-26
3.60961e-26
1.02559e-25
2.87435e-25
7.94692e-25
2.16769e-24
5.83421e-24
