ordre_2
-1.4013e-45
-2.8026e-45
-2.8026e-45
-1.4013e-45
0
1.4013e-45
1.4013e-45
0
-1.4013e-45
-2.8026e-45
-2.8026e-45
-1.4013e-45
0
1.4013e-45
1.4013e-45
2.8026e-45
1.4013e-45
0
-1.4013e-45
-2.8026e-45
-4.2039e-45
-5.60519e-45
-7.00649e-45
-5.60519e-45
9.80909e-45
1.68156e-44
-1.96182e-44
-4.34403e-44
4.48416e-44
1.4013e-43
-9.52883e-44
-4.41409e-43
1.38729e-43
1.30181e-42
-1.12104e-44
-3.72605e-42
-1.16168e-42
1.01692e-41
6.68139e-42
-2.62575e-41
-2.79195e-41
6.3036e-41
1.00552e-40
-1.36268e-40
-3.28759e-40
2.44381e-40
9.94318e-40
-2.58711e-40
-2.79822e-39
-4.87161e-40
7.30398e-39
4.50984e-39
-1.74497e-38
-1.99069e-38
3.69509e-38
6.98345e-38
-6.36451e-38
-2.13598e-37
6.05234e-38
5.85066e-37
1.40957e-37
-1.43587e-36
-1.11434e-36
3.08403e-36
4.50513e-36
-5.37806e-36
-1.43926e-35
5.49346e-36
3.93343e-35
8.91015e-36
-9.30771e-35
-7.72427e-35
1.84749e-34
3.02977e-34
-2.69602e-34
-9.11125e-34
8.78773e-35
2.27629e-33
1.25093e-33
-4.69499e-33
-6.1225e-33
7.22204e-33
1.96161e-32
-4.01726e-33
-4.97379e-32
-2.43207e-32
1.00912e-31
1.25859e-31
-1.4457e-31
-3.90578e-31
3.07732e-32
9.23332e-31
7.16973e-31
-1.6867e-30
-3.24429e-30
2.13599e-30
9.49881e-30
-9.90749e-31
-2.00971e-29
-2.07131e-30
2.15623e-29
