ordre_2
2.13245e-22
-4.64497e-22
-1.92331e-21
2.48341e-21
9.61245e-21
-8.98505e-21
-3.99074e-20
2.44676e-20
1.48756e-19
-4.19938e-20
-5.08269e-19
-3.51987e-20
1.59209e-18
7.28444e-19
-4.51153e-18
-4.1498e-18
1.12063e-17
1.73928e-17
-2.25863e-17
-6.04746e-17
2.74853e-17
1.79099e-16
3.70886e-17
-4.45446e-16
-3.90897e-16
8.68178e-16
1.60018e-15
-9.86867e-16
-4.67544e-15
-1.24431e-15
1.02094e-14
1.13514e-14
-1.42959e-14
-3.86569e-14
-1.69872e-15
8.58114e-14
8.38256e-14
-1.09562e-13
-2.89901e-13
-5.22383e-14
5.65844e-13
6.97546e-13
-4.43186e-13
-1.91847e-12
-1.20344e-12
2.5279e-12
5.28356e-12
1.12881e-12
-8.99454e-12
-1.29585e-11
1.41874e-12
2.62601e-11
3.03267e-11
-9.9236e-12
-6.83424e-11
-7.17359e-11
2.68932e-11
1.63366e-10
1.76368e-10
-3.86514e-11
-3.56659e-10
-4.41797e-10
-3.80756e-11
6.77572e-10
1.0626e-09
4.87054e-10
-9.70457e-10
-2.25719e-09
-1.9648e-09
4.36616e-10
3.71069e-09
5.26455e-09
2.91957e-09
-3.06857e-09
-9.35589e-09
-1.11169e-08
-5.23304e-09
6.94061e-09
1.92842e-08
2.37465e-08
1.4967e-08
-5.9465e-09
-3.0796e-08
-4.75136e-08
-4.56563e-08
-2.16846e-08
1.89545e-08
6.30368e-08
9.50955e-08
1.0154e-07
7.79159e-08
2.48962e-08
-4.33989e-08
-1.20522e-07
-1.81161e-07
-2.35951e-07
-2.47462e-07
-2.66854e-07
-2.22547e-07
-2.18806e-07
-1.63658e-07
