ordre_1
1.2593e-27
9.02169e-26
3.18918e-24
7.41635e-23
1.27622e-21
1.73328e-20
1.93511e-19
1.82655e-18
1.48787e-17
1.06247e-16
6.73377e-16
3.82598e-15
1.96503e-14
9.187e-14
3.9333e-13
1.55018e-12
5.64997e-12
1.91223e-11
6.03241e-11
1.77992e-10
4.92805e-10
1.28429e-09
3.15985e-09
7.36168e-09
1.62889e-08
3.43344e-08
6.916e-08
1.33561e-07
2.48126e-07
4.44988e-07
7.73144e-07
1.30605e-06
2.1526e-06
3.47297e-06
5.50134e-06
8.57809e-06
1.31945e-05
2.00538e-05
3.01535e-05
4.48935e-05
6.62187e-05
9.6801e-05
0.000140271
0.000201511
0.000287007
0.000405289
0.000567443
0.000787714
0.00108419
0.00147956
0.00200194
0.00268574
0.00357248
0.00471161
0.00616119
0.00798831
0.0102693
0.0130895
0.0165426
0.0207292
0.0257549
0.0317274
0.0387534
0.0469336
0.0563584
0.0671017
0.0792154
0.092723
0.107614
0.123836
0.141297
0.159853
0.179312
0.199436
0.219938
0.240492
0.260739
0.280295
0.298764
0.315752
0.330879
0.343793
0.354184
0.361798
0.366445
0.368008
0.366445
0.361798
0.354184
0.343793
0.330879
0.315752
0.298764
0.280295
0.260739
0.240492
0.219938
0.199436
0.179312
0.159853
0.141297
