ordre_1
2.21538e-14
6.12343e-13
8.20396e-12
7.10412e-11
4.47496e-10
2.1891e-09
8.67607e-09
2.87225e-08
8.13657e-08
2.01358e-07
4.43716e-07
8.86973e-07
1.63828e-06
2.84651e-06
4.72941e-06
7.61684e-06
1.20095e-05
1.86535e-05
2.86365e-05
4.3516e-05
6.54925e-05
9.76387e-05
0.000144199
0.000210966
0.000305758
0.000438993
0.000624385
0.000879757
0.00122797
0.00169797
0.00232589
0.00315619
0.00424283
0.00565021
0.00745405
0.00974176
0.0126125
0.0161765
0.0205535
0.0258706
0.0322587
0.039848
0.0487626
0.0591135
0.0709917
0.0844597
0.0995433
0.116224
0.134431
0.154038
0.174854
0.196628
0.219047
0.241741
0.264293
0.286249
0.307132
0.326458
0.343758
0.358593
0.370571
0.379372
0.384752
0.386562
0.384752
0.379372
0.370571
0.358592
0.343758
0.326458
0.307132
0.286249
0.264293
0.241741
0.219047
0.196628
0.174854
0.154038
0.134431
0.116224
0.0995433
0.0844597
0.0709917
0.0591135
0.0487626
0.039848
0.0322587
0.0258706
0.0205535
0.0161765
0.0126125
0.00974176
0.00745405
0.00565021
0.00424283
0.00315619
0.00232588
0.00169797
0.00122797
0.000879756
0.000624385
