ordre_1
1.4013e-45
2.8026e-45
4.2039e-45
5.60519e-45
7.00649e-45
8.40779e-45
9.80909e-45
1.12104e-44
1.26117e-44
1.4013e-44
1.54143e-44
1.68156e-44
1.82169e-44
1.96182e-44
2.10195e-44
2.24208e-44
2.38221e-44
2.52234e-44
2.66247e-44
2.8026e-44
2.94273e-44
3.08286e-44
3.22299e-44
3.36312e-44
3.50325e-44
3.64338e-44
3.78351e-44
3.92364e-44
4.06377e-44
4.2039e-44
4.34403e-44
4.48416e-44
4.62428e-44
4.76441e-44
4.90454e-44
5.04467e-44
5.1848e-44
5.32493e-44
5.46506e-44
5.60519e-44
5.74532e-44
5.88545e-44
6.02558e-44
6.16571e-44
6.30584e-44
6.44597e-44
6.5861e-44
6.72623e-44
6.86636e-44
7.00649e-44
7.14662e-44
7.28675e-44
8.26766e-44
1.5134e-43
5.00264e-43
2.2701e-42
1.10156e-41
5.32746e-41
2.53227e-40
1.17994e-39
5.38832e-39
2.41189e-38
1.05847e-37
4.55536e-37
1.92307e-36
7.96526e-36
3.23769e-35
1.29181e-34
5.06037e-34
1.94661e-33
7.35486e-33
2.72996e-32
9.95651e-32
3.56868e-31
1.2573e-30
4.35486e-30
1.48317e-29
4.96777e-29
1.63666e-28
5.30454e-28
1.69161e-27
5.30863e-27
1.63967e-26
4.98528e-26
1.49225e-25
4.39819e-25
1.27657e-24
3.64936e-24
1.02765e-23
2.85092e-23
7.79282e-23
2.09907e-22
5.57235e-22
1.45808e-21
3.76104e-21
9.56468e-21
2.3984e-20
5.93079e-20
1.44642e-19
3.47949e-19
8.25713e-19
