ordre_2
-1.84699e-31
-3.34598e-31
1.6258e-30
2.08597e-30
-7.76351e-30
-9.92353e-30
3.03048e-29
4.22821e-29
-1.0512e-28
-1.68468e-28
3.32357e-28
6.3686e-28
-9.59668e-28
-2.29467e-27
2.48576e-27
7.88278e-27
-5.46645e-27
-2.5762e-26
8.38266e-27
7.9745e-26
2.92877e-27
-2.32085e-25
-9.62838e-26
6.27288e-25
5.29961e-25
-1.54005e-24
-2.15459e-24
3.2786e-24
7.44576e-24
-5.30787e-24
-2.27303e-23
2.52037e-24
6.16753e-23
2.68604e-23
-1.46267e-22
-1.53383e-22
2.86792e-22
5.64499e-22
-3.80861e-22
-1.66237e-21
-1.16161e-22
4.0545e-21
3.00783e-21
-7.87516e-21
-1.28232e-20
9.89749e-21
3.79705e-20
4.49001e-21
-8.65443e-20
-7.69185e-20
1.42231e-19
2.914e-19
-9.29098e-20
-7.43695e-19
-4.08053e-19
1.33612e-18
2.06429e-18
-1.18147e-18
-5.62181e-18
-2.44412e-18
1.00774e-17
1.46162e-17
-8.09296e-18
-3.90457e-17
-2.02552e-17
6.30213e-17
1.04758e-16
-2.72916e-17
-2.45312e-16
-1.94448e-16
3.02235e-16
7.12831e-16
1.42347e-16
-1.28264e-15
-1.67341e-15
7.17869e-16
4.09932e-15
3.17479e-15
-4.40686e-15
-1.11823e-14
-4.41008e-15
1.62575e-14
2.75068e-14
1.95791e-15
-4.92793e-14
-6.33036e-14
1.39643e-14
1.33852e-13
1.40925e-13
-6.6578e-14
-3.38101e-13
-3.14077e-13
1.98296e-13
8.23709e-13
7.04259e-13
-4.90871e-13
-1.78703e-12
-1.90941e-12
9.30029e-13
5.3076e-12
1.25635e-12
