ordre_1
1.4013e-45
2.8026e-45
4.2039e-45
5.60519e-45
7.00649e-45
8.40779e-45
9.80909e-45
1.12104e-44
1.26117e-44
1.4013e-44
1.54143e-44
1.68156e-44
1.82169e-44
1.96182e-44
2.10195e-44
2.24208e-44
2.38221e-44
2.52234e-44
2.66247e-44
2.8026e-44
2.94273e-44
3.08286e-44
3.22299e-44
3.36312e-44
3.50325e-44
3.64338e-44
3.78351e-44
3.92364e-44
4.06377e-44
4.2039e-44
4.34403e-44
4.48416e-44
4.62428e-44
4.76441e-44
4.90454e-44
5.04467e-44
5.1848e-44
5.32493e-44
5.46506e-44
5.60519e-44
5.74532e-44
6.16571e-44
1.079e-43
3.89561e-43
2.01367e-42
1.11263e-41
6.08934e-41
3.25925e-40
1.70247e-39
8.67879e-39
4.31919e-38
2.09928e-37
9.96841e-37
4.62621e-36
2.09903e-35
9.31428e-35
4.04351e-34
1.71783e-33
7.14404e-33
2.90921e-32
1.16037e-31
4.53441e-31
1.73646e-30
6.51836e-30
2.39909e-29
8.65948e-29
3.06602e-28
1.06511e-27
3.63111e-27
1.21509e-26
3.99195e-26
1.28784e-25
4.08053e-25
1.2701e-24
3.88421e-24
1.16732e-23
3.44811e-23
1.00126e-22
2.85867e-22
8.02606e-22
2.21634e-21
6.0205e-21
1.60902e-20
4.23149e-20
1.0952e-19
2.79014e-19
6.99775e-19
1.72805e-18
4.20228e-18
1.00649e-17
2.37459e-17
5.51939e-17
1.2641e-16
2.85312e-16
6.34707e-16
1.39189e-15
3.00943e-15
6.41612e-15
1.34908e-14
2.798e-14
5.72495e-14
