ordre_2
-1.16936e-33
1.55452e-34
1.0422e-32
-2.61697e-34
-5.10513e-32
-3.6515e-33
2.07389e-31
3.99394e-32
-7.61546e-31
-2.6097e-31
2.60556e-30
1.3693e-30
-8.40164e-30
-6.28276e-30
2.55848e-29
2.6166e-29
-7.32225e-29
-1.00819e-28
1.94394e-28
3.63024e-28
-4.65493e-28
-1.22729e-27
9.39366e-28
3.89823e-27
-1.24579e-27
-1.15965e-26
-1.13098e-27
3.20532e-26
1.68943e-26
-8.10219e-26
-8.32607e-26
1.81258e-25
3.12435e-25
-3.30725e-25
-1.00047e-24
3.50558e-25
2.81498e-24
6.33985e-25
-6.93497e-24
-5.62729e-24
1.44133e-23
2.29715e-23
-2.22437e-23
-7.15656e-23
9.57258e-24
1.83441e-22
9.86224e-23
-3.81608e-22
-5.03401e-22
5.67406e-22
1.61461e-21
-1.77551e-22
-3.96018e-21
-2.56347e-21
7.3163e-21
1.16568e-20
-7.73401e-21
-3.30217e-20
-9.17008e-21
6.75192e-20
7.72584e-20
-8.61298e-20
-2.46736e-19
-2.40065e-20
5.23539e-19
5.21699e-19
-6.69078e-19
-1.74665e-18
-1.81921e-19
3.57416e-18
3.79461e-18
-3.91602e-18
-1.18177e-17
-3.4589e-18
2.11648e-17
2.85246e-17
-1.44764e-17
-7.33286e-17
-4.69693e-17
9.89307e-17
1.99792e-16
1.68554e-17
-3.79079e-16
-4.49048e-16
2.48043e-16
1.15557e-15
8.21665e-16
-1.29824e-15
-3.06679e-15
-1.08484e-15
4.54772e-15
7.47742e-15
2.67519e-16
-1.3692e-14
-1.64198e-14
3.85442e-15
3.45538e-14
4.37063e-14
-2.43554e-14
-1.12151e-13
-8.85809e-15
