ordre_2
-7.23947e-34
4.80205e-33
6.67599e-33
-2.79385e-32
-3.48907e-32
1.19163e-31
1.55091e-31
-4.39981e-31
-6.35436e-31
1.47459e-30
2.46271e-30
-4.55176e-30
-9.11247e-30
1.29096e-29
3.22831e-29
-3.29732e-29
-1.09482e-28
7.16618e-29
3.54649e-28
-1.08347e-28
-1.09292e-27
-4.34598e-29
3.18318e-27
1.27551e-27
-8.66893e-27
-7.00868e-27
2.16662e-26
2.86799e-26
-4.78764e-26
-1.00418e-25
8.50407e-26
3.13051e-25
-7.73681e-26
-8.77134e-25
-2.43929e-25
2.18827e-24
1.82015e-24
-4.69489e-24
-7.36655e-24
7.80319e-24
2.34311e-23
-5.61944e-24
-6.25326e-23
-2.53773e-23
1.39276e-22
1.54184e-22
-2.39058e-22
-5.39499e-22
2.05496e-22
1.44643e-21
5.48032e-22
-3.04476e-21
-3.56356e-21
4.46983e-21
1.17722e-20
-1.19953e-21
-2.81594e-20
-1.99174e-20
4.80311e-20
8.50413e-20
-3.68618e-20
-2.22216e-19
-1.09965e-19
3.96248e-19
5.94323e-19
-3.33323e-19
-1.59835e-18
-7.53645e-19
2.73649e-18
4.20182e-18
-1.79939e-18
-1.06316e-17
-6.63621e-18
1.56498e-17
2.94855e-17
-2.45114e-18
-6.30954e-17
-6.03578e-17
6.49499e-17
1.90594e-16
7.33326e-17
-3.01236e-16
-4.7403e-16
7.21487e-17
1.0101e-15
9.93864e-16
-8.32995e-16
-2.86821e-15
-1.71209e-15
3.45705e-15
7.32502e-15
2.20814e-15
-1.12438e-14
-1.7429e-14
-1.3124e-16
2.99123e-14
4.06572e-14
-1.21427e-15
-9.85069e-14
-8.13218e-14
9.84009e-14
