ordre_1
3.50325e-44
4.4253e-42
2.78142e-40
1.15624e-38
3.57699e-37
8.78396e-36
1.7835e-34
3.07947e-33
4.6157e-32
6.10064e-31
7.19887e-30
7.66036e-29
7.41163e-28
6.56548e-27
5.3563e-26
4.04495e-25
2.84007e-24
1.8612e-23
1.14235e-22
6.5867e-22
3.57764e-21
1.83509e-20
8.90897e-20
4.10199e-19
1.79462e-18
7.47333e-18
2.96696e-17
1.12463e-16
4.07576e-16
1.41408e-15
4.70252e-15
1.50067e-14
4.60058e-14
1.35634e-13
3.84939e-13
1.0527e-12
2.77664e-12
7.07037e-12
1.73968e-11
4.13999e-11
9.53736e-11
2.12891e-10
4.60884e-10
9.68613e-10
1.97816e-09
3.92976e-09
7.60197e-09
1.43357e-08
2.63837e-08
4.74458e-08
8.34703e-08
1.43842e-07
2.43116e-07
4.03529e-07
6.58598e-07
1.05826e-06
1.67613e-06
2.61971e-06
4.04457e-06
6.17395e-06
9.32553e-06
1.39475e-05
2.06668e-05
3.03529e-05
4.42004e-05
6.38359e-05
9.14536e-05
0.000129985
0.000183308
0.000256505
0.000356167
0.000490758
0.000671034
0.000910523
0.00122605
0.00163833
0.00217255
0.002859
0.00373369
0.00483882
0.00622331
0.00794298
0.0100607
0.012646
0.0157747
0.0195277
0.0239898
0.0292473
0.035386
0.0424876
0.0506266
0.0598663
0.0702544
0.0818186
0.0945626
0.108461
0.123458
0.139461
0.156343
0.173937
0.192042
