ordre_2
-7.47458e-15
-1.33846e-14
6.19225e-14
9.12236e-14
-2.55904e-13
-4.65724e-13
7.45816e-13
1.97463e-12
-1.35238e-12
-6.94453e-12
-5.35854e-13
1.94626e-11
1.62909e-11
-3.8591e-11
-7.52961e-11
2.77924e-11
2.09448e-10
1.45748e-10
-3.26438e-10
-6.85112e-10
-7.72929e-11
1.35782e-09
1.83992e-09
-3.72059e-10
-4.10015e-09
-4.89621e-09
7.4587e-10
9.99763e-09
1.36065e-08
3.53582e-09
-1.74861e-08
-3.41253e-08
-2.82799e-08
5.9366e-09
5.40821e-08
8.7365e-08
7.91247e-08
2.06278e-08
-7.37301e-08
-1.73717e-07
-2.46969e-07
-2.704e-07
-2.33612e-07
-1.33828e-07
3.46576e-08
2.93138e-07
6.91969e-07
1.32623e-06
2.35713e-06
4.04422e-06
6.79433e-06
1.12346e-05
1.83179e-05
2.94723e-05
4.68078e-05
7.33957e-05
0.000113642
0.000173771
0.000262446
0.00039154
0.000577083
0.000840377
0.00120928
0.00171964
0.00241684
0.00335734
0.00461019
0.00625827
0.00839916
0.0111454
0.0146241
0.0189751
0.0243484
0.0309
0.0387859
0.0481554
0.0591422
0.0718548
0.0863663
0.102704
0.120839
0.140678
0.162056
0.184733
0.208395
0.232654
0.257059
0.281109
0.304266
0.325976
0.345694
0.362896
0.377129
0.387947
0.395225
0.398155
0.398702
0.390064
0.394974
0.339764
0.464434
