ordre_2
-1.4013e-45
-2.8026e-45
-2.8026e-45
-1.4013e-45
0
1.4013e-45
1.4013e-45
0
-1.4013e-45
-2.8026e-45
-2.8026e-45
-1.4013e-45
0
1.4013e-45
1.4013e-45
2.8026e-45
1.4013e-45
0
-1.4013e-45
-2.8026e-45
-4.2039e-45
-5.60519e-45
-5.60519e-45
-4.2039e-45
-2.8026e-45
-1.4013e-45
-1.4013e-45
-0
-0
-1.4013e-45
-2.8026e-45
-4.2039e-45
-5.60519e-45
-7.00649e-45
-7.00649e-45
-5.60519e-45
-4.2039e-45
-2.8026e-45
-1.4013e-45
-1.4013e-45
-2.8026e-45
-4.2039e-45
-5.60519e-45
-7.00649e-45
-7.00649e-45
-8.40779e-45
-9.80909e-45
-1.12104e-44
-1.26117e-44
-1.4013e-44
-1.4013e-44
-1.4013e-44
-1.26117e-44
-1.12104e-44
-9.80909e-45
-8.40779e-45
-8.40779e-45
-7.00649e-45
-5.60519e-45
-4.2039e-45
-2.8026e-45
-2.8026e-45
-4.2039e-45
-5.60519e-45
-7.00649e-45
-8.40779e-45
-5.60519e-45
4.2039e-45
5.60519e-45
-1.26117e-44
-2.94273e-44
-4.2039e-45
4.2039e-44
-1.4013e-44
-1.62551e-43
-9.52883e-44
3.32108e-43
3.89561e-43
-6.64215e-43
-1.36346e-42
9.45876e-43
3.94466e-42
-2.63444e-43
-9.98705e-42
-4.8597e-42
2.16557e-41
2.44274e-41
-3.75184e-41
-8.39238e-41
3.60988e-41
2.39618e-40
7.12462e-41
-6.00231e-40
-5.46883e-40
1.34095e-39
1.97375e-39
-2.65544e-39
-5.10322e-39
4.39939e-39
8.75213e-39
-4.17062e-39
