ordre_1
3.62969e-10
4.95107e-09
3.20684e-08
1.32313e-07
3.95635e-07
9.31234e-07
1.84415e-06
3.25812e-06
5.38976e-06
8.62505e-06
1.35716e-05
2.11173e-05
3.25347e-05
4.96396e-05
7.50047e-05
0.000112235
0.00016632
0.000244086
0.000354747
0.000510594
0.000727799
0.00102737
0.00143623
0.00198839
0.00272622
0.00370168
0.00497759
0.00662858
0.00874185
0.0114174
0.0147677
0.0189165
0.0239967
0.030147
0.0375075
0.0462142
0.0563916
0.0681454
0.0815533
0.0966562
0.113449
0.131873
0.151807
0.173066
0.195396
0.218476
0.241921
0.265294
0.288115
0.309876
0.33006
0.348162
0.363709
0.37628
0.385524
0.391179
0.393083
0.391179
0.385524
0.37628
0.363709
0.348162
0.33006
0.309876
0.288115
0.265294
0.241921
0.218476
0.195396
0.173066
0.151807
0.131873
0.113449
0.0966561
0.0815533
0.0681454
0.0563916
0.0462142
0.0375075
0.030147
0.0239967
0.0189165
0.0147677
0.0114174
0.00874185
0.00662858
0.00497759
0.00370168
0.00272622
0.00198839
0.00143623
0.00102737
0.000727799
0.000510593
0.000354747
0.000244085
0.00016632
0.000112235
7.50046e-05
4.96396e-05
3.25347e-05
