ordre_2
-3.97139e-18
-7.14934e-18
3.38468e-17
4.6858e-17
-1.50217e-16
-2.3422e-16
5.12352e-16
1.01826e-15
-1.39293e-15
-3.933e-15
2.69682e-15
1.34387e-14
-1.12919e-15
-3.98449e-14
-2.02845e-14
9.80716e-14
1.19868e-13
-1.77618e-13
-4.41784e-13
1.16802e-13
1.1996e-12
7.07065e-13
-2.28539e-12
-3.71719e-12
1.87937e-12
1.02982e-11
5.94979e-12
-1.66885e-11
-3.04295e-11
2.79859e-12
6.70101e-11
7.0512e-11
-5.38136e-11
-2.05335e-10
-1.45769e-10
2.1454e-10
5.52489e-10
3.21614e-10
-5.88455e-10
-1.38641e-09
-8.78717e-10
1.1897e-09
3.2391e-09
2.74193e-09
-1.31946e-09
-6.53313e-09
-7.98573e-09
-2.14593e-09
9.12537e-09
1.81749e-08
1.61305e-08
-2.08902e-10
-2.42023e-08
-4.1561e-08
-3.82542e-08
-9.43066e-09
3.6206e-08
7.93337e-08
9.86227e-08
8.03075e-08
2.39256e-08
-5.80374e-08
-1.45575e-07
-2.18479e-07
-2.62166e-07
-2.69966e-07
-2.41583e-07
-1.78658e-07
-7.86394e-08
7.23912e-08
3.08325e-07
6.9476e-07
1.3469e-06
2.45785e-06
4.34255e-06
7.50384e-06
1.27292e-05
2.12306e-05
3.48424e-05
5.62962e-05
8.95912e-05
0.000140483
0.000217114
0.000330805
0.000497046
0.000736631
0.00107713
0.00155409
0.0022136
0.00311123
0.00432146
0.00591689
0.00803083
0.0106878
0.0142657
0.0182458
0.0245419
0.0286959
0.0428652
0.0363741
0.0877194
