ordre_2
-1.40573e-40
3.07036e-40
1.26619e-39
-1.75749e-39
-6.33607e-39
7.28316e-39
2.65897e-38
-2.57165e-38
-1.02077e-37
8.05538e-38
3.7003e-37
-2.23519e-37
-1.28419e-36
5.25173e-37
4.2927e-36
-8.69104e-37
-1.38478e-35
-2.4367e-37
4.30803e-35
1.10115e-35
-1.28877e-34
-6.69774e-35
3.68773e-34
3.04085e-34
-1.00041e-33
-1.19832e-33
2.53418e-33
4.29842e-33
-5.82306e-33
-1.43103e-32
1.13454e-32
4.45595e-32
-1.47093e-32
-1.2988e-31
-1.18621e-32
3.52547e-31
1.82776e-31
-8.79541e-31
-8.88437e-31
1.96022e-30
3.29762e-30
-3.63894e-30
-1.05178e-29
4.32608e-30
2.9782e-29
4.23861e-30
-7.50261e-29
-5.15924e-29
1.64249e-28
2.2423e-28
-2.89398e-28
-7.3614e-28
2.92566e-28
2.02148e-27
5.0908e-28
-4.70106e-27
-4.23259e-27
8.83855e-27
1.61262e-26
-1.08439e-26
-4.63829e-26
-5.47325e-27
1.07604e-25
8.8574e-26
-1.93023e-25
-3.48915e-25
2.0014e-25
9.66844e-25
2.57296e-25
-2.0526e-24
-2.17314e-24
3.03805e-24
7.37614e-24
-1.05821e-24
-1.76157e-23
-1.19708e-23
2.97962e-23
5.16874e-23
-2.29045e-23
-1.34377e-22
-6.51189e-23
2.3927e-22
3.53043e-22
-2.08428e-22
-9.5287e-22
-4.15044e-22
1.6689e-21
2.44544e-21
-1.28992e-21
-6.44757e-21
-3.27975e-21
1.03712e-20
1.64255e-20
-4.44837e-21
-3.81779e-20
-3.46065e-20
5.22984e-20
1.36295e-19
-2.68694e-20
-2.63062e-19
-1.77454e-20
