ordre_1
6.92308e-16
2.25973e-14
3.58975e-13
3.70019e-12
2.7843e-11
1.63191e-10
7.76518e-10
3.08851e-09
1.04981e-08
3.10489e-08
8.1155e-08
1.90159e-07
4.04982e-07
7.94779e-07
1.45732e-06
2.53095e-06
4.2166e-06
6.81357e-06
1.07707e-05
1.67544e-05
2.57386e-05
3.9122e-05
5.88848e-05
8.77965e-05
0.000129686
0.000189785
0.000275163
0.000395257
0.000562509
0.000793124
0.00110794
0.00153338
0.00210256
0.00285634
0.00384446
0.00512654
0.00677295
0.00886534
0.0114968
0.0147716
0.0188036
0.0237149
0.0296325
0.0366843
0.0449946
0.0546774
0.0658298
0.0785245
0.0928017
0.108661
0.126055
0.144883
0.164984
0.186138
0.208064
0.230425
0.252831
0.274853
0.296033
0.315901
0.333988
0.349849
0.363078
0.373327
0.38032
0.383866
0.383866
0.38032
0.373327
0.363078
0.349849
0.333988
0.315901
0.296033
0.274853
0.252831
0.230424
0.208064
0.186138
0.164984
0.144883
0.126055
0.108661
0.0928017
0.0785245
0.0658298
0.0546774
0.0449946
0.0366843
0.0296325
0.0237149
0.0188036
0.0147716
0.0114968
0.00886534
0.00677294
0.00512654
0.00384446
0.00285634
0.00210256
0.00153338
