ordre_2
-6.767e-22
-4.50394e-20
1.42919e-21
2.61632e-19
3.65302e-20
-1.10694e-18
-3.97742e-19
3.99483e-18
2.57133e-18
-1.2734e-17
-1.29414e-17
3.56383e-17
5.49146e-17
-8.37391e-17
-2.02368e-16
1.41897e-16
6.51649e-16
-3.33419e-17
-1.81006e-15
-1.0207e-15
4.15561e-15
5.44732e-15
-6.91331e-15
-1.88097e-14
3.19614e-15
4.88073e-14
3.13267e-14
-9.09602e-14
-1.51475e-13
7.89428e-14
4.19263e-13
2.09806e-13
-7.38125e-13
-1.18371e-12
4.23946e-13
2.97973e-12
2.22314e-12
-3.86145e-12
-8.82727e-12
-1.98363e-12
1.55367e-11
2.20324e-11
-4.40352e-12
-4.8094e-11
-5.07684e-11
2.74172e-11
1.2986e-10
1.17791e-10
-8.14416e-11
-3.21172e-10
-2.92327e-10
1.59886e-10
7.31235e-10
7.67411e-10
-1.28096e-10
-1.46946e-09
-1.9717e-09
-5.7529e-10
2.29429e-09
4.46149e-09
3.38716e-09
-1.54215e-09
-7.66099e-09
-1.01228e-08
-5.21746e-09
6.24008e-09
1.81106e-08
2.18861e-08
1.19909e-08
-9.81546e-09
-3.39282e-08
-4.70307e-08
-3.88424e-08
-7.88078e-09
3.68146e-08
7.8851e-08
1.00911e-07
9.13885e-08
4.84381e-08
-1.99435e-08
-9.91985e-08
-1.73336e-07
-2.29164e-07
-2.59734e-07
-2.62473e-07
-2.42349e-07
-1.96782e-07
-1.40621e-07
-3.38123e-08
6.73802e-08
3.8253e-07
5.98622e-07
1.74081e-06
2.12029e-06
6.33287e-06
6.069e-06
2.12738e-05
1.42326e-05
6.80275e-05
2.34149e-05
0.000209965
