ordre_2
1.70235e-21
1.12377e-19
-3.28566e-21
-6.52033e-19
-9.60911e-20
2.7518e-18
1.0301e-18
-9.88426e-18
-6.61046e-18
3.12419e-17
3.30268e-17
-8.61146e-17
-1.38851e-16
1.96323e-16
5.05251e-16
-3.05813e-16
-1.59782e-15
-7.01113e-17
4.31797e-15
2.92199e-15
-9.45479e-15
-1.41001e-14
1.40318e-14
4.59013e-14
6.81721e-16
-1.11439e-13
-9.36295e-14
1.84294e-13
3.80533e-13
-8.04488e-14
-9.39039e-13
-7.16719e-13
1.37202e-12
2.94141e-12
8.00006e-14
-6.15548e-12
-6.80924e-12
5.20251e-12
1.97424e-11
1.22537e-11
-2.48031e-11
-5.37122e-11
-1.76027e-11
8.06289e-11
1.35272e-10
2.44244e-11
-2.16276e-10
-3.32687e-10
-6.41923e-11
4.98956e-10
8.10105e-10
2.92692e-10
-9.5369e-10
-1.88671e-09
-1.22325e-09
1.24036e-09
3.86699e-09
4.01041e-09
2.12231e-10
-5.88572e-09
-9.79954e-09
-7.07446e-09
2.95332e-09
1.53627e-08
2.16857e-08
1.5045e-08
-4.70794e-09
-2.93259e-08
-4.54731e-08
-4.14751e-08
-1.38624e-08
2.98577e-08
7.36583e-08
9.9371e-08
9.3859e-08
5.38035e-08
-1.36072e-08
-9.38142e-08
-1.7005e-07
-2.28328e-07
-2.60379e-07
-2.64238e-07
-2.41817e-07
-1.96984e-07
-1.27965e-07
-3.14012e-08
1.26628e-07
3.65395e-07
8.40061e-07
1.54074e-06
3.10812e-06
5.06145e-06
1.01587e-05
1.47057e-05
3.1088e-05
3.78792e-05
9.14123e-05
8.28853e-05
0.000264735
0.000130854
0.000773919
