ordre_1
1.4013e-45
2.8026e-45
4.2039e-45
5.60519e-45
7.00649e-45
8.40779e-45
9.80909e-45
1.12104e-44
1.26117e-44
1.4013e-44
1.54143e-44
1.68156e-44
2.10195e-44
1.00893e-43
1.14206e-42
1.33516e-41
1.46807e-40
1.51193e-39
1.46258e-38
1.33296e-37
1.14768e-36
9.35853e-36
7.24356e-35
5.33265e-34
3.74104e-33
2.50521e-32
1.60393e-31
9.83218e-31
5.77861e-30
3.26025e-29
1.76783e-28
9.2229e-28
4.6342e-27
2.24481e-26
1.04923e-25
4.73611e-25
2.06622e-24
8.71899e-24
3.56124e-23
1.40889e-22
5.40229e-22
2.00895e-21
7.24948e-21
2.54002e-20
8.64553e-20
2.8602e-19
9.20172e-19
2.88016e-18
8.77487e-18
2.60337e-17
7.52476e-17
2.1198e-16
5.82264e-16
1.56008e-15
4.07894e-15
1.0411e-14
2.59505e-14
6.31947e-14
1.50404e-13
3.49986e-13
7.9656e-13
1.77391e-12
3.8669e-12
8.25433e-12
1.7261e-11
3.53748e-11
7.10806e-11
1.40097e-10
2.70969e-10
5.14553e-10
9.59769e-10
1.75933e-09
3.17099e-09
5.62263e-09
9.81343e-09
1.68687e-08
2.85739e-08
4.77242e-08
7.86403e-08
1.27921e-07
2.05535e-07
3.2638e-07
5.12504e-07
7.96232e-07
1.22453e-06
1.86507e-06
2.81452e-06
4.20985e-06
6.24364e-06
9.18441e-06
1.34036e-05
1.94112e-05
2.79009e-05
3.98099e-05
5.63929e-05
7.93161e-05
0.000110773
0.000153628
0.000211587
0.000289404
0.000393123
