ordre_2
2.15113e-40
-1.42506e-39
-1.97346e-39
8.34616e-39
1.02244e-38
-3.60248e-38
-4.50134e-38
1.35521e-37
1.83015e-37
-4.67031e-37
-7.06962e-37
1.50221e-36
2.62395e-36
-4.53274e-36
-9.39973e-36
1.27725e-35
3.25443e-35
-3.30691e-35
-1.08869e-34
7.558e-35
3.51366e-34
-1.35623e-34
-1.0912e-33
8.96957e-35
3.24769e-33
7.44859e-34
-9.20646e-33
-5.21538e-33
2.46153e-32
2.36053e-32
-6.10459e-32
-8.94518e-32
1.35944e-31
3.02908e-31
-2.51267e-31
-9.37834e-31
2.80864e-31
2.67102e-30
4.53676e-31
-6.96197e-30
-4.52026e-30
1.62974e-29
2.00357e-29
-3.26744e-29
-6.92991e-29
4.83873e-29
2.05387e-28
-1.18075e-29
-5.327e-28
-2.73425e-28
1.19225e-27
1.39378e-27
-2.15648e-27
-4.79949e-27
2.38154e-27
1.33779e-26
2.71297e-27
-3.10146e-26
-2.71221e-26
5.70689e-26
1.0438e-25
-6.50673e-26
-2.95341e-25
-5.4943e-26
6.60407e-25
6.11846e-25
-1.09789e-24
-2.25289e-24
8.43317e-25
5.86459e-24
2.62186e-24
-1.1387e-23
-1.50681e-23
1.37213e-23
4.52924e-23
6.50289e-24
-9.60944e-23
-9.56707e-23
1.31733e-22
3.25285e-22
-6.157e-24
-7.18323e-22
-6.25999e-22
9.96275e-22
2.256e-21
-6.75926e-23
-4.89006e-21
-4.463e-21
6.19491e-21
1.54098e-20
1.51174e-21
-3.05655e-20
-3.21183e-20
2.87272e-20
9.54408e-20
4.98389e-20
-1.6891e-19
-2.91857e-19
1.81678e-19
6.20647e-19
-9.20205e-20
