ordre_2
-5.19646e-20
-2.77447e-19
4.26623e-19
1.6677e-18
-1.73628e-18
-7.44172e-18
4.95118e-18
2.87812e-17
-8.32219e-18
-9.98662e-17
-1.08282e-17
3.10968e-16
1.71298e-16
-8.50972e-16
-9.32979e-16
1.93907e-15
3.72295e-15
-3.11787e-15
-1.20306e-14
3.75724e-16
3.16834e-14
2.17124e-14
-6.38964e-14
-1.0337e-13
7.36287e-14
3.10186e-13
9.07818e-14
-6.45269e-13
-7.96707e-13
7.18728e-13
2.47594e-12
8.6518e-13
-4.50681e-12
-6.55011e-12
2.54069e-12
1.64352e-11
1.31412e-11
-1.83246e-11
-4.76738e-11
-2.06367e-11
6.77094e-11
1.23551e-10
2.784e-11
-1.95026e-10
-3.06868e-10
-5.45731e-11
4.76506e-10
7.53933e-10
2.2507e-10
-9.78255e-10
-1.79827e-09
-1.0018e-09
1.48131e-09
3.87745e-09
3.56722e-09
-6.078e-10
-6.55323e-09
-9.5465e-09
-5.47746e-09
5.38032e-09
1.70969e-08
2.09295e-08
1.09802e-08
-1.09201e-08
-3.45863e-08
-4.60557e-08
-3.50413e-08
-1.10513e-09
4.48981e-08
8.48771e-08
1.00923e-07
8.24573e-08
2.99907e-08
-4.56638e-08
-1.27762e-07
-1.99318e-07
-2.47768e-07
-2.67116e-07
-2.57231e-07
-2.21e-07
-1.6009e-07
-7.04387e-08
6.44854e-08
2.79832e-07
6.48271e-07
1.28497e-06
2.41992e-06
4.3438e-06
7.74667e-06
1.31685e-05
2.28077e-05
3.67071e-05
6.28942e-05
9.421e-05
0.000164878
0.000219838
0.000420194
0.000446913
0.00107967
0.00067404
0.00293776
