ordre_2
-5.44093e-23
3.62697e-22
5.11628e-22
-2.05735e-21
-2.75469e-21
8.36642e-21
1.25762e-20
-2.85208e-20
-5.21191e-20
8.38364e-20
1.99311e-19
-2.06504e-19
-7.04333e-19
3.71404e-19
2.28722e-18
-1.19556e-19
-6.74136e-18
-2.89674e-18
1.76079e-17
1.73934e-17
-3.87059e-17
-6.94222e-17
6.15688e-17
2.21267e-16
-1.66284e-17
-5.78844e-16
-3.59602e-16
1.19064e-15
1.76912e-15
-1.56038e-15
-5.49272e-15
-7.04452e-16
1.2367e-14
1.21457e-14
-1.79196e-14
-4.36588e-14
4.95336e-16
9.77265e-14
9.2252e-14
-1.22926e-13
-3.21297e-13
-6.46214e-14
6.1049e-13
7.80073e-13
-4.19613e-13
-2.0525e-12
-1.44387e-12
2.46053e-12
5.69609e-12
1.87786e-12
-8.77894e-12
-1.42381e-11
-9.043e-13
2.55489e-11
3.40849e-11
-3.00082e-12
-6.57797e-11
-8.1668e-11
7.31641e-12
1.53523e-10
1.98734e-10
1.30365e-11
-3.20008e-10
-4.79687e-10
-1.61003e-10
5.55332e-10
1.08598e-09
7.31777e-10
-6.25149e-10
-2.11546e-09
-2.3024e-09
-3.35354e-10
2.99359e-09
5.30018e-09
4.08658e-09
-1.18108e-09
-7.94435e-09
-1.15292e-08
-8.00055e-09
2.78084e-09
1.60198e-08
2.38874e-08
1.97323e-08
2.30165e-09
-2.24841e-08
-4.35093e-08
-4.92598e-08
-3.34111e-08
2.00641e-09
4.63554e-08
8.48565e-08
1.02583e-07
9.17776e-08
5.03872e-08
-1.18899e-08
-8.64279e-08
-1.5483e-07
-2.11494e-07
-2.48158e-07
-2.41379e-07
-3.08755e-07
