ordre_2
-9.57703e-15
2.07513e-14
8.66852e-14
-9.41574e-14
-4.28256e-13
2.16531e-13
1.67773e-12
9.51398e-14
-5.39884e-12
-3.61085e-12
1.35581e-11
2.00742e-11
-2.15666e-11
-7.10114e-11
-7.21903e-12
1.69619e-10
1.83555e-10
-2.08194e-10
-6.41607e-10
-2.6017e-10
1.07712e-09
1.85494e-09
1.39504e-10
-3.50863e-09
-5.00589e-09
-3.40009e-10
8.74243e-09
1.35418e-08
5.25803e-09
-1.49774e-08
-3.28404e-08
-2.96345e-08
2.3545e-09
5.03191e-08
8.56841e-08
8.05271e-08
2.43777e-08
-6.94163e-08
-1.70481e-07
-2.45445e-07
-2.70057e-07
-2.33136e-07
-1.31602e-07
4.03224e-08
3.04134e-07
7.10821e-07
1.35671e-06
2.40502e-06
4.11814e-06
6.90685e-06
1.14035e-05
1.85679e-05
2.98371e-05
4.73321e-05
7.41381e-05
0.000114677
0.000175193
0.00026437
0.000394102
0.000580442
0.00084471
0.00121478
0.0017265
0.00242525
0.00336746
0.00462214
0.0062721
0.00841482
0.0111628
0.0146428
0.0189946
0.024368
0.0309188
0.038803
0.0481695
0.059152
0.0718591
0.0863638
0.102693
0.12082
0.140649
0.162018
0.184686
0.208339
0.232591
0.256992
0.28104
0.304197
0.325911
0.345634
0.362847
0.37708
0.387951
0.395108
0.39851
0.397534
0.394037
0.382021
0.382247
0.327296
0.43942
