ordre_2
9.03392e-10
-5.56621e-11
-7.13055e-09
-6.05274e-09
2.0653e-08
4.54741e-08
7.19876e-09
-1.03224e-07
-2.00175e-07
-1.68727e-07
5.04854e-08
4.58218e-07
1.06345e-06
1.94738e-06
3.29229e-06
5.39688e-06
8.7092e-06
1.38912e-05
2.19185e-05
3.42185e-05
5.28584e-05
8.0794e-05
0.000122198
0.000182886
0.000270852
0.000396945
0.000575683
0.000826225
0.0011735
0.00164947
0.00229452
0.00315886
0.00430397
0.00580381
0.00774587
0.0102317
0.0133767
0.0173094
0.0221695
0.0281043
0.0352648
0.0437992
0.0538458
0.0655249
0.0789284
0.0941108
0.111078
0.12978
0.1501
0.171852
0.194773
0.218532
0.242725
0.266889
0.290516
0.313067
0.333992
0.352754
0.368847
0.381826
0.391321
0.397058
0.398869
0.396705
0.390632
0.380835
0.367602
0.351312
0.33242
0.311432
0.288885
0.265324
0.241279
0.217249
0.193685
0.170976
0.149445
0.12934
0.11084
0.0940534
0.0790259
0.0657483
0.0541654
0.044186
0.0356924
0.0285494
0.0226127
0.0177355
0.0137744
0.0105936
0.00806784
0.0060844
0.00454387
0.00336035
0.00246092
0.00178467
0.00128182
0.000911014
0.00064434
0.000437063
0.000357003
