ordre_2
-1.81805e-24
-3.28696e-24
1.58416e-23
2.08308e-23
-7.39889e-23
-1.01001e-22
2.77947e-22
4.36187e-22
-9.05759e-22
-1.73995e-21
2.58574e-21
6.47057e-21
-6.24745e-21
-2.24311e-20
1.11212e-20
7.21096e-20
-3.74023e-21
-2.12696e-19
-8.51653e-20
5.64418e-19
5.18104e-19
-1.29459e-18
-2.11198e-18
2.31337e-18
6.97389e-18
-1.90474e-18
-1.93528e-17
-7.52767e-18
4.43097e-17
4.9245e-17
-7.58102e-17
-1.76308e-16
5.39541e-17
4.67026e-16
2.36587e-16
-9.15374e-16
-1.30626e-15
1.02469e-15
3.88048e-15
1.08023e-15
-7.76655e-15
-9.52392e-15
8.24404e-15
2.8681e-14
1.00102e-14
-5.16037e-14
-7.32611e-14
3.3436e-14
1.87557e-13
1.29989e-13
-2.43285e-13
-5.29936e-13
-1.01935e-13
9.37969e-13
1.27726e-12
-3.41608e-13
-2.87142e-12
-2.78757e-12
2.05699e-12
7.76982e-12
5.87131e-12
-6.8977e-12
-1.95581e-11
-1.28914e-11
1.81232e-11
4.69804e-11
3.13215e-11
-3.9234e-11
-1.08086e-10
-8.34109e-11
6.56636e-11
2.33458e-10
2.2676e-10
-5.47285e-11
-4.50384e-10
-5.80222e-10
-1.49127e-10
6.94322e-10
1.29644e-09
9.21998e-10
-5.6077e-10
-2.29077e-09
-2.79169e-09
-1.04427e-09
2.45374e-09
5.54168e-09
5.55512e-09
1.23695e-09
-5.86474e-09
-1.16646e-08
-1.1667e-08
-3.85178e-09
9.35482e-09
2.16437e-08
2.54303e-08
1.63162e-08
-4.27677e-09
-3.07165e-08
-4.40806e-08
-5.92668e-08
-1.45847e-08
