ordre_2
-1.4013e-45
-2.8026e-45
-2.8026e-45
-1.4013e-45
0
1.4013e-45
1.4013e-45
0
-1.4013e-45
-2.8026e-45
-2.8026e-45
-1.4013e-45
0
1.4013e-45
1.4013e-45
2.8026e-45
1.4013e-45
0
-1.4013e-45
-2.8026e-45
-4.2039e-45
-5.60519e-45
-5.60519e-45
-4.2039e-45
-2.8026e-45
-1.4013e-45
-1.4013e-45
-0
-0
-1.4013e-45
-2.8026e-45
-4.2039e-45
-5.60519e-45
-7.00649e-45
-7.00649e-45
-5.60519e-45
-4.2039e-45
-2.8026e-45
-1.4013e-45
-1.4013e-45
-2.8026e-45
-4.2039e-45
-5.60519e-45
-7.00649e-45
-7.00649e-45
-8.40779e-45
-9.80909e-45
-1.12104e-44
-1.26117e-44
-1.4013e-44
-1.4013e-44
-1.54143e-44
-1.4013e-44
0
1.12104e-44
-1.26117e-44
-3.36312e-44
2.10195e-44
8.96831e-44
-3.36312e-44
-2.74654e-43
-6.5861e-44
6.65617e-43
4.56823e-43
-1.54283e-42
-1.93519e-42
3.08005e-42
6.52304e-42
-4.7476e-42
-1.92356e-41
2.41304e-42
5.05617e-41
2.0239e-41
-1.18082e-40
-1.14761e-40
2.36562e-40
4.20413e-40
-3.61392e-40
-1.26274e-39
1.87272e-40
3.27585e-39
1.42108e-39
-7.3393e-39
-7.76283e-39
1.34956e-38
2.67854e-38
-1.63105e-38
-7.40242e-38
-9.78386e-39
1.70905e-37
1.48885e-37
-3.22219e-37
-6.27284e-37
4.41082e-37
1.94788e-36
-2.07575e-37
-4.92569e-36
-9.48405e-37
9.72984e-36
2.80626e-36
-1.01466e-35
