ordre_2
3.56204e-23
-4.59309e-24
-3.15195e-22
-7.72224e-24
1.51872e-21
2.80634e-22
-5.98729e-21
-2.34257e-21
2.09106e-20
1.36741e-20
-6.60188e-20
-6.55001e-20
1.87462e-19
2.72532e-19
-4.64627e-19
-1.00859e-18
9.21888e-19
3.34428e-18
-9.9265e-19
-9.88562e-18
-2.54273e-18
2.55278e-17
2.16671e-17
-5.46768e-17
-9.10211e-17
8.24512e-17
2.88e-16
-8.66058e-18
-7.25023e-16
-5.12704e-16
1.37939e-15
2.31149e-15
-1.4376e-15
-6.63116e-15
-2.23614e-15
1.33628e-14
1.69148e-14
-1.48592e-14
-5.15078e-14
-1.58433e-14
9.72952e-14
1.30069e-13
-7.75841e-14
-3.54894e-13
-2.07667e-13
5.15398e-13
9.83762e-13
3.58296e-14
-1.93777e-12
-2.27705e-12
1.18213e-12
5.82822e-12
4.67649e-12
-5.46267e-12
-1.55593e-11
-9.1983e-12
1.71706e-11
3.89035e-11
1.94715e-11
-4.41904e-11
-9.36677e-11
-4.90316e-11
9.59328e-11
2.17685e-10
1.42133e-10
-1.65603e-10
-4.75895e-10
-4.18585e-10
1.63344e-10
9.21829e-10
1.12532e-09
2.47932e-10
-1.38795e-09
-2.54274e-09
-1.8549e-09
9.3386e-10
4.29513e-09
5.55618e-09
2.73131e-09
-3.62174e-09
-9.9883e-09
-1.16066e-08
-5.53268e-09
6.81706e-09
1.94752e-08
2.45974e-08
1.67836e-08
-3.34847e-09
-2.83849e-08
-4.68904e-08
-4.83594e-08
-2.82593e-08
9.57619e-09
5.37329e-08
8.9309e-08
1.03413e-07
8.73323e-08
4.74316e-08
-2.82172e-08
-6.3154e-08
-2.40672e-07
