ordre_2
-1.4013e-45
-2.8026e-45
-2.8026e-45
-1.4013e-45
0
1.4013e-45
1.4013e-45
0
-1.4013e-45
-2.8026e-45
-2.8026e-45
-1.4013e-45
0
1.4013e-45
1.4013e-45
2.8026e-45
1.4013e-45
0
-1.4013e-45
-2.8026e-45
-4.2039e-45
-5.60519e-45
-5.60519e-45
-4.2039e-45
-2.8026e-45
-1.4013e-45
-1.4013e-45
-0
-0
-1.4013e-45
-2.8026e-45
-4.2039e-45
-5.60519e-45
-7.00649e-45
-7.00649e-45
-5.60519e-45
-4.2039e-45
-2.8026e-45
-1.4013e-45
-1.4013e-45
-1.4013e-45
2.8026e-45
0
-1.4013e-44
-2.10195e-44
2.8026e-45
2.10195e-44
-2.8026e-44
-8.68805e-44
3.36312e-44
2.45227e-43
4.2039e-45
-6.71222e-43
-3.05483e-43
1.65633e-42
1.5134e-42
-3.76669e-42
-5.68507e-42
7.43389e-42
1.84019e-41
-1.10857e-41
-5.35198e-41
3.52567e-42
1.41322e-40
6.01325e-41
-3.36376e-40
-3.24941e-40
7.0032e-40
1.19694e-39
-1.16469e-39
-3.67241e-39
9.87146e-40
9.84491e-39
2.93261e-39
-2.31444e-38
-2.045e-38
4.61653e-38
7.78628e-38
-6.90657e-38
-2.34723e-37
3.01589e-38
5.99822e-37
2.89943e-37
-1.29845e-36
-1.4982e-36
2.22256e-36
4.95892e-36
-2.09718e-36
-1.30322e-35
-4.21127e-36
2.7995e-35
3.2112e-35
-4.66202e-35
-1.19484e-34
4.63349e-35
3.40093e-34
3.12137e-35
-7.7575e-34
-2.41118e-34
1.2444e-33
3.42604e-34
