ordre_2
-1.4013e-45
-2.8026e-45
-2.8026e-45
-1.4013e-45
0
1.4013e-45
1.4013e-45
0
-1.4013e-45
-2.8026e-45
-2.8026e-45
-1.4013e-45
0
1.4013e-45
1.4013e-45
2.8026e-45
1.4013e-45
0
-1.4013e-45
-2.8026e-45
-4.2039e-45
-5.60519e-45
-5.60519e-45
-4.2039e-45
-2.8026e-45
-1.4013e-45
-1.4013e-45
-0
-0
-1.4013e-45
-2.8026e-45
-4.2039e-45
0
8.40779e-45
5.60519e-45
-1.82169e-44
-2.38221e-44
3.22299e-44
5.74532e-44
-9.3887e-44
-2.05991e-43
1.77965e-43
6.24979e-43
-2.76056e-43
-1.82869e-42
7.9874e-44
5.05869e-42
1.74602e-42
-1.30993e-41
-1.00109e-41
3.13541e-41
4.00771e-41
-6.72441e-41
-1.36387e-40
1.19435e-40
4.15977e-40
-1.27399e-40
-1.15702e-39
-2.07604e-40
2.93456e-39
1.9619e-39
-6.67786e-39
-8.41839e-39
1.30144e-38
2.83712e-38
-1.86778e-38
-8.24861e-38
3.57575e-39
2.11744e-37
1.07129e-37
-4.75568e-37
-5.37417e-37
8.87829e-37
1.85613e-36
-1.13069e-36
-5.27816e-36
-3.57826e-37
1.28055e-35
8.74746e-36
-2.59891e-35
-3.78124e-35
3.95453e-35
1.17687e-34
-2.0766e-35
-2.98496e-34
-1.41854e-34
6.1818e-34
7.3848e-34
-9.3604e-34
-2.369e-33
3.93322e-34
5.95751e-33
3.92417e-33
-1.22463e-32
-1.93813e-32
2.02675e-32
5.90724e-32
-2.54884e-32
-1.28109e-31
2.15941e-32
1.39164e-31
