ordre_2
-5.76985e-41
-3.1349e-40
5.03562e-40
1.88276e-39
-2.36242e-39
-8.47453e-39
8.96266e-39
3.38167e-38
-2.97827e-38
-1.25854e-37
8.81732e-38
4.45993e-37
-2.2815e-37
-1.51891e-36
4.73707e-37
4.99011e-36
-4.99081e-37
-1.58239e-35
-2.01065e-36
4.83499e-35
1.8142e-35
-1.41792e-34
-9.2889e-35
3.96433e-34
3.90921e-34
-1.04494e-33
-1.46897e-33
2.5455e-33
5.08261e-33
-5.50118e-33
-1.64031e-32
9.44675e-33
4.95883e-32
-6.90109e-33
-1.40172e-31
-3.89137e-32
3.67462e-31
2.6568e-31
-8.77173e-31
-1.11555e-30
1.83059e-30
3.8463e-30
-2.98046e-30
-1.16292e-29
1.91535e-30
3.13565e-29
1.15965e-29
-7.48028e-29
-7.089e-29
1.51801e-28
2.66952e-28
-2.30041e-28
-8.08841e-28
9.24956e-29
2.07668e-27
1.05636e-27
-4.47302e-27
-5.46024e-27
7.41834e-27
1.82064e-26
-5.83744e-27
-4.79563e-26
-1.8956e-26
1.0159e-25
1.17036e-25
-1.57079e-25
-3.90478e-25
8.17947e-26
9.74602e-25
5.45347e-25
-1.84272e-24
-2.68469e-24
2.13106e-24
7.8293e-24
1.42563e-24
-1.65889e-23
-1.68254e-23
2.33022e-23
5.71741e-23
-3.39241e-24
-1.29653e-22
-1.04759e-22
1.93188e-22
3.99495e-22
-6.34291e-23
-9.21822e-22
-7.06816e-22
1.33151e-21
2.76376e-21
-2.79827e-22
-6.13031e-21
-5.08077e-21
7.68863e-21
1.77616e-20
3.3744e-21
-3.52555e-20
-4.81418e-20
4.21057e-20
1.38358e-19
-2.16583e-20
-1.6415e-19
