ordre_2
-1.4013e-45
-2.8026e-45
-2.8026e-45
-1.4013e-45
0
1.4013e-45
1.4013e-45
0
-1.4013e-45
-2.8026e-45
-2.8026e-45
-1.4013e-45
0
1.4013e-45
1.4013e-45
2.8026e-45
1.4013e-45
0
-1.4013e-45
-2.8026e-45
-4.2039e-45
-5.60519e-45
-5.60519e-45
-4.2039e-45
-2.8026e-45
-1.4013e-45
-1.4013e-45
-0
-0
-1.4013e-45
-2.8026e-45
-4.2039e-45
-5.60519e-45
-7.00649e-45
-7.00649e-45
-5.60519e-45
-4.2039e-45
-2.8026e-45
-1.4013e-45
-1.4013e-45
-2.8026e-45
-4.2039e-45
-5.60519e-45
-7.00649e-45
-7.00649e-45
-8.40779e-45
-9.80909e-45
-1.12104e-44
-1.26117e-44
-1.4013e-44
-1.4013e-44
-1.4013e-44
-1.26117e-44
-1.12104e-44
-9.80909e-45
-8.40779e-45
-8.40779e-45
-7.00649e-45
-5.60519e-45
-4.2039e-45
-2.8026e-45
-2.8026e-45
-4.2039e-45
-5.60519e-45
-7.00649e-45
-7.00649e-45
0
7.00649e-45
-7.00649e-45
-2.8026e-44
-1.54143e-44
3.22299e-44
1.54143e-44
-1.20512e-43
-1.45735e-43
1.96182e-43
4.47014e-43
-2.87266e-43
-1.30881e-42
1.96182e-44
3.32388e-42
1.7264e-42
-7.43249e-42
-8.36015e-42
1.37117e-41
2.81381e-41
-1.68324e-41
-7.84825e-41
-9.84132e-42
1.88e-40
1.56976e-40
-3.8535e-40
-6.77365e-40
6.48745e-40
2.15092e-39
-7.98477e-40
-5.54689e-39
4.39509e-40
1.11197e-38
5.20217e-40
-1.16886e-38
