ordre_2
-2.32072e-24
5.05802e-24
2.09248e-23
-2.74626e-23
-1.04632e-22
1.02653e-22
4.35822e-22
-2.99894e-22
-1.63861e-21
6.35977e-22
5.69519e-21
-4.0512e-22
-1.83774e-20
-5.00939e-21
5.47003e-20
3.63273e-20
-1.47593e-19
-1.70046e-19
3.47779e-19
6.48623e-19
-6.5046e-19
-2.13104e-18
6.19608e-19
6.0913e-18
1.91198e-18
-1.48662e-17
-1.42884e-17
2.89692e-17
5.56803e-17
-3.45061e-17
-1.62961e-16
-3.38872e-17
3.71433e-16
3.67265e-16
-5.96157e-16
-1.34877e-15
2.76548e-16
3.35401e-15
2.27201e-15
-5.59287e-15
-1.01571e-14
3.05709e-15
2.52347e-14
1.75653e-14
-3.72807e-14
-7.47094e-14
3.099e-15
1.59847e-13
1.61545e-13
-1.56138e-13
-4.98722e-13
-2.3548e-13
7.32734e-13
1.30054e-12
6.64061e-14
-2.44834e-12
-3.04134e-12
9.95752e-13
6.96043e-12
6.77148e-12
-4.38284e-12
-1.80077e-11
-1.52603e-11
1.2494e-11
4.37416e-11
3.64702e-11
-2.71626e-11
-1.00455e-10
-9.26012e-11
4.1075e-11
2.14279e-10
2.38536e-10
-8.74809e-12
-4.035e-10
-5.82757e-10
-2.22612e-10
5.9151e-10
1.25304e-09
1.00596e-09
-3.74048e-10
-2.12859e-09
-2.80573e-09
-1.28835e-09
2.09758e-09
5.31699e-09
5.67564e-09
1.71962e-09
-5.2561e-09
-1.13099e-08
-1.18589e-08
-4.60897e-09
8.38506e-09
2.09098e-08
2.55052e-08
1.70944e-08
-3.04545e-09
-2.82143e-08
-4.79193e-08
-4.6528e-08
-4.34882e-08
3.18456e-08
