ordre_1
1.4013e-45
2.8026e-45
4.2039e-45
5.60519e-45
7.00649e-45
8.40779e-45
9.80909e-45
1.12104e-44
1.26117e-44
1.4013e-44
1.54143e-44
1.68156e-44
1.82169e-44
1.96182e-44
2.10195e-44
2.24208e-44
2.38221e-44
2.52234e-44
2.66247e-44
2.8026e-44
2.94273e-44
3.08286e-44
3.22299e-44
3.36312e-44
3.50325e-44
3.64338e-44
3.78351e-44
3.92364e-44
4.06377e-44
4.2039e-44
4.34403e-44
4.48416e-44
5.74532e-44
1.70958e-43
9.45876e-43
6.06482e-42
3.86436e-41
2.39549e-40
1.44062e-39
8.40684e-39
4.7631e-38
2.62169e-37
1.40268e-36
7.29905e-36
3.69598e-35
1.82208e-34
8.7497e-34
4.09452e-33
1.86806e-32
8.31265e-32
3.60931e-31
1.52974e-30
6.33106e-30
2.55954e-29
1.01117e-28
3.90485e-28
1.47451e-27
5.44608e-27
1.9681e-26
6.96085e-26
2.41019e-25
8.1721e-25
2.71408e-24
8.83142e-24
2.81621e-23
8.80302e-23
2.69794e-22
8.10902e-22
2.39076e-21
6.91562e-21
1.96312e-20
5.46984e-20
1.49625e-19
4.01906e-19
1.06028e-18
2.74776e-18
6.99656e-18
1.75074e-17
4.30597e-17
1.04116e-16
2.47537e-16
5.78795e-16
1.33122e-15
3.01232e-15
6.70746e-15
1.46996e-14
3.17122e-14
6.73606e-14
1.40906e-13
2.90327e-13
5.89342e-13
1.17885e-12
2.32412e-12
4.51709e-12
8.65682e-12
1.63628e-11
3.05115e-11
5.61406e-11
1.01956e-10
1.828e-10
3.2366e-10
