ordre_2
-9.90501e-20
-1.78584e-19
8.50919e-19
1.15678e-18
-3.84815e-18
-5.72834e-18
1.36193e-17
2.49214e-17
-3.98631e-17
-9.78369e-17
9.23187e-17
3.47027e-16
-1.28624e-16
-1.10104e-15
-1.84353e-16
3.05459e-15
2.26188e-15
-7.04854e-15
-1.05627e-14
1.17235e-14
3.56473e-14
-4.41323e-15
-9.32364e-14
-6.14865e-14
1.78335e-13
2.96522e-13
-1.67352e-13
-8.40801e-13
-3.84709e-13
1.543e-12
2.35404e-12
-1.05434e-12
-6.18536e-12
-4.22071e-12
8.52054e-12
1.81356e-11
2.89329e-12
-3.33634e-11
-4.49036e-11
1.1879e-11
1.01657e-10
1.03903e-10
-6.0024e-11
-2.71156e-10
-2.46797e-10
1.6069e-10
6.60332e-10
6.32013e-10
-2.58388e-10
-1.45484e-09
-1.67819e-09
-4.75e-11
2.6948e-09
4.17581e-09
2.11966e-09
-3.29241e-09
-8.53308e-09
-8.64984e-09
-1.12627e-09
1.11126e-08
2.0254e-08
1.80864e-08
1.84506e-09
-2.25116e-08
-4.21741e-08
-4.38889e-08
-2.14104e-08
2.02019e-08
6.58213e-08
9.63483e-08
9.65365e-08
6.08771e-08
-4.78661e-09
-8.60139e-08
-1.65133e-07
-2.26741e-07
-2.61299e-07
-2.65878e-07
-2.42241e-07
-1.93228e-07
-1.18088e-07
-7.48822e-09
1.64317e-07
4.47557e-07
9.3964e-07
1.79434e-06
3.30518e-06
5.85473e-06
1.02936e-05
1.73522e-05
2.96459e-05
4.74704e-05
8.01033e-05
0.000119877
0.000205894
0.000275973
0.000514813
0.000555243
0.00130059
0.00083193
0.00350104
