ordre_1
2.57905e-24
1.56395e-22
4.66925e-21
9.14978e-20
1.32376e-18
1.50807e-17
1.40906e-16
1.11053e-15
7.53627e-15
4.47338e-14
2.35163e-13
1.10598e-12
4.69272e-12
1.80932e-11
6.3785e-11
2.06741e-10
6.19161e-10
1.72127e-09
4.46121e-09
1.08253e-08
2.46955e-08
5.31867e-08
1.08607e-07
2.11209e-07
3.92966e-07
7.02816e-07
1.21409e-06
2.03535e-06
3.32627e-06
5.32093e-06
8.36119e-06
1.29435e-05
1.97829e-05
2.98999e-05
4.47342e-05
6.62953e-05
9.73552e-05
0.000141696
0.000204419
0.000292328
0.000414396
0.000582319
0.000811163
0.0011201
0.00153325
0.00208052
0.00279858
0.00373171
0.00493271
0.00646354
0.00839581
0.0108109
0.0137998
0.0174619
0.0219039
0.0272371
0.0335746
0.0410272
0.0496987
0.0596801
0.071044
0.0838374
0.0980756
0.113736
0.130752
0.14901
0.168342
0.188533
0.209313
0.230367
0.251339
0.271841
0.291465
0.309794
0.326419
0.340952
0.353044
0.362393
0.368762
0.371989
0.371989
0.368762
0.362393
0.353044
0.340952
0.326419
0.309794
0.291465
0.271841
0.251339
0.230367
0.209313
0.188533
0.168342
0.14901
0.130752
0.113736
0.0980756
0.0838374
0.071044
0.0596801
