ordre_2
2.48381e-19
4.4767e-19
-2.13003e-18
-2.90745e-18
9.5931e-18
1.44295e-17
-3.36826e-17
-6.27839e-17
9.70822e-17
2.45694e-16
-2.17214e-16
-8.6485e-16
2.63746e-16
2.70632e-15
6.59938e-16
-7.332e-15
-6.17236e-15
1.61901e-14
2.71206e-14
-2.40579e-14
-8.72895e-14
-3.83277e-15
2.15084e-13
1.82158e-13
-3.68361e-13
-7.50499e-13
1.9523e-13
1.9097e-12
1.36209e-12
-2.94589e-12
-5.94781e-12
2.83584e-13
1.30196e-11
1.34733e-11
-1.2125e-11
-4.1318e-11
-2.34222e-11
5.44245e-11
1.11763e-10
3.28554e-11
-1.71527e-10
-2.82065e-10
-5.16508e-11
4.46086e-10
6.98586e-10
1.73417e-10
-9.78781e-10
-1.69779e-09
-8.00468e-10
1.66707e-09
3.82254e-09
3.09736e-09
-1.36446e-09
-7.05105e-09
-9.07601e-09
-3.75874e-09
7.65975e-09
1.8332e-08
1.94585e-08
6.3688e-09
-1.70225e-08
-3.87733e-08
-4.47518e-08
-2.65991e-08
1.27654e-08
5.92535e-08
9.32788e-08
9.79932e-08
6.60597e-08
2.09666e-09
-7.96859e-08
-1.60963e-07
-2.2522e-07
-2.61815e-07
-2.67046e-07
-2.42292e-07
-1.9013e-07
-1.09369e-07
1.06759e-08
1.9739e-07
5.05697e-07
1.03454e-06
1.95457e-06
3.54606e-06
6.26996e-06
1.08378e-05
1.84122e-05
3.06328e-05
5.03362e-05
8.07532e-05
0.000129022
0.000199091
0.000312072
0.00045836
0.000719676
0.000975014
0.00161624
0.0018438
0.00369697
0.00265388
0.00931367
