ordre_2
6.35521e-21
1.14684e-20
-5.48478e-20
-7.37721e-20
2.50688e-19
3.63064e-19
-9.0529e-19
-1.5778e-18
2.75181e-18
6.23845e-18
-6.89942e-18
-2.25323e-17
1.23702e-17
7.38904e-17
-2.65392e-18
-2.16715e-16
-1.04815e-16
5.51274e-16
6.05697e-16
-1.13179e-15
-2.32849e-15
1.44965e-15
7.01626e-15
1.2693e-15
-1.67053e-14
-1.58363e-14
2.83834e-14
6.11701e-14
-1.63582e-14
-1.57545e-13
-1.01589e-13
2.67438e-13
4.78734e-13
-1.36627e-13
-1.1858e-12
-8.9551e-13
1.61835e-12
3.59557e-12
4.84681e-13
-6.88247e-12
-8.69582e-12
3.90783e-12
2.18258e-11
1.82357e-11
-2.02561e-11
-5.98314e-11
-3.66083e-11
6.51328e-11
1.51866e-10
8.11111e-11
-1.64991e-10
-3.68222e-10
-2.17588e-10
3.34729e-10
8.48019e-10
6.53585e-10
-4.64998e-10
-1.76812e-09
-1.89155e-09
-2.1395e-11
2.98097e-09
4.67858e-09
2.74601e-09
-2.80117e-09
-8.69465e-09
-1.00217e-08
-3.7073e-09
8.45693e-09
1.96765e-08
2.16113e-08
9.65066e-09
-1.32365e-08
-3.67141e-08
-4.76477e-08
-3.67494e-08
-3.7969e-09
4.12879e-08
8.19932e-08
1.01622e-07
8.95541e-08
4.4859e-08
-2.40377e-08
-1.0256e-07
-1.75399e-07
-2.29482e-07
-2.59531e-07
-2.60628e-07
-2.4393e-07
-1.93613e-07
-1.54501e-07
-2.31531e-08
6.0915e-09
4.38122e-07
3.63541e-07
2.00498e-06
1.27369e-06
7.4199e-06
3.22229e-06
2.51796e-05
5.5011e-06
8.01011e-05
