ordre_2
-1.4013e-45
-2.8026e-45
-2.8026e-45
-1.4013e-45
0
1.4013e-45
1.4013e-45
0
-1.4013e-45
-2.8026e-45
-2.8026e-45
-1.4013e-45
0
1.4013e-45
1.4013e-45
2.8026e-45
1.4013e-45
0
-1.4013e-45
-2.8026e-45
-4.2039e-45
-5.60519e-45
-5.60519e-45
-4.2039e-45
-2.8026e-45
-1.4013e-45
-1.4013e-45
-0
-0
-1.4013e-45
-2.8026e-45
-4.2039e-45
-5.60519e-45
-7.00649e-45
-7.00649e-45
-5.60519e-45
-4.2039e-45
-2.8026e-45
-1.4013e-45
-1.4013e-45
-2.8026e-45
-4.2039e-45
-5.60519e-45
-7.00649e-45
-7.00649e-45
-8.40779e-45
-9.80909e-45
-1.12104e-44
-1.26117e-44
-1.4013e-44
-1.4013e-44
-1.4013e-44
-1.26117e-44
-1.12104e-44
-9.80909e-45
-8.40779e-45
-8.40779e-45
-7.00649e-45
-5.60519e-45
-4.2039e-45
-2.8026e-45
-2.8026e-45
-1.4013e-45
-0
-1.12104e-44
-2.52234e-44
-1.68156e-44
1.82169e-44
5.60519e-45
-8.82818e-44
-9.94922e-44
1.47136e-43
3.15292e-43
-2.38221e-43
-9.3887e-43
1.05097e-43
2.43826e-42
1.01874e-42
-5.67946e-42
-5.70048e-42
1.1251e-41
2.05066e-41
-1.70006e-41
-6.03777e-41
8.28728e-42
1.52024e-40
6.92914e-41
-3.24007e-40
-3.78509e-40
5.3863e-40
1.33945e-39
-4.5684e-40
-3.904e-39
-1.13967e-39
9.91584e-39
7.22426e-39
-2.19963e-38
-2.19593e-38
3.99362e-38
4.0234e-38
-3.99228e-38
