ordre_2
-2.58969e-35
-4.69452e-35
2.28708e-34
2.91071e-34
-1.09984e-33
-1.37509e-33
4.34397e-33
5.82309e-33
-1.53446e-32
-2.31273e-32
4.98701e-32
8.75535e-32
-1.50231e-31
-3.17822e-31
4.16854e-31
1.10802e-30
-1.04033e-30
-3.7075e-30
2.18858e-30
1.18792e-29
-3.03748e-30
-3.63031e-29
-2.83624e-30
1.05149e-28
4.5177e-29
-2.85732e-28
-2.3677e-28
7.15787e-28
9.53937e-28
-1.59714e-27
-3.32599e-27
2.91538e-27
1.04023e-26
-3.02876e-27
-2.94549e-26
-6.44003e-27
7.49827e-26
5.58875e-26
-1.66959e-25
-2.36389e-25
3.0099e-25
7.79444e-25
-3.1759e-25
-2.17007e-24
-5.09597e-25
5.13765e-24
4.50335e-24
-9.86998e-24
-1.75578e-23
1.25517e-23
5.13266e-23
4.87424e-24
-1.2038e-22
-9.73449e-23
2.16648e-22
3.89982e-22
-2.19758e-22
-1.08079e-21
-3.18952e-22
2.25666e-21
2.5222e-21
-3.1481e-21
-8.31406e-21
2.74539e-22
1.89768e-20
1.54716e-20
-2.90352e-20
-5.95696e-20
1.15833e-20
1.41013e-19
1.01989e-19
-2.12851e-19
-4.16805e-19
6.72538e-20
9.53406e-19
7.68783e-19
-1.2702e-18
-2.85613e-18
-1.67711e-19
5.76704e-18
6.16341e-18
-5.57192e-18
-1.83361e-17
-7.73953e-18
2.89673e-17
4.62768e-17
-8.46897e-18
-1.011e-16
-9.35771e-17
9.54652e-17
2.90956e-16
1.39136e-16
-4.12649e-16
-7.18921e-16
-4.80762e-17
1.23947e-15
1.76459e-15
-3.589e-16
-4.63283e-15
-2.48264e-15
5.04566e-15
