ordre_2
3.95801e-20
7.13841e-20
-3.40582e-19
-4.61252e-19
1.5461e-18
2.27922e-18
-5.51196e-18
-9.91333e-18
1.63583e-17
3.90247e-17
-3.90351e-17
-1.39359e-16
6.03445e-17
4.47616e-16
4.28342e-17
-1.26794e-15
-8.21533e-16
3.03721e-15
4.09255e-15
-5.50611e-15
-1.44453e-14
4.18107e-15
3.98109e-14
1.94769e-14
-8.30807e-14
-1.14414e-13
1.03614e-13
3.59308e-13
7.76145e-14
-7.53433e-13
-8.83156e-13
8.28496e-13
2.76323e-12
1.00833e-12
-4.86491e-12
-7.31098e-12
2.16649e-12
1.74384e-11
1.54545e-11
-1.69322e-11
-5.05903e-11
-2.81876e-11
6.25263e-11
1.31999e-10
5.16918e-11
-1.76679e-10
-3.28205e-10
-1.23837e-10
4.1365e-10
7.92445e-10
4.03508e-10
-7.74945e-10
-1.80877e-09
-1.38294e-09
8.98199e-10
3.6077e-09
4.12334e-09
7.43544e-10
-5.25157e-09
-9.56858e-09
-7.57055e-09
1.88964e-09
1.43542e-08
2.14524e-08
1.5924e-08
-3.03139e-09
-2.76886e-08
-4.47806e-08
-4.22032e-08
-1.58033e-08
2.748e-08
7.17976e-08
9.87235e-08
9.45991e-08
5.55841e-08
-1.14421e-08
-9.19295e-08
-1.68888e-07
-2.27968e-07
-2.60648e-07
-2.64612e-07
-2.42078e-07
-1.95788e-07
-1.26437e-07
-2.35469e-08
1.30634e-07
3.98071e-07
8.33774e-07
1.6764e-06
2.98261e-06
5.66457e-06
9.24957e-06
1.75157e-05
2.58656e-05
5.11104e-05
6.47102e-05
0.000144035
0.000138611
0.000403109
0.000215989
0.00115537
