ordre_2
2.15331e-30
-1.42977e-29
-1.99379e-29
8.27507e-29
1.0489e-28
-3.49589e-28
-4.69397e-28
1.27112e-27
1.93191e-27
-4.16053e-27
-7.48967e-27
1.2381e-26
2.75627e-26
-3.3099e-26
-9.64284e-26
7.60246e-26
3.2016e-25
-1.29116e-25
-1.00455e-24
2.92857e-26
2.95694e-24
1.05383e-24
-8.06523e-24
-6.36386e-24
1.99348e-23
2.67092e-23
-4.26102e-23
-9.36352e-23
6.90006e-23
2.87268e-22
-3.20492e-23
-7.77215e-22
-3.51185e-22
1.8203e-21
1.98177e-21
-3.46133e-21
-7.18575e-21
4.15823e-21
2.06902e-20
3.44918e-21
-4.8658e-20
-4.22766e-20
8.81695e-20
1.65824e-19
-8.84922e-20
-4.6074e-19
-1.44982e-19
9.65878e-19
1.10628e-18
-1.33405e-18
-3.6365e-18
-1.11449e-20
8.21253e-18
7.13749e-18
-1.20308e-17
-2.65522e-17
2.36802e-18
6.01587e-17
5.10577e-17
-8.11827e-17
-1.87205e-16
-9.90459e-18
3.85158e-16
4.06066e-16
-3.89954e-16
-1.23952e-15
-4.87919e-16
2.01362e-15
3.1327e-15
-6.73067e-16
-6.99156e-15
-6.37758e-15
6.66115e-15
1.99974e-14
9.86239e-15
-2.72376e-14
-5.06561e-14
-7.77826e-15
8.65758e-14
1.18685e-13
-1.74701e-14
-2.41421e-13
-2.6677e-13
1.07967e-13
6.20788e-13
5.95973e-13
-3.45921e-13
-1.5094e-12
-1.36507e-12
8.49272e-13
3.50738e-12
3.24103e-12
-1.61121e-12
-7.82015e-12
-7.95979e-12
2.34694e-12
1.54339e-11
2.0038e-11
3.52035e-12
-4.14793e-11
-2.95488e-11
