ordre_2
5.23296e-10
-3.96295e-09
-7.0071e-09
1.24023e-08
4.06421e-08
1.61835e-08
-8.6685e-08
-1.9012e-07
-1.68546e-07
4.9727e-08
4.66352e-07
1.08464e-06
1.98291e-06
3.34549e-06
5.4753e-06
8.82477e-06
1.40606e-05
2.21641e-05
3.45704e-05
5.3356e-05
8.14887e-05
0.000123155
0.000184187
0.000272597
0.000399252
0.000578691
0.00083009
0.00117839
0.00165557
0.002302
0.00316789
0.00431467
0.00581627
0.00776008
0.0102475
0.013394
0.0173278
0.0221884
0.028123
0.0352824
0.0438146
0.0538579
0.0655324
0.0789301
0.0941055
0.111065
0.129758
0.150069
0.171811
0.194724
0.218475
0.242662
0.266822
0.290448
0.313
0.333929
0.352696
0.368799
0.38179
0.391299
0.39705
0.398876
0.396726
0.390667
0.380882
0.367657
0.351375
0.332487
0.3115
0.288952
0.265387
0.241336
0.217299
0.193726
0.171009
0.149468
0.129355
0.110847
0.094053
0.0790196
0.0657373
0.0541509
0.0441692
0.0356743
0.028531
0.0225946
0.0177183
0.0137585
0.0105793
0.0080552
0.00607345
0.00453456
0.00335257
0.00245452
0.00177952
0.00127756
0.000908356
0.000639121
0.00044736
0.000300744
0.000242277
