ordre_1
1.4013e-45
2.8026e-45
4.2039e-45
5.60519e-45
7.00649e-45
8.40779e-45
9.80909e-45
1.12104e-44
1.26117e-44
1.4013e-44
4.06377e-44
4.59626e-43
6.35769e-42
8.20488e-41
9.78707e-40
1.08341e-38
1.11785e-37
1.0792e-36
9.78254e-36
8.35139e-35
6.73314e-34
5.13931e-33
3.72215e-32
2.56315e-31
1.68134e-30
1.05241e-29
6.29569e-29
3.60468e-28
1.97807e-27
1.04162e-26
5.26968e-26
2.5641e-25
1.20118e-24
5.42277e-24
2.36137e-23
9.92678e-23
4.03182e-22
1.58334e-21
6.01648e-21
2.21361e-20
7.89105e-20
2.72719e-19
9.14325e-19
2.97537e-18
9.40315e-18
2.88755e-17
8.62047e-17
2.50319e-16
7.07337e-16
1.94596e-15
5.21452e-15
1.36165e-14
3.4664e-14
8.60687e-14
2.08523e-13
4.93166e-13
1.13908e-12
2.57053e-12
5.67014e-12
1.2231e-11
2.58121e-11
5.33191e-11
1.07857e-10
2.13761e-10
4.1529e-10
7.91301e-10
1.47957e-09
2.7163e-09
4.89914e-09
8.68609e-09
1.51481e-08
2.60016e-08
4.3957e-08
7.32366e-08
1.20334e-07
1.95117e-07
3.12413e-07
4.94276e-07
7.73178e-07
1.1965e-06
1.83278e-06
2.78027e-06
4.1787e-06
6.2252e-06
9.19553e-06
1.34724e-05
1.95828e-05
2.82459e-05
4.04359e-05
5.74604e-05
8.10605e-05
0.000113534
0.000157887
0.000218018
0.000298936
0.000407021
0.000550321
0.000738892
0.000985183
0.00130445
0.00171519
