ordre_1
1.4013e-45
2.8026e-45
4.2039e-45
5.60519e-45
7.00649e-45
8.40779e-45
9.80909e-45
1.4013e-44
1.16308e-43
1.96182e-42
3.1284e-41
4.51961e-40
5.9496e-39
7.18551e-38
8.0089e-37
8.28021e-36
7.97601e-35
7.18609e-34
6.07652e-33
4.83731e-32
3.63523e-31
2.58531e-30
1.7439e-29
1.11801e-28
6.82489e-28
3.97387e-27
2.21048e-26
1.17638e-25
5.99763e-25
2.93313e-24
1.37756e-23
6.22001e-23
2.70283e-22
1.13139e-21
4.56627e-21
1.77845e-20
6.68968e-20
2.43211e-19
8.55248e-19
2.91095e-18
9.59624e-18
3.06595e-17
9.49936e-17
2.85591e-16
8.33607e-16
2.36367e-15
6.51407e-15
1.74577e-14
4.55213e-14
1.15546e-13
2.85645e-13
6.8809e-13
1.61594e-12
3.70157e-12
8.27455e-12
1.80601e-11
3.85071e-11
8.0248e-11
1.63544e-10
3.26128e-10
6.36712e-10
1.21775e-09
2.28297e-09
4.19806e-09
7.57689e-09
1.34315e-08
2.3402e-08
4.01044e-08
6.7649e-08
1.12404e-07
1.84113e-07
2.97497e-07
4.74569e-07
7.47891e-07
1.16518e-06
1.79572e-06
2.73924e-06
4.13809e-06
6.19375e-06
9.18912e-06
1.35181e-05
1.97247e-05
2.85539e-05
4.10175e-05
5.84778e-05
8.2753e-05
0.000116249
0.000162121
0.000224468
0.00030857
0.000421159
0.000570744
0.000767972
0.00102604
0.00136112
0.00179286
0.00234487
0.00304517
0.00392669
0.00502765
0.00639186
