ordre_2
3.86959e-25
2.08352e-24
-3.27284e-24
-1.25209e-23
1.43142e-23
5.61884e-23
-4.77429e-23
-2.21537e-22
1.24698e-22
8.02014e-22
-2.11395e-22
-2.70059e-21
-1.49982e-22
8.45495e-21
3.43811e-21
-2.43752e-20
-1.99095e-20
6.33344e-20
8.54645e-20
-1.41541e-19
-3.0898e-19
2.38422e-19
9.73579e-19
-1.17198e-19
-2.6773e-18
-1.25619e-18
6.2578e-18
7.17238e-18
-1.14178e-17
-2.57984e-17
1.09887e-17
7.18511e-17
2.50156e-17
-1.56333e-16
-1.79545e-16
2.32717e-16
6.10622e-16
-4.41687e-17
-1.45211e-15
-1.1426e-15
2.30119e-15
4.62853e-15
-9.13805e-16
-1.10759e-14
-8.4934e-15
1.58184e-14
3.3793e-14
1.41688e-16
-7.11125e-14
-7.39124e-14
6.94144e-14
2.25836e-13
1.04314e-13
-3.39651e-13
-5.88619e-13
2.31886e-15
1.15584e-12
1.34778e-12
-6.24492e-13
-3.32015e-12
-2.86702e-12
2.6741e-12
8.66269e-12
6.05872e-12
-8.00683e-12
-2.13301e-11
-1.3706e-11
1.9581e-11
5.04048e-11
3.44875e-11
-3.94828e-11
-1.13843e-10
-9.31899e-11
5.86053e-11
2.3909e-10
2.50302e-10
-2.34903e-11
-4.39669e-10
-6.19629e-10
-2.37053e-10
6.13849e-10
1.31408e-09
1.09226e-09
-2.99891e-10
-2.13115e-09
-2.95018e-09
-1.57608e-09
1.79338e-09
5.24183e-09
6.06367e-09
2.57923e-09
-4.28669e-09
-1.0897e-08
-1.26416e-08
-6.62835e-09
5.5873e-09
1.93815e-08
2.55348e-08
2.03449e-08
7.19126e-09
-3.93334e-08
