ordre_2
2.56784e-14
-2.94584e-15
-2.2151e-13
-4.45798e-14
9.966e-13
5.82736e-13
-3.38217e-12
-3.77793e-12
8.66051e-12
1.71643e-11
-1.32111e-11
-5.82218e-11
-1.19165e-11
1.41324e-10
1.60818e-10
-1.8728e-10
-5.7288e-10
-1.8982e-10
1.06021e-09
1.66138e-09
-1.86797e-10
-3.63327e-09
-4.43741e-09
9.49612e-10
9.70343e-09
1.24432e-08
1.41139e-09
-1.94822e-08
-3.3506e-08
-2.27333e-08
1.58176e-08
6.32602e-08
8.80071e-08
6.50083e-08
-8.48859e-09
-1.10717e-07
-2.06452e-07
-2.62666e-07
-2.58934e-07
-1.87716e-07
-4.57703e-08
1.79036e-07
5.22066e-07
1.05703e-06
1.9145e-06
3.30841e-06
5.57636e-06
9.24032e-06
1.50958e-05
2.43388e-05
3.87434e-05
6.09033e-05
9.45566e-05
0.000145012
0.000219696
0.000328846
0.000486362
0.000710827
0.00102671
0.00146572
0.00206826
0.00288501
0.00397843
0.00542413
0.007312
0.00974673
0.0128478
0.0167482
0.0215929
0.0275347
0.0347299
0.0433315
0.0534817
0.0653026
0.0788864
0.094285
0.111499
0.13047
0.151071
0.1731
0.196283
0.22027
0.244642
0.268922
0.292591
0.3151
0.335897
0.354446
0.370249
0.382872
0.391962
0.397262
0.398634
0.39602
0.389615
0.379247
0.366525
0.347326
0.337546
0.285423
0.366763
