ordre_2
-1.39639e-30
3.04707e-30
1.25833e-29
-1.70466e-29
-6.29597e-29
6.76556e-29
2.63561e-28
-2.21832e-28
-1.00448e-27
6.09774e-28
3.58726e-27
-1.29503e-27
-1.21307e-26
1.21171e-27
3.89236e-26
7.07071e-27
-1.18124e-25
-5.84383e-26
3.36266e-25
2.89808e-25
-8.84049e-25
-1.17664e-24
2.08206e-24
4.2061e-24
-4.08847e-24
-1.35656e-23
5.13341e-24
3.96839e-23
5.38388e-24
-1.04427e-22
-6.8578e-23
2.40683e-22
3.12808e-22
-4.52467e-22
-1.07315e-21
5.26457e-22
3.06064e-21
5.75329e-22
-7.33024e-21
-6.22415e-21
1.40092e-20
2.48688e-20
-1.68915e-20
-7.23094e-20
-1.17687e-20
1.6415e-19
1.51607e-19
-2.70542e-19
-5.66232e-19
1.78495e-19
1.45137e-18
7.85054e-19
-2.64735e-18
-4.02541e-18
2.4682e-18
1.11424e-17
4.4547e-18
-2.04881e-17
-2.85234e-17
1.79356e-17
7.84144e-17
3.65916e-17
-1.31321e-16
-2.06322e-16
7.02645e-17
5.00962e-16
3.6589e-16
-6.52357e-16
-1.43011e-15
-1.89926e-16
2.68012e-15
3.28478e-15
-1.73221e-15
-8.41221e-15
-6.0263e-15
9.5798e-15
2.26449e-14
7.76586e-15
-3.42144e-14
-5.51623e-14
-1.26469e-15
1.01858e-13
1.263e-13
-3.32084e-14
-2.73222e-13
-2.81442e-13
1.396e-13
6.84977e-13
6.31747e-13
-3.98265e-13
-1.63385e-12
-1.46204e-12
8.87681e-13
3.76661e-12
3.50525e-12
-1.68705e-12
-7.72498e-12
-9.18587e-12
6.87542e-13
2.18766e-11
1.09868e-11
