ordre_1
1.4013e-45
2.8026e-45
4.2039e-45
5.60519e-45
7.00649e-45
8.40779e-45
9.80909e-45
1.12104e-44
1.26117e-44
1.4013e-44
1.54143e-44
1.68156e-44
1.82169e-44
1.96182e-44
2.10195e-44
2.24208e-44
2.38221e-44
2.52234e-44
2.66247e-44
2.8026e-44
2.94273e-44
3.08286e-44
3.22299e-44
3.36312e-44
3.50325e-44
3.64338e-44
3.78351e-44
3.92364e-44
4.06377e-44
4.2039e-44
4.34403e-44
4.48416e-44
4.62428e-44
4.76441e-44
4.90454e-44
5.04467e-44
5.1848e-44
5.32493e-44
5.46506e-44
5.60519e-44
5.74532e-44
5.88545e-44
6.02558e-44
6.16571e-44
6.30584e-44
6.44597e-44
6.5861e-44
6.72623e-44
6.86636e-44
7.00649e-44
7.14662e-44
7.28675e-44
7.42688e-44
7.56701e-44
7.70714e-44
7.84727e-44
7.9874e-44
8.12753e-44
8.26766e-44
8.40779e-44
8.54792e-44
8.68805e-44
8.82818e-44
8.96831e-44
9.10844e-44
9.24857e-44
9.66896e-44
1.28919e-43
2.84464e-43
9.86514e-43
4.08198e-42
1.7449e-41
7.41861e-41
3.1094e-40
1.28237e-39
5.20261e-39
2.07645e-38
8.15416e-38
3.15109e-37
1.1985e-36
4.48716e-36
1.65399e-35
6.00318e-35
2.14576e-34
7.5543e-34
2.61986e-33
8.95139e-33
3.01362e-32
9.99836e-32
3.26937e-31
1.05378e-30
3.34836e-30
1.04898e-29
3.24045e-29
9.87172e-29
2.96605e-28
8.79041e-28
2.56999e-27
7.41296e-27
2.10976e-26
5.92518e-26
