ordre_2
4.89019e-27
3.50632e-25
-1.87829e-26
-2.05742e-24
-1.47254e-25
8.88768e-24
2.02092e-24
-3.33114e-23
-1.417e-23
1.13316e-22
7.63321e-23
-3.54063e-22
-3.50185e-22
1.01107e-21
1.42651e-21
-2.57984e-21
-5.25826e-21
5.54589e-21
1.76602e-20
-8.21985e-21
-5.39429e-20
-2.76821e-21
1.48142e-19
8.44232e-20
-3.55788e-19
-4.24657e-19
6.97494e-19
1.52949e-18
-8.67505e-19
-4.47834e-18
-7.23051e-19
1.07849e-17
9.25782e-18
-2.00463e-17
-3.72296e-17
2.07441e-17
1.05162e-16
3.30248e-17
-2.21137e-16
-2.5804e-16
2.95362e-16
8.43207e-16
6.42378e-17
-1.83966e-15
-1.80968e-15
2.39447e-15
6.21399e-15
7.48885e-16
-1.26404e-14
-1.41169e-14
1.25051e-14
4.23824e-14
1.80994e-14
-6.81578e-14
-1.10045e-13
1.81387e-14
2.40808e-13
2.33748e-13
-2.09191e-13
-6.97905e-13
-4.09538e-13
8.56243e-13
1.80638e-12
5.76161e-13
-2.67338e-12
-4.39635e-12
-6.1853e-13
7.23153e-12
1.04441e-11
6.57217e-13
-1.76984e-11
-2.47658e-11
-2.47478e-12
3.9524e-11
5.86941e-11
1.44096e-11
-7.87971e-11
-1.36037e-10
-6.44594e-11
1.30316e-10
2.95702e-10
2.26076e-10
-1.3674e-10
-5.64776e-10
-6.42203e-10
-1.02381e-10
8.35361e-10
1.45956e-09
1.02567e-09
-5.72981e-10
-2.44822e-09
-3.10211e-09
-1.4515e-09
2.14151e-09
5.59743e-09
6.37162e-09
2.56448e-09
-4.47896e-09
-1.03519e-08
-1.60832e-08
-1.31381e-09
