ordre_1
1.4013e-45
2.8026e-45
4.2039e-45
5.60519e-45
7.00649e-45
8.40779e-45
9.80909e-45
1.12104e-44
1.26117e-44
1.4013e-44
1.54143e-44
1.68156e-44
1.82169e-44
1.96182e-44
2.10195e-44
2.24208e-44
2.38221e-44
2.52234e-44
2.66247e-44
2.8026e-44
2.94273e-44
3.08286e-44
3.22299e-44
3.36312e-44
3.50325e-44
3.64338e-44
3.78351e-44
3.92364e-44
4.06377e-44
4.2039e-44
4.34403e-44
4.48416e-44
4.62428e-44
4.76441e-44
4.90454e-44
5.04467e-44
5.1848e-44
5.32493e-44
5.46506e-44
5.60519e-44
5.74532e-44
5.88545e-44
6.02558e-44
6.16571e-44
6.30584e-44
6.44597e-44
7.14662e-44
1.28919e-43
4.55422e-43
2.21125e-42
1.14724e-41
5.9118e-41
2.98576e-40
1.47496e-39
7.12585e-39
3.36771e-38
1.55742e-37
7.04991e-37
3.12463e-36
1.35636e-35
5.7681e-35
2.40376e-34
9.81885e-34
3.93236e-33
1.54445e-32
5.95011e-32
2.24909e-31
8.34286e-31
3.0377e-30
1.08589e-29
3.81177e-29
1.31418e-28
4.45096e-28
1.48117e-27
4.8438e-27
1.55696e-26
4.91985e-26
1.52857e-25
4.67038e-25
1.40352e-24
4.14912e-24
1.20679e-23
3.45392e-23
9.7289e-23
2.69742e-22
7.36261e-22
1.97867e-21
5.23644e-21
1.36483e-20
3.50399e-20
8.8623e-20
2.20845e-19
5.42307e-19
1.31243e-18
3.13068e-18
7.36187e-18
1.7068e-17
3.90194e-17
8.79707e-17
1.9562e-16
4.29102e-16
