ordre_2
-1.4013e-45
-2.8026e-45
-2.8026e-45
-1.4013e-45
0
1.4013e-45
1.4013e-45
0
-1.4013e-45
-2.8026e-45
-2.8026e-45
-1.4013e-45
0
1.4013e-45
1.4013e-45
2.8026e-45
1.4013e-45
0
-1.4013e-45
-2.8026e-45
-4.2039e-45
-5.60519e-45
-1.4013e-45
9.80909e-45
1.4013e-44
-1.82169e-44
-3.78351e-44
4.62428e-44
1.21913e-43
-1.02295e-43
-3.89561e-43
1.80768e-43
1.17289e-42
-1.77965e-43
-3.41917e-42
-5.59118e-43
9.54004e-42
4.71397e-42
-2.53032e-41
-2.19668e-41
6.29239e-41
8.38229e-41
-1.43399e-40
-2.85388e-40
2.8405e-40
8.92728e-40
-4.16003e-40
-2.59398e-39
4.27788e-41
7.00592e-39
2.91889e-39
-1.74414e-38
-1.55998e-38
3.91504e-38
5.94128e-38
-7.50437e-38
-1.91891e-37
1.02585e-37
5.50595e-37
1.07842e-38
-1.41816e-36
-7.6297e-37
3.23934e-36
3.68035e-36
-6.26508e-36
-1.27861e-35
8.74298e-36
3.71785e-35
-7.2643e-37
-9.35418e-35
-5.30528e-35
2.01197e-34
2.52503e-34
-3.43488e-34
-8.33095e-34
3.23866e-34
2.23993e-33
6.39758e-34
-5.02044e-33
-4.83243e-33
8.90352e-33
1.76118e-32
-9.45484e-33
-4.87285e-32
-1.0752e-32
1.08651e-31
9.97565e-32
-1.8481e-31
-3.58572e-31
1.60912e-31
9.34465e-31
3.89753e-31
-1.88358e-30
-2.61127e-30
2.74166e-30
8.83354e-30
-1.90299e-30
-2.17663e-29
-2.60958e-30
3.61839e-29
6.03734e-30
