ordre_2
8.1183e-21
-1.76729e-20
-7.32451e-20
9.29648e-20
3.65828e-19
-3.2454e-19
-1.51281e-18
8.12093e-19
5.58189e-18
-9.77565e-19
-1.86917e-17
-3.96972e-18
5.6507e-17
3.68096e-17
-1.50664e-16
-1.81799e-16
3.34789e-16
6.94316e-16
-5.19269e-16
-2.19536e-15
-1.01364e-17
5.74977e-15
3.98465e-15
-1.17764e-14
-1.87164e-14
1.47361e-14
5.72762e-14
1.14823e-14
-1.26015e-13
-1.36325e-13
1.68762e-13
4.65186e-13
5.95483e-14
-9.73488e-13
-1.09487e-12
9.91583e-13
3.36391e-12
1.4836e-12
-5.38253e-12
-9.00706e-12
7.25813e-13
1.88623e-11
2.07383e-11
-1.19753e-11
-5.45815e-11
-4.49769e-11
4.57964e-11
1.42368e-10
1.01995e-10
-1.22486e-10
-3.47693e-10
-2.59768e-10
2.45703e-10
7.94585e-10
7.19169e-10
-2.9224e-10
-1.6251e-09
-1.94586e-09
-3.09026e-10
2.64177e-09
4.5894e-09
3.08806e-09
-2.16572e-09
-8.19546e-09
-1.01041e-08
-4.48707e-09
7.34941e-09
1.89222e-08
2.17887e-08
1.08483e-08
-1.15275e-08
-3.53507e-08
-4.73804e-08
-3.78273e-08
-5.84613e-09
3.90686e-08
8.04541e-08
1.01295e-07
9.04914e-08
4.66408e-08
-2.19862e-08
-1.00945e-07
-1.74273e-07
-2.29603e-07
-2.58995e-07
-2.63068e-07
-2.39635e-07
-2.03294e-07
-1.29278e-07
-6.95806e-08
1.27416e-07
2.11981e-07
9.07917e-07
9.64686e-07
3.60047e-06
2.93881e-06
1.26708e-05
7.10217e-06
4.17758e-05
1.18743e-05
0.000131
