ordre_2
-2.46783e-41
3.31267e-42
2.20444e-40
-9.07901e-42
-1.08535e-39
-3.76347e-41
4.44769e-39
5.69168e-40
-1.65567e-38
-4.01877e-39
5.78154e-38
2.20266e-38
-1.92046e-37
-1.04777e-37
6.10298e-37
4.52629e-37
-1.85705e-36
-1.81712e-36
5.39415e-36
6.86785e-36
-1.4845e-35
-2.46214e-35
3.81464e-35
8.40692e-35
-8.88784e-35
-2.73835e-34
1.74928e-34
8.50432e-34
-2.22691e-34
-2.5112e-33
-2.51385e-34
7.01027e-33
3.32687e-33
-1.83112e-32
-1.64752e-32
4.39066e-32
6.35247e-32
-9.28707e-32
-2.13188e-31
1.55675e-31
6.444e-31
-1.14884e-31
-1.76953e-30
-5.59991e-31
4.38142e-30
3.69619e-30
-9.50743e-30
-1.46187e-29
1.66707e-29
4.67133e-29
-1.65223e-29
-1.28276e-28
-3.23864e-29
3.04287e-28
2.63332e-28
-5.99676e-28
-1.02504e-27
8.40153e-28
3.05955e-27
-7.97879e-29
-7.51713e-27
-4.81406e-27
1.49203e-26
2.18098e-26
-2.05924e-26
-6.65147e-26
1.42377e-27
1.58235e-25
1.12534e-25
-2.87181e-25
-4.78084e-25
3.03263e-25
1.33831e-24
3.44204e-25
-2.7946e-24
-3.01197e-24
3.9173e-24
1.00022e-23
-5.72029e-25
-2.28944e-23
-1.80009e-23
3.55522e-23
7.03339e-23
-1.71693e-23
-1.69024e-22
-1.12805e-22
2.66022e-22
4.87166e-22
-1.31704e-22
-1.17246e-21
-7.82832e-22
1.74022e-21
3.21386e-21
-3.55227e-22
-7.07069e-21
-7.26627e-21
9.36713e-21
2.65151e-20
-4.46136e-21
-5.02239e-20
-3.60543e-21
