ordre_2
-1.4013e-45
-2.8026e-45
-2.8026e-45
-5.60519e-45
-8.40779e-45
5.60519e-45
1.96182e-44
-2.38221e-44
-8.26766e-44
6.5861e-44
2.85865e-43
-1.98984e-43
-1.00053e-42
5.21283e-43
3.37573e-42
-1.16028e-42
-1.10731e-41
1.68716e-42
3.52244e-41
1.77124e-42
-1.08704e-40
-2.92787e-41
3.2459e-40
1.65987e-40
-9.3388e-40
-7.35714e-40
2.57197e-39
2.87816e-39
-6.70808e-39
-1.03578e-38
1.62601e-38
3.49131e-38
-3.52623e-38
-1.11126e-37
6.19177e-38
3.34871e-37
-5.30719e-38
-9.53905e-37
-2.13405e-37
2.5533e-36
1.59886e-36
-6.34173e-36
-6.98446e-36
1.42464e-35
2.50191e-35
-2.72649e-35
-7.92379e-35
3.63031e-35
2.27239e-34
1.23542e-35
-5.91857e-34
-3.24731e-34
1.38084e-33
1.54978e-33
-2.76668e-33
-5.45586e-33
4.16834e-33
1.62186e-32
-1.61832e-33
-4.20263e-32
-1.99283e-32
9.41329e-32
1.05299e-31
-1.72016e-31
-3.65771e-31
2.01389e-31
1.02709e-30
1.52618e-31
-2.41526e-30
-1.93385e-30
4.59622e-30
7.72429e-30
-5.88444e-30
-2.25347e-29
-1.43384e-30
5.26721e-29
4.04735e-29
-9.56919e-29
-1.64097e-28
1.04989e-28
4.60207e-28
9.8559e-29
-9.9177e-28
-9.85471e-28
1.52686e-27
3.46032e-27
-8.06909e-28
-8.53949e-27
-4.81852e-27
1.52561e-26
2.27035e-26
-1.40909e-26
-6.19836e-26
-2.73704e-26
1.21939e-25
1.82983e-25
-1.68927e-25
-5.48067e-25
1.36089e-25
9.87449e-25
-3.29865e-26
