ordre_2
-1.4013e-45
-2.8026e-45
-2.8026e-45
-1.4013e-45
0
1.4013e-45
1.4013e-45
0
-1.4013e-45
-2.8026e-45
-2.8026e-45
-1.4013e-45
0
1.4013e-45
1.4013e-45
2.8026e-45
1.4013e-45
0
-1.4013e-45
-2.8026e-45
-4.2039e-45
-5.60519e-45
-5.60519e-45
-4.2039e-45
-2.8026e-45
-1.4013e-45
-1.4013e-45
-0
-0
-1.4013e-45
-2.8026e-45
-4.2039e-45
-5.60519e-45
-7.00649e-45
-7.00649e-45
-7.00649e-45
-1.12104e-44
-1.26117e-44
-1.4013e-45
1.4013e-44
-2.8026e-45
-4.06377e-44
-8.40779e-45
1.06499e-43
5.46506e-44
-2.81661e-43
-2.70451e-43
6.5861e-43
9.83712e-43
-1.41811e-42
-3.24821e-42
2.49852e-42
9.78947e-42
-2.56858e-42
-2.73043e-41
-5.08111e-42
7.0348e-41
4.52703e-41
-1.64972e-40
-1.96112e-40
3.39781e-40
6.76005e-40
-5.5537e-40
-2.03029e-39
4.17632e-40
5.44999e-39
1.74087e-39
-1.30568e-38
-1.13744e-38
2.71386e-38
4.36439e-38
-4.4621e-38
-1.34942e-37
3.59662e-38
3.58479e-37
1.17719e-37
-8.22605e-37
-7.80994e-37
1.56434e-36
2.88327e-36
-2.07742e-36
-8.39034e-36
-1.42312e-37
2.04423e-35
1.31491e-35
-4.10253e-35
-5.73137e-35
5.95894e-35
1.73598e-34
-1.62485e-35
-4.20693e-34
-2.92553e-34
8.23882e-34
1.40394e-33
-1.21727e-33
-4.41652e-33
1.01523e-33
1.06222e-32
5.24254e-34
-1.75195e-32
-1.84167e-33
