ordre_1
2.06324e-23
1.18926e-21
3.37243e-20
6.27221e-19
8.60607e-18
9.29118e-17
8.22063e-16
6.1307e-15
3.9339e-14
2.20639e-13
1.09524e-12
4.86085e-12
1.94529e-11
7.07092e-11
2.34933e-10
7.17549e-10
2.02513e-09
5.30718e-09
1.29752e-08
2.97303e-08
6.41403e-08
1.30907e-07
2.53988e-07
4.70845e-07
8.3832e-07
1.44104e-06
2.40381e-06
3.90991e-06
6.22794e-06
9.75009e-06
1.50455e-05
2.29329e-05
3.45779e-05
5.16209e-05
7.63444e-05
0.000111888
0.000162523
0.00023399
0.000333924
0.000472359
0.000662329
0.000920562
0.00126827
0.00173201
0.0023446
0.00314608
0.00418457
0.00551715
0.00721044
0.00934096
0.0119951
0.0152688
0.0192658
0.0240966
0.0298751
0.0367156
0.0447278
0.0540122
0.0646537
0.0767155
0.090232
0.105203
0.121586
0.139292
0.158183
0.178067
0.198699
0.219785
0.240986
0.261925
0.282196
0.301381
0.319061
0.334827
0.348305
0.359161
0.367123
0.371984
0.373618
0.371984
0.367123
0.359161
0.348305
0.334827
0.319061
0.301381
0.282196
0.261925
0.240986
0.219785
0.198699
0.178067
0.158183
0.139292
0.121586
0.105203
0.090232
0.0767155
0.0646537
0.0540122
0.0447278
