ordre_1
3.14825e-28
2.31839e-26
8.42717e-25
2.0158e-23
3.56934e-22
4.98986e-21
5.73633e-20
5.57726e-19
4.68132e-18
3.44577e-17
2.25187e-16
1.31974e-15
6.99391e-15
3.37491e-14
1.4918e-13
6.07177e-13
2.28591e-12
7.9931e-12
2.60547e-11
7.94405e-11
2.27278e-10
6.11972e-10
1.55531e-09
3.74141e-09
8.54302e-09
1.85685e-08
3.85295e-08
7.65539e-08
1.46102e-07
2.687e-07
4.77811e-07
8.24331e-07
1.38446e-06
2.27105e-06
3.64997e-06
5.76343e-06
8.963e-06
1.37552e-05
2.08639e-05
3.13136e-05
4.65398e-05
6.8533e-05
0.000100023
0.000144714
0.000207575
0.000295203
0.000416257
0.000581972
0.000806765
0.00110891
0.00151131
0.00204229
0.00273647
0.00363558
0.00478922
0.00625557
0.00810178
0.0104041
0.0132478
0.016726
0.020939
0.0259916
0.0319908
0.0390419
0.0472447
0.056688
0.0674443
0.0795639
0.0930687
0.107947
0.124146
0.141571
0.160079
0.179478
0.19953
0.219951
0.240415
0.260566
0.280023
0.298394
0.315287
0.330326
0.343162
0.35349
0.361057
0.365674
0.367226
0.365674
0.361057
0.35349
0.343162
0.330326
0.315287
0.298394
0.280023
0.260566
0.240415
0.219951
0.19953
0.179478
0.160079
