ordre_2
6.40186e-26
3.4499e-25
-5.43059e-25
-2.07312e-24
2.39142e-24
9.30716e-24
-8.08422e-24
-3.67512e-23
2.17316e-23
1.33496e-22
-4.03545e-23
-4.52296e-22
-2.3316e-24
1.4306e-21
4.88008e-22
-4.19225e-21
-3.05077e-21
1.11847e-20
1.35888e-20
-2.61945e-20
-5.0642e-20
4.91077e-20
1.64866e-19
-4.86163e-20
-4.72486e-19
-1.34464e-19
1.17301e-18
1.0547e-18
-2.3887e-18
-4.22806e-18
3.29225e-18
1.28537e-17
7.20326e-19
-3.11794e-17
-2.45453e-17
5.70266e-17
1.02571e-16
-5.47894e-17
-2.85223e-16
-1.06607e-16
5.69011e-16
7.3135e-16
-6.50524e-16
-2.223e-15
-5.72236e-16
4.37506e-15
5.37789e-15
-4.31938e-15
-1.57737e-14
-6.47743e-15
2.67493e-14
4.10229e-14
-1.26736e-14
-9.77686e-14
-7.93702e-14
1.10833e-13
2.8178e-13
9.67204e-14
-4.44323e-13
-7.02249e-13
3.67816e-14
1.39025e-12
1.60188e-12
-6.69039e-13
-3.81788e-12
-3.52732e-12
2.55325e-12
9.68578e-12
7.9222e-12
-6.96227e-12
-2.32647e-11
-1.88881e-11
1.50035e-11
5.31547e-11
4.77466e-11
-2.36088e-11
-1.1369e-10
-1.22589e-10
1.16932e-11
2.18067e-10
3.00956e-10
9.43145e-11
-3.39855e-10
-6.62272e-10
-4.7499e-10
3.00873e-10
1.19932e-09
1.41563e-09
4.1527e-10
-1.46687e-09
-2.97156e-09
-2.64421e-09
3.69074e-11
3.90078e-09
6.38327e-09
5.22245e-09
-4.88484e-10
-7.77936e-09
-1.23099e-08
-1.43827e-08
5.43962e-09
