ordre_2
-1.4013e-45
-2.8026e-45
-2.8026e-45
-1.4013e-45
0
1.4013e-45
1.4013e-45
0
-1.4013e-45
-2.8026e-45
-2.8026e-45
-1.4013e-45
0
1.4013e-45
1.4013e-45
2.8026e-45
1.4013e-45
0
-1.4013e-45
-2.8026e-45
-4.2039e-45
-5.60519e-45
-5.60519e-45
-4.2039e-45
-2.8026e-45
-1.4013e-45
-1.4013e-45
-0
-0
-1.4013e-45
-2.8026e-45
-4.2039e-45
-5.60519e-45
-7.00649e-45
-7.00649e-45
-5.60519e-45
-4.2039e-45
-2.8026e-45
-1.4013e-45
-1.4013e-45
-2.8026e-45
-4.2039e-45
-5.60519e-45
-7.00649e-45
-7.00649e-45
-8.40779e-45
-9.80909e-45
-1.12104e-44
-1.26117e-44
-1.4013e-44
-1.4013e-44
-1.4013e-44
-1.26117e-44
-1.12104e-44
-9.80909e-45
-8.40779e-45
-8.40779e-45
-7.00649e-45
-5.60519e-45
-4.2039e-45
-2.8026e-45
-2.8026e-45
-4.2039e-45
0
1.4013e-45
-7.00649e-45
-2.66247e-44
-1.82169e-44
1.96182e-44
1.4013e-44
-8.68805e-44
-1.21913e-43
1.30321e-43
3.5593e-43
-1.65353e-43
-1.00473e-42
-1.1911e-43
2.4873e-42
1.62831e-42
-5.46506e-42
-7.12e-42
9.89737e-42
2.32377e-41
-1.19096e-41
-6.3902e-41
-7.17745e-42
1.5053e-40
1.09897e-40
-2.94018e-40
-4.72242e-40
4.11448e-40
1.52653e-39
-8.14295e-41
-4.19932e-39
-1.95611e-39
1.01126e-38
8.19958e-39
-2.08125e-38
-2.0076e-38
3.14984e-38
2.28923e-38
