ordre_2
1.34104e-21
-1.71372e-22
-1.18418e-20
-4.60095e-22
5.67743e-20
1.23445e-20
-2.21691e-19
-9.94738e-20
7.61269e-19
5.67724e-19
-2.33514e-18
-2.65594e-18
6.30896e-18
1.07295e-17
-1.42384e-17
-3.81787e-17
2.23654e-17
1.199e-16
2.80771e-18
-3.27562e-16
-2.02678e-16
7.46268e-16
1.01418e-15
-1.24942e-15
-3.45701e-15
6.51694e-16
9.06855e-15
5.38152e-15
-1.76621e-14
-2.72838e-14
1.8698e-14
7.9679e-14
2.77126e-14
-1.55738e-13
-2.07503e-13
1.4687e-13
5.98081e-13
2.80532e-13
-9.91947e-13
-1.62868e-12
3.34976e-13
3.72525e-12
3.44798e-12
-3.61247e-12
-1.10284e-11
-5.8122e-12
1.45344e-11
2.8819e-11
7.91373e-12
-4.42572e-11
-7.11003e-11
-1.07111e-11
1.15048e-10
1.72676e-10
2.9511e-11
-2.62426e-10
-4.16505e-10
-1.37898e-10
5.08656e-10
9.68251e-10
5.79121e-10
-7.2418e-10
-2.02763e-09
-1.93165e-09
2.27317e-10
3.37502e-09
4.97846e-09
2.79582e-09
-3.00279e-09
-9.0798e-09
-1.05639e-08
-4.38811e-09
7.83352e-09
1.96165e-08
2.276e-08
1.22859e-08
-9.75322e-09
-3.40703e-08
-4.80108e-08
-4.16498e-08
-1.30009e-08
3.02228e-08
7.32199e-08
9.9512e-08
9.72922e-08
6.2732e-08
2.22232e-09
-7.34963e-08
-1.46339e-07
-2.10311e-07
-2.42742e-07
-2.69594e-07
-2.3486e-07
-2.55352e-07
-1.17301e-07
-2.31909e-07
1.76052e-07
-2.66506e-07
9.94693e-07
-3.34293e-07
3.43787e-06
