ordre_2
-1.4013e-45
-2.8026e-45
-2.8026e-45
-1.4013e-45
0
1.4013e-45
1.4013e-45
0
-1.4013e-45
-2.8026e-45
-2.8026e-45
-1.4013e-45
0
1.4013e-45
1.4013e-45
2.8026e-45
1.4013e-45
0
-1.4013e-45
-2.8026e-45
-4.2039e-45
-5.60519e-45
-5.60519e-45
-4.2039e-45
-2.8026e-45
-1.4013e-45
-1.4013e-45
-0
-0
-1.4013e-45
-2.8026e-45
-4.2039e-45
-5.60519e-45
-7.00649e-45
-5.60519e-45
5.60519e-45
1.4013e-44
-7.00649e-45
-3.22299e-44
4.2039e-45
8.26766e-44
-1.4013e-45
-2.45227e-43
-1.03696e-43
6.29183e-43
5.05869e-43
-1.54703e-42
-1.98844e-42
3.44439e-42
6.78509e-42
-6.57489e-42
-2.10335e-41
8.852e-42
6.01928e-41
2.55597e-42
-1.59159e-40
-7.84545e-41
3.84959e-40
3.85656e-40
-8.2893e-40
-1.40664e-39
1.47781e-39
4.38619e-39
-1.63164e-39
-1.21547e-38
-2.06422e-39
3.00997e-38
2.12195e-38
-6.53209e-38
-8.9423e-38
1.16163e-37
2.90453e-37
-1.28316e-37
-8.01369e-37
-1.42669e-37
1.91116e-36
1.48704e-36
-3.83229e-36
-6.00198e-36
5.72716e-36
1.83242e-35
-2.50764e-36
-4.64627e-35
-2.33823e-35
9.79237e-35
1.18539e-34
-1.57234e-34
-3.81117e-34
1.09236e-34
9.60301e-34
4.66028e-34
-1.93334e-33
-2.73832e-33
2.85709e-33
9.32974e-33
-1.88445e-33
-2.44834e-32
-4.43902e-33
4.91134e-32
1.51618e-32
-5.14985e-32
