ordre_2
-1.39824e-40
-1.08814e-38
8.28358e-40
6.45012e-38
5.40565e-41
-2.84131e-37
-2.55588e-38
1.10051e-36
2.20928e-37
-3.94363e-36
-1.32429e-36
1.33464e-35
6.64381e-36
-4.30261e-35
-2.97511e-35
1.32428e-34
1.22572e-34
-3.8822e-34
-4.72268e-34
1.07623e-33
1.7176e-33
-2.78062e-33
-5.9263e-33
6.50043e-33
1.94392e-32
-1.27978e-32
-6.05944e-32
1.61474e-32
1.78963e-31
1.93813e-32
-4.97658e-31
-2.47082e-31
1.28789e-30
1.21197e-30
-3.03381e-30
-4.62683e-30
6.19894e-30
1.53275e-29
-9.52988e-30
-4.55164e-29
3.14573e-30
1.21905e-28
5.38123e-29
-2.90827e-28
-2.94381e-28
5.93073e-28
1.0853e-27
-9.07536e-28
-3.28513e-27
3.80614e-28
8.50885e-27
4.19531e-27
-1.86525e-26
-2.20968e-26
3.20206e-26
7.50368e-26
-2.90191e-26
-2.02022e-25
-6.66111e-26
4.41125e-25
4.67676e-25
-7.21764e-25
-1.62925e-24
5.19696e-25
4.21638e-24
1.93794e-24
-8.35464e-24
-1.09099e-23
1.07936e-23
3.35584e-23
2.08933e-24
-7.46562e-23
-6.57179e-23
1.13913e-22
2.42648e-22
-4.90512e-23
-5.81035e-22
-3.94073e-22
9.341e-22
1.68902e-21
-5.27593e-22
-4.14267e-21
-2.63738e-21
6.4782e-21
1.16604e-20
-2.82269e-21
-2.73651e-20
-2.04059e-20
3.78344e-20
8.00522e-20
-1.18149e-21
-1.66448e-19
-1.5904e-19
1.67416e-19
4.9324e-19
2.34418e-19
-8.61584e-19
-1.4941e-18
8.56286e-19
3.20744e-18
-3.4374e-19
