ordre_2
-1.4013e-45
-2.8026e-45
-2.8026e-45
-1.4013e-45
0
1.4013e-45
1.4013e-45
0
-1.4013e-45
-2.8026e-45
-2.8026e-45
-1.4013e-45
0
1.4013e-45
1.4013e-45
2.8026e-45
1.4013e-45
0
-1.4013e-45
-2.8026e-45
-4.2039e-45
-5.60519e-45
-5.60519e-45
-4.2039e-45
-2.8026e-45
-1.4013e-45
-1.4013e-45
-0
0
0
4.2039e-45
7.00649e-45
-7.00649e-45
-2.52234e-44
-5.60519e-45
4.34403e-44
5.60519e-45
-1.4013e-43
-7.00649e-44
3.61535e-43
3.1249e-43
-9.02436e-43
-1.19531e-42
2.07532e-42
4.06937e-42
-4.18568e-42
-1.27672e-41
6.44597e-42
3.73264e-41
-2.34017e-42
-1.01872e-40
-3.66201e-41
2.57629e-40
2.10293e-40
-5.92972e-40
-8.25767e-40
1.18963e-39
2.73091e-39
-1.83141e-39
-8.02837e-39
8.56999e-40
2.12925e-38
8.48814e-39
-5.0635e-38
-4.80419e-38
1.04612e-37
1.78431e-37
-1.70184e-37
-5.45977e-37
1.28215e-37
1.44885e-36
5.00518e-37
-3.34206e-36
-3.19353e-36
6.43454e-36
1.17495e-35
-8.80421e-36
-3.43045e-35
3.53148e-37
8.42145e-35
5.26787e-35
-1.71693e-34
-2.39411e-34
2.61844e-34
7.49069e-34
-1.42127e-34
-1.87185e-33
-9.02984e-34
3.72467e-33
4.72625e-33
-5.05275e-33
-1.5229e-32
-1.98912e-34
3.89877e-32
2.97087e-32
-8.39216e-32
-1.17906e-31
1.51761e-31
2.83505e-31
-2.05824e-31
-3.20977e-31
