ordre_2
-7.97885e-19
1.7352e-18
7.20289e-18
-8.87452e-18
-3.59241e-17
2.90134e-17
1.47387e-16
-6.05411e-17
-5.3298e-16
-7.60173e-19
1.71476e-15
7.75212e-16
-4.82136e-15
-4.79433e-15
1.12456e-14
2.01092e-14
-1.85512e-14
-6.64381e-14
3.64924e-15
1.75295e-13
1.21856e-13
-3.44296e-13
-5.79045e-13
3.46351e-13
1.6796e-12
7.02741e-13
-3.21283e-12
-4.6756e-12
2.53875e-12
1.28416e-11
7.94683e-12
-1.87719e-11
-3.73196e-11
-3.44264e-12
7.17898e-11
9.18529e-11
-3.02164e-11
-2.15565e-10
-2.14553e-10
1.29184e-10
5.67768e-10
5.25185e-10
-3.0448e-10
-1.35495e-09
-1.38707e-09
3.33457e-10
2.84142e-09
3.67731e-09
8.90891e-10
-4.59574e-09
-8.60707e-09
-6.41756e-09
3.02603e-09
1.47646e-08
1.99195e-08
1.1561e-08
-9.45822e-09
-3.30465e-08
-4.44667e-08
-3.26333e-08
2.76973e-09
4.95979e-08
8.80051e-08
9.90472e-08
7.26976e-08
1.16012e-08
-7.05755e-08
-1.54693e-07
-2.22662e-07
-2.62221e-07
-2.68469e-07
-2.42131e-07
-1.85421e-07
-9.65371e-08
3.66927e-08
2.44587e-07
5.86678e-07
1.16907e-06
2.17195e-06
3.89195e-06
6.80623e-06
1.16668e-05
1.96403e-05
3.25005e-05
5.29129e-05
8.47722e-05
0.000133781
0.00020783
0.000318494
0.000480117
0.000716143
0.00104675
0.00152667
0.00215209
0.00310717
0.00413973
0.0061456
0.00721013
0.0124022
0.0098195
0.0285151
