ordre_1
1.4013e-45
2.8026e-45
4.2039e-45
5.60519e-45
7.00649e-45
8.40779e-45
9.80909e-45
1.12104e-44
1.26117e-44
1.4013e-44
1.54143e-44
1.68156e-44
1.82169e-44
1.96182e-44
2.10195e-44
2.24208e-44
2.38221e-44
2.52234e-44
2.66247e-44
2.8026e-44
2.94273e-44
3.08286e-44
3.22299e-44
3.36312e-44
3.50325e-44
3.64338e-44
3.78351e-44
3.92364e-44
4.06377e-44
4.2039e-44
4.34403e-44
4.48416e-44
4.62428e-44
4.76441e-44
4.90454e-44
5.04467e-44
5.1848e-44
5.32493e-44
5.46506e-44
5.60519e-44
5.74532e-44
5.88545e-44
6.02558e-44
6.16571e-44
6.30584e-44
6.44597e-44
6.5861e-44
6.72623e-44
6.86636e-44
7.00649e-44
7.70714e-44
1.31722e-43
4.24593e-43
1.9422e-42
9.6087e-42
4.74368e-41
2.30097e-40
1.09346e-39
5.08942e-39
2.32048e-38
1.03667e-37
4.53917e-37
1.94847e-36
8.20168e-36
3.38618e-35
1.37157e-34
5.45164e-34
2.12683e-33
8.14571e-33
3.06342e-32
1.1315e-31
4.10539e-31
1.46351e-30
5.12692e-30
1.76529e-29
5.9752e-29
1.98856e-28
6.50805e-28
2.09487e-27
6.63331e-27
2.06651e-26
6.33496e-26
1.91125e-25
5.67569e-25
1.65926e-24
4.77597e-24
1.35371e-23
3.77886e-23
1.03903e-22
2.81439e-22
7.51081e-22
1.97511e-21
5.1186e-21
1.30744e-20
3.29199e-20
8.17173e-20
2.00005e-19
4.82715e-19
1.149e-18
2.69758e-18
6.2476e-18
