ordre_2
2.88667e-43
2.27417e-41
-1.78245e-42
-1.34942e-40
8.54792e-43
5.95527e-40
4.52493e-41
-2.31353e-39
-4.11762e-40
8.32767e-39
2.51507e-39
-2.83671e-38
-1.27719e-38
9.22973e-38
5.78001e-38
-2.87776e-37
-2.40729e-37
8.59105e-37
9.38837e-37
-2.44422e-36
-3.46314e-36
6.56342e-36
1.21527e-35
-1.63279e-35
-4.06885e-35
3.61824e-35
1.30072e-34
-6.4232e-35
-3.96497e-34
5.10871e-35
1.14828e-33
2.65194e-34
-3.13761e-33
-1.92871e-33
7.98925e-33
8.52702e-33
-1.85158e-32
-3.11225e-32
3.70784e-32
1.00659e-31
-5.46727e-32
-2.95155e-31
7.10506e-33
7.87117e-31
3.67199e-31
-1.88556e-30
-1.92286e-30
3.90844e-30
7.05381e-30
-6.26859e-30
-2.15479e-29
3.95201e-30
5.70261e-29
2.30231e-29
-1.30063e-28
-1.35546e-28
2.42131e-28
4.86222e-28
-2.93748e-28
-1.38379e-27
-1.74392e-28
3.26102e-27
2.59213e-27
-6.13508e-27
-1.04332e-26
7.46824e-27
3.01321e-26
3.7074e-27
-6.85694e-26
-5.87863e-26
1.17245e-25
2.24908e-25
-1.0203e-25
-5.98416e-25
-2.29112e-25
1.19232e-24
1.46928e-24
-1.531e-24
-4.56844e-24
-2.96773e-25
1.00075e-23
9.04125e-24
-1.46051e-23
-3.24865e-23
4.06397e-24
7.48511e-23
5.7506e-23
-1.12307e-22
-2.26539e-22
4.09342e-23
5.21557e-22
3.8069e-22
-7.19351e-22
-1.48317e-21
-6.09347e-23
3.33408e-21
3.68811e-21
-5.12013e-21
-1.14218e-20
5.13076e-21
1.3927e-20
