ordre_2
-4.41056e-36
-7.99622e-36
3.8973e-35
4.95332e-35
-1.87635e-34
-2.33729e-34
7.42511e-34
9.88672e-34
-2.63049e-33
-3.92397e-33
8.5863e-33
1.48555e-32
-2.6034e-32
-5.39773e-32
7.29669e-32
1.88575e-31
-1.85207e-31
-6.33157e-31
4.03106e-31
2.03903e-30
-6.24046e-31
-6.27591e-30
-1.36784e-31
1.83581e-29
6.67363e-30
-5.05817e-29
-3.7689e-29
1.29311e-28
1.57059e-28
-2.98151e-28
-5.61114e-28
5.80993e-28
1.79536e-27
-7.63532e-28
-5.21296e-27
-4.52613e-28
1.36952e-26
8.11501e-27
-3.19137e-26
-3.81513e-26
6.2474e-26
1.33328e-25
-8.54266e-26
-3.90378e-25
-1.26185e-26
9.79476e-25
6.31557e-25
-2.05399e-24
-2.87536e-24
3.21431e-24
9.18318e-24
-1.69761e-24
-2.34707e-23
-1.21689e-23
4.78245e-23
6.33177e-23
-6.76174e-23
-1.99586e-22
9.353e-24
4.7374e-22
3.43855e-22
-8.26492e-22
-1.44701e-21
7.26586e-22
3.88556e-21
1.56652e-21
-7.43665e-21
-9.81455e-21
8.13768e-21
2.88217e-20
7.42855e-21
-5.65716e-20
-6.71812e-20
6.14717e-20
2.01653e-19
5.61096e-20
-3.77667e-19
-4.7921e-19
3.36211e-19
1.33458e-18
6.10385e-19
-2.16856e-18
-3.44151e-18
9.71777e-19
8.04446e-18
6.33662e-18
-9.67737e-18
-2.29442e-17
-5.10382e-18
4.03046e-17
5.41931e-17
-2.12281e-17
-1.29597e-16
-9.84764e-17
1.30635e-16
3.38969e-16
1.87364e-16
-5.42204e-16
-1.01467e-15
4.33683e-16
1.37172e-15
