ordre_2
-1.50691e-30
-1.11445e-28
6.94038e-30
6.5652e-28
2.90986e-29
-2.85818e-27
-4.98749e-28
1.08572e-26
3.6778e-27
-3.77465e-26
-2.04628e-26
1.22063e-25
9.68684e-26
-3.67897e-25
-4.09185e-25
1.02479e-24
1.57784e-24
-2.5796e-24
-5.61544e-24
5.55951e-24
1.85159e-23
-8.62919e-24
-5.64554e-23
-1.30473e-25
1.57839e-22
7.41563e-23
-3.9713e-22
-4.00352e-22
8.62755e-22
1.52884e-21
-1.44338e-21
-4.82758e-21
9.48363e-22
1.30222e-20
5.55771e-21
-2.95581e-20
-3.30436e-20
5.20224e-20
1.17031e-19
-4.70672e-20
-3.18781e-19
-1.15992e-19
6.80524e-19
7.87991e-19
-1.00657e-18
-2.63732e-18
2.47169e-19
6.30339e-18
4.63514e-18
-1.04791e-17
-1.94449e-17
6.65161e-18
4.92472e-17
2.94634e-17
-8.1407e-17
-1.39655e-16
4.517e-17
3.43506e-16
2.35841e-16
-4.97012e-16
-9.91041e-16
3.93987e-17
2.0972e-15
2.09085e-15
-2.09758e-15
-6.47649e-15
-2.73623e-15
9.99205e-15
1.64552e-14
-1.37814e-15
-3.38192e-14
-3.59167e-14
2.39188e-14
9.6857e-14
6.86956e-14
-1.01369e-13
-2.51266e-13
-1.16883e-13
3.21689e-13
6.14855e-13
1.84277e-13
-8.81528e-13
-1.46024e-12
-3.10823e-13
2.1872e-12
3.42764e-12
7.25653e-13
-4.98322e-12
-7.99564e-12
-2.37122e-12
1.03485e-11
1.83287e-11
8.39367e-12
-1.86926e-11
-4.0949e-11
-2.64501e-11
2.60441e-11
7.86934e-11
9.47189e-11
-3.69998e-11
-1.71192e-10
