ordre_1
6.00481e-34
5.56289e-32
2.55021e-30
7.71316e-29
1.73135e-27
3.07632e-26
4.50676e-25
5.59872e-24
6.02042e-23
5.69232e-22
4.79117e-21
3.62597e-20
2.4878e-19
1.5582e-18
8.96197e-18
4.75737e-17
2.3412e-16
1.0723e-15
4.58672e-15
1.83804e-14
6.91987e-14
2.45384e-13
8.21541e-13
2.60256e-12
7.81729e-12
2.23071e-11
6.05861e-11
1.56903e-10
3.88137e-10
9.18752e-10
2.08465e-09
4.54219e-09
9.52108e-09
1.9236e-08
3.7532e-08
7.08646e-08
1.29753e-07
2.30897e-07
4.00226e-07
6.77278e-07
1.12146e-06
1.82099e-06
2.90561e-06
4.56461e-06
7.0719e-06
1.08208e-05
1.63716e-05
2.4515e-05
3.63568e-05
5.3429e-05
7.78315e-05
0.000112415
0.000161008
0.0002287
0.000322182
0.000450161
0.000623841
0.000857478
0.00116901
0.00158074
0.00212007
0.00282027
0.00372119
0.00486994
0.00632145
0.00813885
0.0103935
0.0131648
0.0165395
0.0206103
0.0254744
0.0312304
0.037976
0.0458034
0.0547953
0.0650202
0.0765264
0.0893375
0.103446
0.118811
0.13535
0.15294
0.171414
0.19056
0.210125
0.229819
0.24932
0.268281
0.286342
0.30314
0.318321
0.33155
0.342528
0.350999
0.356763
0.35968
0.35968
0.356763
0.350999
0.342528
0.33155
