ordre_2
-1.4013e-45
-2.8026e-45
-2.8026e-45
-1.4013e-45
0
1.4013e-45
1.4013e-45
0
-1.4013e-45
-2.8026e-45
-2.8026e-45
-1.4013e-45
0
1.4013e-45
1.4013e-45
2.8026e-45
1.4013e-45
0
-1.4013e-45
-2.8026e-45
-4.2039e-45
-5.60519e-45
-5.60519e-45
-4.2039e-45
-2.8026e-45
-1.4013e-45
-1.4013e-45
-0
-0
-1.4013e-45
-2.8026e-45
-4.2039e-45
-5.60519e-45
-7.00649e-45
-7.00649e-45
-5.60519e-45
-4.2039e-45
-2.8026e-45
-1.4013e-45
-1.4013e-45
-4.2039e-45
-1.68156e-44
-1.82169e-44
4.2039e-45
1.68156e-44
-3.08286e-44
-6.86636e-44
5.46506e-44
2.01787e-43
-7.28675e-44
-5.89947e-43
-5.1848e-44
1.56105e-42
7.81925e-43
-3.85918e-42
-3.75128e-42
8.63901e-42
1.38e-41
-1.66544e-41
-4.40596e-41
2.33008e-41
1.26551e-40
-1.48538e-43
-3.29705e-40
-1.62485e-40
7.71874e-40
8.11271e-40
-1.56729e-39
-2.89756e-39
2.47385e-39
8.70514e-39
-1.56468e-39
-2.28868e-38
-8.76219e-39
5.25907e-38
5.1909e-38
-1.01339e-37
-1.88598e-37
1.39891e-37
5.51856e-37
-1.17077e-38
-1.37177e-36
-8.12132e-37
2.86956e-36
3.74261e-36
-4.62384e-36
-1.18225e-35
3.35806e-36
2.99278e-35
1.31603e-35
-6.13318e-35
-8.01141e-35
9.30901e-35
2.81214e-34
-6.06611e-35
-7.74973e-34
-1.91066e-34
1.73068e-33
7.94012e-34
-2.74124e-33
-1.0396e-33
