ordre_2
1.40068e-35
1.06776e-33
-7.53728e-35
-6.3137e-33
-1.15194e-34
2.76841e-32
3.42798e-33
-1.06426e-31
-2.72434e-32
3.77021e-31
1.57603e-31
-1.25453e-30
-7.70822e-31
3.94654e-30
3.3699e-30
-1.17268e-29
-1.35265e-29
3.26646e-29
5.05625e-29
-8.38462e-29
-1.77318e-28
1.91109e-28
5.85104e-28
-3.50385e-28
-1.81537e-27
3.14173e-28
5.27217e-27
1.25691e-27
-1.41918e-26
-9.62785e-27
3.47324e-26
4.22525e-26
-7.41662e-26
-1.49786e-25
1.23471e-25
4.60924e-25
-8.34619e-26
-1.25235e-24
-4.73046e-25
2.97117e-24
2.92883e-24
-5.85765e-24
-1.09558e-23
8.0302e-24
3.24802e-23
7.86765e-25
-7.98504e-23
-5.49946e-23
1.57957e-22
2.42454e-22
-2.11449e-22
-7.3289e-22
-2.71008e-23
1.71864e-21
1.35204e-21
-2.99987e-21
-5.47117e-21
2.6558e-21
1.47208e-20
5.8207e-21
-2.87478e-20
-3.70946e-20
3.34254e-20
1.11604e-19
2.23177e-20
-2.27352e-19
-2.51278e-19
2.71047e-19
7.93722e-19
1.4646e-19
-1.5701e-18
-1.79757e-18
1.61914e-18
5.36715e-18
1.84783e-18
-9.39174e-18
-1.32364e-17
6.02819e-18
3.33678e-17
2.21412e-17
-4.47136e-17
-9.18796e-17
-7.983e-18
1.75014e-16
2.05986e-16
-1.20076e-16
-5.37751e-16
-3.6549e-16
6.31185e-16
1.42421e-15
4.31548e-16
-2.24081e-15
-3.43697e-15
2.80719e-16
6.54332e-15
7.38065e-15
-2.08239e-15
-1.90858e-14
-1.89546e-14
2.47038e-14
3.25753e-14
