ordre_2
-1.4013e-45
-2.8026e-45
-2.8026e-45
-1.4013e-45
0
1.4013e-45
1.4013e-45
0
-1.4013e-45
-2.8026e-45
-2.8026e-45
-1.4013e-45
-0
-0
-9.80909e-45
-1.12104e-44
1.12104e-44
2.66247e-44
-3.36312e-44
-9.10844e-44
7.9874e-44
2.84464e-43
-1.97583e-43
-9.19252e-43
3.68541e-43
2.83483e-42
-3.96567e-43
-8.51149e-42
-1.10562e-42
2.46362e-41
1.02099e-41
-6.8452e-41
-5.00922e-41
1.80909e-40
2.00721e-40
-4.48379e-40
-7.18321e-40
1.01466e-39
2.37096e-39
-1.9729e-39
-7.31393e-39
2.68576e-39
2.11718e-38
1.00978e-39
-5.73737e-38
-2.63897e-38
1.44182e-37
1.32951e-37
-3.28924e-37
-5.01922e-37
6.48195e-37
1.63052e-36
-9.46049e-37
-4.74285e-36
1.73343e-37
1.24692e-35
5.81494e-36
-2.93389e-35
-3.02252e-35
5.95238e-35
1.09253e-34
-9.26275e-35
-3.28789e-34
5.1007e-35
8.58689e-34
3.64885e-34
-1.93879e-33
-2.05465e-33
3.59318e-33
7.26745e-33
-4.41246e-33
-2.06204e-32
-2.15494e-33
4.9e-32
3.68111e-32
-9.48551e-32
-1.51441e-31
1.27372e-31
4.48893e-31
2.2354e-33
-1.06667e-30
-7.52695e-31
1.99235e-30
3.2084e-30
-2.39016e-30
-9.2822e-30
-1.11004e-30
2.07071e-29
1.75666e-29
-3.35984e-29
-6.50299e-29
2.16387e-29
1.67688e-28
1.0142e-28
-3.33539e-28
-5.32345e-28
5.06377e-28
1.52803e-27
-5.44834e-28
-2.72104e-27
3.22743e-28
