ordre_2
9.44722e-29
1.7104e-28
-8.29022e-28
-1.07171e-27
3.93248e-27
5.12995e-27
-1.51778e-26
-2.19656e-26
5.17136e-26
8.76649e-26
-1.58979e-25
-3.30342e-25
4.38662e-25
1.17915e-24
-1.04822e-24
-3.98277e-24
1.92671e-24
1.26786e-23
-1.20672e-24
-3.7763e-23
-1.13254e-23
1.03932e-22
7.6654e-23
-2.58383e-22
-3.329e-22
5.53166e-22
1.18367e-21
-8.89788e-22
-3.64447e-21
3.73469e-22
9.80651e-21
4.7043e-21
-2.25752e-20
-2.58793e-20
4.11897e-20
9.18212e-20
-4.24909e-20
-2.56637e-19
-7.28389e-20
5.75379e-19
5.92395e-19
-9.46067e-19
-2.12631e-18
6.04239e-19
5.46843e-18
2.96339e-18
-1.02355e-17
-1.52934e-17
1.04043e-17
4.352e-17
1.46892e-17
-8.388e-17
-1.08241e-16
8.47168e-17
3.14731e-16
1.14762e-16
-5.65148e-16
-7.95513e-16
4.08141e-16
2.07928e-15
1.26459e-15
-2.99696e-15
-5.72822e-15
4.45244e-17
1.16388e-14
1.25501e-14
-9.41064e-15
-3.5319e-14
-2.12889e-14
4.4644e-14
9.27085e-14
2.22769e-14
-1.50694e-13
-2.21907e-13
1.60001e-14
4.33933e-13
5.04621e-13
-1.70917e-13
-1.13689e-12
-1.13328e-12
5.94301e-13
2.79551e-12
2.5997e-12
-1.49441e-12
-6.53782e-12
-6.19509e-12
2.86461e-12
1.452e-11
1.5192e-11
-3.3174e-12
-3.01169e-11
-3.70873e-11
-3.48007e-12
5.5689e-11
8.75904e-11
3.51855e-11
-8.36699e-11
-1.75839e-10
-1.74921e-10
1.20903e-10
3.68637e-10
