ordre_2
-1.4013e-45
-2.8026e-45
-2.8026e-45
-1.4013e-45
0
1.4013e-45
1.4013e-45
0
-1.4013e-45
-2.8026e-45
-2.8026e-45
-1.4013e-45
0
1.4013e-45
1.4013e-45
2.8026e-45
1.4013e-45
0
-1.4013e-45
-2.8026e-45
-4.2039e-45
-5.60519e-45
-5.60519e-45
-4.2039e-45
-2.8026e-45
-1.4013e-45
-1.4013e-45
-0
-0
-1.4013e-45
-2.8026e-45
-4.2039e-45
-5.60519e-45
-5.60519e-45
2.8026e-45
1.12104e-44
2.8026e-45
-2.8026e-44
-1.4013e-44
6.02558e-44
4.62428e-44
-1.69557e-43
-2.05991e-43
3.81153e-43
6.97847e-43
-8.04345e-43
-2.22386e-42
1.34665e-42
6.60432e-42
-1.01454e-42
-1.82996e-41
-4.83868e-42
4.71873e-41
3.32206e-41
-1.11541e-40
-1.37968e-40
2.33543e-40
4.71779e-40
-3.95296e-40
-1.42548e-39
3.4908e-40
3.8866e-39
1.01684e-39
-9.55358e-39
-7.49112e-39
2.07036e-38
3.00506e-38
-3.69482e-38
-9.64253e-38
4.12415e-38
2.66797e-37
4.50937e-38
-6.45222e-37
-4.82384e-37
1.33125e-36
1.98106e-36
-2.12276e-36
-6.17436e-36
1.46122e-36
1.60888e-35
6.48417e-36
-3.53505e-35
-3.83317e-35
6.1815e-35
1.32376e-34
-6.43145e-35
-3.56282e-34
-8.1323e-35
7.73547e-34
7.35732e-34
-1.25235e-33
-2.75668e-33
8.67874e-34
7.84437e-33
3.35536e-33
-1.86463e-32
-1.75209e-32
3.71401e-32
4.54391e-32
-5.44647e-32
-5.28523e-32
