ordre_2
-1.4013e-45
-2.8026e-45
-2.8026e-45
-1.4013e-45
0
1.4013e-45
1.4013e-45
0
-1.4013e-45
-2.8026e-45
-2.8026e-45
-1.4013e-45
0
1.4013e-45
1.4013e-45
2.8026e-45
1.4013e-45
0
-1.4013e-45
-2.8026e-45
-4.2039e-45
-5.60519e-45
-5.60519e-45
-4.2039e-45
-2.8026e-45
-1.4013e-45
-1.4013e-45
-0
-0
-1.4013e-45
-2.8026e-45
-4.2039e-45
-5.60519e-45
-7.00649e-45
-7.00649e-45
-5.60519e-45
-4.2039e-45
-2.8026e-45
-1.4013e-45
-1.4013e-45
-2.8026e-45
-4.2039e-45
-5.60519e-45
-7.00649e-45
-7.00649e-45
-8.40779e-45
-9.80909e-45
-1.12104e-44
-1.26117e-44
-1.4013e-44
-1.4013e-44
-1.4013e-44
-1.26117e-44
-1.54143e-44
-2.38221e-44
-1.82169e-44
2.8026e-45
8.40779e-45
-2.38221e-44
-4.06377e-44
4.62428e-44
1.21913e-43
-7.14662e-44
-3.68541e-43
-7.00649e-45
9.30462e-43
4.316e-43
-2.22947e-42
-2.22526e-42
4.6453e-42
8.06868e-42
-7.82625e-42
-2.47245e-41
6.99108e-42
6.66163e-41
1.81804e-41
-1.58733e-40
-1.33884e-40
3.25545e-40
5.21328e-40
-5.22277e-40
-1.60478e-39
3.86757e-40
4.19789e-39
1.46559e-39
-9.34872e-39
-9.1191e-39
1.66589e-38
3.26862e-38
-1.75466e-38
-9.35066e-38
-2.44707e-38
2.29242e-37
2.17912e-37
-4.91697e-37
-8.04133e-37
9.20197e-37
2.09417e-36
-1.43381e-36
-3.60085e-36
1.30219e-36
