ordre_2
-1.4013e-45
-2.8026e-45
-2.8026e-45
-1.4013e-45
0
1.4013e-45
1.4013e-45
0
-1.4013e-45
-2.8026e-45
-2.8026e-45
-1.4013e-45
0
1.4013e-45
1.4013e-45
2.8026e-45
1.4013e-45
0
-1.4013e-45
-2.8026e-45
-4.2039e-45
-5.60519e-45
-5.60519e-45
-4.2039e-45
-2.8026e-45
-1.4013e-45
-1.4013e-45
-0
-4.2039e-45
-1.68156e-44
-1.82169e-44
1.26117e-44
2.66247e-44
-4.62428e-44
-1.02295e-43
9.66896e-44
3.25101e-43
-1.70958e-43
-9.69699e-43
1.61149e-43
2.77737e-42
5.25487e-43
-7.54039e-42
-4.21651e-42
1.92286e-41
1.89021e-41
-4.53208e-41
-6.95338e-41
9.50669e-41
2.27387e-40
-1.61069e-40
-6.79818e-40
1.35744e-40
1.8734e-39
4.81876e-40
-4.74074e-39
-3.47555e-39
1.08229e-38
1.43002e-38
-2.12862e-38
-4.77373e-38
3.1208e-38
1.39238e-37
-8.3498e-39
-3.61621e-37
-1.70983e-37
8.29273e-37
8.87519e-37
-1.6073e-36
-3.14106e-36
2.25578e-36
9.17018e-36
-2.91947e-37
-2.29976e-35
-1.29932e-35
4.89894e-35
6.19267e-35
-8.18675e-35
-2.02809e-34
7.07572e-35
5.3929e-34
1.79141e-34
-1.19138e-33
-1.21919e-33
2.0688e-33
4.28481e-33
-2.07308e-33
-1.14176e-32
-3.02082e-33
2.40151e-32
2.51056e-32
-3.60877e-32
-9.14222e-32
1.57511e-32
2.52821e-31
1.25411e-31
-5.76407e-31
-5.22836e-31
1.04795e-30
1.05551e-30
-1.04239e-30
