ordre_2
7.00649e-45
1.4013e-44
-6.02558e-44
-7.84727e-44
2.95674e-43
3.60134e-43
-1.1897e-42
-1.49659e-42
4.3216e-42
5.89807e-42
-1.45847e-41
-2.22666e-41
4.64629e-41
8.12753e-41
-1.40043e-40
-2.87722e-40
3.97984e-40
9.88983e-40
-1.05342e-39
-3.30026e-39
2.525e-39
1.06806e-38
-5.10224e-39
-3.34595e-38
6.56304e-39
1.01177e-37
8.94885e-39
-2.94074e-37
-1.14176e-37
8.16399e-37
5.893e-37
-2.14331e-36
-2.40327e-36
5.23093e-36
8.6395e-36
-1.1477e-35
-2.8402e-35
2.08372e-35
8.65995e-35
-2.20683e-35
-2.45699e-34
-4.4304e-35
6.45472e-34
4.05367e-34
-1.54646e-33
-1.79557e-33
3.26078e-33
6.3127e-33
-5.49102e-33
-1.92767e-32
4.53335e-33
5.24018e-32
1.58419e-32
-1.26421e-31
-1.09386e-31
2.62156e-31
4.25321e-31
-4.20563e-31
-1.31561e-30
2.80781e-31
3.45517e-30
1.39647e-30
-7.70289e-30
-8.25223e-30
1.37096e-29
2.89903e-29
-1.45716e-29
-7.99733e-29
-1.8138e-29
1.80303e-28
1.66904e-28
-3.14961e-28
-6.17959e-28
3.07378e-28
1.67904e-27
4.98386e-28
-3.56446e-27
-3.81321e-27
5.41282e-27
1.29319e-26
-2.53714e-27
-3.16147e-26
-1.90432e-26
5.67503e-26
8.89436e-26
-5.6075e-26
-2.47305e-25
-7.68347e-26
4.91057e-25
5.71414e-25
-5.95427e-25
-1.72322e-24
-2.85458e-25
3.46019e-24
4.21024e-24
-4.28119e-24
-1.45374e-23
5.64518e-25
3.21759e-23
8.3698e-24
-3.48877e-23
