ordre_2
1.04312e-11
-1.02271e-12
-8.73933e-11
-3.56313e-11
3.54878e-10
3.74573e-10
-8.94028e-10
-1.93544e-09
6.59343e-10
5.86157e-09
5.12404e-09
-7.53091e-09
-2.15468e-08
-1.43523e-08
2.24864e-08
6.35302e-08
6.36022e-08
-3.06612e-09
-1.15835e-07
-2.17229e-07
-2.47164e-07
-1.70181e-07
2.42557e-08
3.44373e-07
8.25457e-07
1.55484e-06
2.69317e-06
4.50064e-06
7.3779e-06
1.19301e-05
1.90615e-05
3.01082e-05
4.70215e-05
7.26145e-05
0.000110889
0.000167463
0.00025011
0.000369442
0.000539737
0.000779932
0.00111478
0.00157615
0.00220442
0.00305001
0.00417477
0.00565332
0.00757406
0.0100397
0.0131674
0.0170874
0.0219413
0.0278787
0.0350526
0.0436132
0.0537003
0.065435
0.0789094
0.0941769
0.111242
0.13005
0.150482
0.172344
0.19537
0.219221
0.243486
0.267698
0.291344
0.313881
0.334757
0.353436
0.369415
0.382253
0.391587
0.39715
0.398783
0.396445
0.390212
0.380275
0.366929
0.350558
0.331617
0.310615
0.288086
0.264571
0.240596
0.216656
0.193193
0.170592
0.149168
0.129167
0.110763
0.0940594
0.0791019
0.0658795
0.0543384
0.0443832
0.0359176
0.0287261
0.0230003
0.0172494
0.0167031
