ordre_1
3.66505e-38
3.90843e-36
2.06522e-34
7.20919e-33
1.87019e-31
3.84559e-30
6.52866e-29
9.41182e-28
1.17609e-26
1.29402e-25
1.26923e-24
1.12094e-23
8.98773e-23
6.58784e-22
4.44038e-21
2.7662e-20
1.59975e-19
8.62202e-19
4.34559e-18
2.0545e-17
9.13644e-17
3.83134e-16
1.5185e-15
5.70007e-15
2.0304e-14
6.8754e-14
2.21696e-13
6.81784e-13
2.0027e-12
5.6271e-12
1.51445e-11
3.90942e-11
9.69231e-11
2.31084e-10
5.3053e-10
1.17442e-09
2.51012e-09
5.18715e-09
1.03788e-08
2.01372e-08
3.79452e-08
6.95536e-08
1.24226e-07
2.16563e-07
3.69144e-07
6.16326e-07
1.00969e-06
1.62576e-06
2.57702e-06
4.02721e-06
6.21288e-06
9.47279e-06
1.42882e-05
2.13366e-05
3.15639e-05
4.62773e-05
6.72673e-05
9.69616e-05
0.000138619
0.000196572
0.000276516
0.000385869
0.000534183
0.000733629
0.000999549
0.00135106
0.00181172
0.0024102
0.00318099
0.00416505
0.00541037
0.00697241
0.00891434
0.011307
0.0142284
0.017763
0.0220004
0.0270333
0.032955
0.0398564
0.0478222
0.0569269
0.0672297
0.0787702
0.091563
0.105593
0.120812
0.137133
0.15443
0.172537
0.191245
0.21031
0.22945
0.248358
0.266703
0.284144
0.300337
0.314949
0.327668
0.338212
0.346341
