ordre_1
1.4013e-45
2.8026e-45
4.2039e-45
5.60519e-45
7.00649e-45
8.40779e-45
9.80909e-45
1.12104e-44
1.26117e-44
1.4013e-44
1.54143e-44
1.68156e-44
1.82169e-44
1.96182e-44
2.10195e-44
2.24208e-44
2.38221e-44
2.52234e-44
2.66247e-44
2.8026e-44
2.94273e-44
3.08286e-44
3.22299e-44
3.36312e-44
3.50325e-44
3.64338e-44
3.78351e-44
3.92364e-44
4.06377e-44
4.2039e-44
4.34403e-44
4.48416e-44
4.62428e-44
4.76441e-44
4.90454e-44
5.04467e-44
5.1848e-44
5.32493e-44
5.46506e-44
5.60519e-44
5.74532e-44
5.88545e-44
6.02558e-44
6.16571e-44
6.30584e-44
6.44597e-44
6.5861e-44
6.72623e-44
6.86636e-44
7.00649e-44
7.14662e-44
7.28675e-44
7.42688e-44
7.56701e-44
7.70714e-44
7.84727e-44
7.9874e-44
8.96831e-44
1.47136e-43
4.45613e-43
1.87914e-42
8.64881e-42
3.99216e-41
1.81639e-40
8.11622e-40
3.55963e-39
1.53244e-38
6.47694e-38
2.68816e-37
1.0958e-36
4.38817e-36
1.72663e-35
6.67666e-35
2.53774e-34
9.48288e-34
3.4843e-33
1.25906e-32
4.47516e-32
1.56484e-31
5.38395e-31
1.82292e-30
6.07489e-30
1.99285e-29
6.43635e-29
2.0469e-28
6.41066e-28
1.97751e-27
6.009e-27
1.79891e-26
5.30633e-26
1.54246e-25
4.41894e-25
1.24785e-24
3.47373e-24
9.5339e-24
2.5801e-23
6.88562e-23
1.81233e-22
4.70511e-22
1.205e-21
3.04463e-21
