ordre_2
-1.4013e-45
-2.8026e-45
-2.8026e-45
-1.4013e-45
0
1.4013e-45
1.4013e-45
0
-1.4013e-45
-2.8026e-45
-2.8026e-45
-1.4013e-45
0
1.4013e-45
1.4013e-45
2.8026e-45
1.4013e-45
0
-1.4013e-45
-2.8026e-45
-4.2039e-45
-5.60519e-45
-5.60519e-45
-4.2039e-45
-2.8026e-45
-1.4013e-45
-1.4013e-45
-0
-0
-1.4013e-45
-2.8026e-45
-4.2039e-45
-5.60519e-45
-7.00649e-45
-7.00649e-45
-5.60519e-45
-4.2039e-45
-2.8026e-45
-1.4013e-45
-1.4013e-45
-2.8026e-45
-4.2039e-45
-5.60519e-45
-7.00649e-45
-7.00649e-45
-8.40779e-45
-9.80909e-45
-1.12104e-44
-1.26117e-44
-1.4013e-44
-1.4013e-44
-1.4013e-44
-1.26117e-44
-1.12104e-44
-9.80909e-45
-8.40779e-45
-8.40779e-45
-7.00649e-45
-5.60519e-45
-4.2039e-45
-2.8026e-45
-2.8026e-45
-4.2039e-45
-5.60519e-45
-7.00649e-45
-8.40779e-45
-9.80909e-45
-1.12104e-44
-1.26117e-44
-1.4013e-44
-1.54143e-44
-1.68156e-44
-1.54143e-44
-1.4013e-45
8.40779e-45
-8.40779e-45
-3.78351e-44
-4.2039e-45
8.26766e-44
3.64338e-44
-2.21405e-43
-2.52234e-43
3.69943e-43
7.74918e-43
-5.32493e-43
-2.22806e-42
-1.96182e-44
5.40761e-42
3.51726e-42
-1.12328e-41
-1.68198e-41
1.85504e-41
5.73734e-41
-1.85364e-41
-1.63106e-40
-1.53947e-41
3.9437e-40
1.25894e-40
-7.61229e-40
-2.83148e-40
7.85978e-40
