ordre_2
-1.4013e-45
-2.8026e-45
-2.8026e-45
-1.4013e-45
0
1.4013e-45
1.4013e-45
0
-1.4013e-45
-2.8026e-45
-2.8026e-45
-1.4013e-45
0
1.4013e-45
1.4013e-45
2.8026e-45
1.4013e-45
0
-1.4013e-45
-2.8026e-45
-4.2039e-45
-5.60519e-45
-5.60519e-45
-4.2039e-45
-2.8026e-45
-5.60519e-45
-1.4013e-44
-1.12104e-44
1.26117e-44
1.68156e-44
-4.2039e-44
-6.30584e-44
1.079e-43
2.14399e-43
-2.38221e-43
-6.83834e-43
4.59626e-43
2.08093e-42
-6.19374e-43
-6.07183e-42
-3.75548e-43
1.67904e-41
7.11019e-42
-4.38326e-41
-3.61521e-41
1.06343e-40
1.40654e-40
-2.33149e-40
-4.76919e-40
4.31187e-40
1.46689e-39
-5.22194e-40
-4.14907e-39
-4.67609e-40
1.0791e-38
6.23237e-39
-2.54784e-38
-2.85359e-38
5.2737e-38
1.0035e-37
-8.66081e-38
-3.03579e-37
6.65766e-38
8.14513e-37
2.62037e-37
-1.93625e-36
-1.72282e-36
3.95105e-36
6.56421e-36
-6.21089e-36
-2.0033e-35
3.8493e-36
5.21657e-35
2.15764e-35
-1.15994e-34
-1.24027e-34
2.08096e-34
4.33677e-34
-2.32228e-34
-1.20359e-33
-2.20744e-34
2.76928e-33
2.37534e-33
-5.09604e-33
-9.12484e-33
6.07292e-33
2.5669e-32
3.13191e-33
-5.70582e-32
-4.80559e-32
9.38819e-32
1.87511e-31
-6.75208e-32
-5.31186e-31
-2.43659e-31
1.23341e-30
1.29409e-30
-2.3789e-30
-3.36736e-30
3.38866e-30
3.92018e-30
