ordre_2
-1.4013e-45
-2.8026e-45
-2.8026e-45
-1.4013e-45
0
-5.60519e-45
-1.12104e-44
7.00649e-45
3.22299e-44
-2.94273e-44
-1.21913e-43
7.84727e-44
4.14784e-43
-2.20004e-43
-1.4055e-42
4.91856e-43
4.60747e-42
-7.45491e-43
-1.468e-41
-5.85743e-43
4.53544e-41
1.1635e-41
-1.357e-40
-6.72721e-41
3.9146e-40
3.00705e-40
-1.08198e-39
-1.18277e-39
2.83637e-39
4.27532e-39
-6.9282e-39
-1.44711e-38
1.5223e-38
4.62604e-38
-2.75196e-38
-1.4008e-37
2.73221e-38
4.01326e-37
7.4359e-38
-1.08198e-36
-6.29499e-37
2.7135e-36
2.83145e-36
-6.18471e-36
-1.03058e-35
1.21508e-35
3.30457e-35
-1.74158e-35
-9.59028e-35
8.30745e-37
2.53155e-34
1.21695e-34
-6.01051e-34
-6.21228e-34
1.23799e-33
2.25211e-33
-1.98437e-33
-6.84018e-33
1.30433e-33
1.81036e-32
6.9483e-33
-4.1633e-32
-4.17095e-32
7.94405e-32
1.51514e-31
-1.04991e-31
-4.39132e-31
-1.57108e-32
1.06692e-30
7.2203e-31
-2.12765e-30
-3.14845e-30
3.0431e-30
9.62416e-30
-7.34039e-31
-2.34887e-29
-1.46334e-29
4.53474e-29
6.68546e-29
-5.84061e-29
-1.99041e-28
-1.07567e-29
4.5448e-28
3.69185e-28
-7.69583e-28
-1.44713e-27
6.56009e-28
3.82166e-27
1.45581e-27
-7.39648e-27
-9.05295e-27
8.53847e-27
2.74287e-26
6.63091e-27
-5.99762e-26
-7.16809e-26
9.90089e-26
2.32464e-25
-1.18797e-25
-4.32534e-25
8.09623e-26
