ordre_2
1.41712e-16
7.94883e-15
1.88778e-16
-4.49611e-14
-1.39734e-14
1.78836e-13
1.23881e-13
-5.68531e-13
-6.96835e-13
1.40284e-12
2.95725e-12
-2.13772e-12
-9.81681e-12
-1.58398e-12
2.46266e-11
2.49204e-11
-3.9103e-11
-9.70971e-11
-2.99181e-12
2.20479e-10
2.42334e-10
-2.13785e-10
-7.64688e-10
-4.66718e-10
9.83255e-10
2.18364e-09
9.56491e-10
-2.86057e-09
-5.76413e-09
-3.04734e-09
5.77577e-09
1.4009e-08
1.1813e-08
-4.63881e-09
-2.67688e-08
-3.69526e-08
-2.07807e-08
2.05743e-08
6.75802e-08
9.19067e-08
7.21601e-08
5.74747e-09
-8.97671e-08
-1.85214e-07
-2.52072e-07
-2.71382e-07
-2.35441e-07
-1.42528e-07
1.27029e-08
2.50602e-07
6.18914e-07
1.20771e-06
2.17028e-06
3.75481e-06
6.35254e-06
1.05696e-05
1.73313e-05
2.803e-05
4.47307e-05
7.04501e-05
0.000109527
0.00016811
0.000254777
0.000381313
0.000563664
0.000823054
0.00118728
0.00169218
0.00238315
0.00331677
0.00456226
0.0062028
0.00833635
0.011076
0.0145493
0.018897
0.0242698
0.0308243
0.0387174
0.0480989
0.0591028
0.0718378
0.0863768
0.102746
0.120917
0.140793
0.162209
0.184923
0.208617
0.232902
0.257328
0.281383
0.304553
0.326201
0.346057
0.362692
0.378595
0.383883
0.408434
0.357017
0.525904
