ordre_2
9.63822e-25
-1.25172e-25
-8.54284e-24
-1.10889e-25
4.13244e-23
6.55176e-24
-1.64123e-22
-5.66495e-23
5.80562e-22
3.37292e-22
-1.87223e-21
-1.64698e-21
5.50627e-21
7.01148e-21
-1.45079e-20
-2.6725e-20
3.26052e-20
9.21786e-20
-5.35455e-20
-2.87764e-19
1.1046e-20
8.04915e-19
3.94284e-19
-1.96484e-18
-2.17397e-18
3.91853e-18
8.07987e-18
-5.04735e-18
-2.39666e-17
-3.28841e-18
5.77839e-17
4.91864e-17
-1.05924e-16
-1.98834e-16
1.01948e-16
5.53685e-16
2.06261e-16
-1.12216e-15
-1.42412e-15
1.33994e-15
4.40962e-15
9.58833e-16
-8.92701e-15
-1.04692e-14
9.49115e-15
3.18571e-14
1.12083e-14
-5.62905e-14
-8.12559e-14
3.25002e-14
2.02064e-13
1.51196e-13
-2.43747e-13
-5.74163e-13
-1.63101e-13
9.44149e-13
1.41483e-12
-1.58984e-13
-2.90056e-12
-3.21022e-12
1.51674e-12
7.86889e-12
7.10846e-12
-5.33361e-12
-1.97755e-11
-1.62643e-11
1.36909e-11
4.70112e-11
3.97179e-11
-2.70271e-11
-1.05576e-10
-1.01848e-10
3.37289e-11
2.18245e-10
2.59645e-10
2.15092e-11
-3.89841e-10
-6.15453e-10
-3.04706e-10
5.0898e-10
1.25755e-09
1.15835e-09
-1.20989e-10
-1.95359e-09
-2.92741e-09
-1.78373e-09
1.4419e-09
4.97243e-09
6.10389e-09
2.99517e-09
-3.68179e-09
-1.04535e-08
-1.26788e-08
-7.30123e-09
4.80265e-09
1.81234e-08
2.61404e-08
2.03859e-08
5.16547e-09
-1.95282e-08
-5.63882e-08
