ordre_2
2.05404e-18
-2.55421e-19
-1.80262e-17
-1.47104e-18
8.51009e-17
2.67565e-17
-3.22148e-16
-1.99868e-16
1.04438e-15
1.07386e-15
-2.88507e-15
-4.67484e-15
6.35689e-15
1.71354e-14
-8.42827e-15
-5.30706e-14
-1.08483e-14
1.35017e-13
1.23843e-13
-2.56471e-13
-5.11003e-13
2.26212e-13
1.43484e-12
7.01229e-13
-2.74866e-12
-4.17365e-12
2.25484e-12
1.15687e-11
6.8138e-12
-1.79164e-11
-3.38054e-11
2.03714e-13
6.99908e-11
8.0912e-11
-4.36518e-11
-2.12387e-10
-1.79841e-10
1.76344e-10
5.6683e-10
4.25375e-10
-4.56888e-10
-1.39244e-09
-1.14898e-09
7.77527e-10
3.0992e-09
3.2801e-09
-2.04269e-10
-5.67708e-09
-8.50908e-09
-4.4528e-09
6.14194e-09
1.68711e-08
1.8623e-08
6.09734e-09
-1.70039e-08
-3.82469e-08
-4.28028e-08
-2.23006e-08
1.91712e-08
6.55844e-08
9.57758e-08
9.28096e-08
5.1127e-08
-2.16286e-08
-1.08221e-07
-1.88464e-07
-2.45638e-07
-2.70178e-07
-2.59732e-07
-2.16046e-07
-1.39795e-07
-2.42746e-08
1.5194e-07
4.34461e-07
9.07119e-07
1.71419e-06
3.09527e-06
5.43849e-06
9.35945e-06
1.58169e-05
2.62789e-05
4.29558e-05
6.91209e-05
0.000109533
0.000171005
0.000263079
0.00039902
0.000596597
0.000880209
0.00127996
0.00183982
0.00260132
0.00365399
0.00500585
0.00693258
0.00906389
0.0127595
0.0149993
0.0239164
0.0197143
0.0518862
