ordre_2
2.02274e-29
-4.41308e-29
-1.8229e-28
2.45861e-28
9.12025e-28
-9.67923e-28
-3.81569e-27
3.12746e-27
1.45187e-26
-8.3541e-27
-5.16804e-26
1.64873e-26
1.73777e-25
-8.06341e-27
-5.5262e-25
-1.37683e-25
1.65445e-24
9.62221e-25
-4.61448e-24
-4.52198e-24
1.17527e-23
1.77354e-23
-2.62229e-23
-6.14669e-23
4.5865e-23
1.91733e-22
-3.36993e-23
-5.38501e-22
-1.85838e-22
1.34085e-21
1.2247e-21
-2.83419e-21
-4.82877e-21
4.45482e-21
1.50894e-20
-1.88936e-21
-3.92596e-20
-2.10368e-20
8.33182e-20
1.09042e-19
-1.27065e-19
-3.5559e-19
4.54455e-20
8.83378e-19
5.65471e-19
-1.63949e-18
-2.61864e-18
1.69005e-18
7.41415e-18
2.33143e-18
-1.48352e-17
-1.80669e-17
1.72954e-17
5.55296e-17
1.22302e-17
-1.10214e-16
-1.29553e-16
1.14801e-16
3.87829e-16
1.34428e-16
-6.85573e-16
-9.69441e-16
4.41051e-16
2.4574e-15
1.65937e-15
-3.25255e-15
-6.837e-15
-8.7299e-16
1.26791e-14
1.57951e-14
-7.20582e-15
-3.90244e-14
-3.08343e-14
3.9341e-14
1.05127e-13
5.00313e-14
-1.38198e-13
-2.6109e-13
-6.26947e-14
4.04401e-13
6.19943e-13
4.58424e-14
-1.06198e-12
-1.44759e-12
1.37188e-14
2.57937e-12
3.38519e-12
1.64401e-14
-5.84267e-12
-7.96377e-12
-9.12846e-13
1.22133e-11
1.85647e-11
5.80143e-12
-2.31627e-11
-4.17146e-11
-2.17035e-11
2.94799e-11
9.65896e-11
7.91004e-11
-9.57633e-11
