ordre_2
-1.4013e-45
-2.8026e-45
-2.8026e-45
-1.4013e-45
0
1.4013e-45
1.4013e-45
0
-1.4013e-45
-2.8026e-45
-2.8026e-45
-1.4013e-45
0
1.4013e-45
1.4013e-45
2.8026e-45
1.4013e-45
0
-1.4013e-45
-2.8026e-45
-4.2039e-45
-5.60519e-45
-5.60519e-45
-4.2039e-45
-2.8026e-45
-1.4013e-45
-1.4013e-45
-0
-0
-1.4013e-45
-2.8026e-45
-4.2039e-45
-5.60519e-45
-7.00649e-45
-7.00649e-45
-5.60519e-45
-4.2039e-45
-2.8026e-45
-1.4013e-45
-1.4013e-45
-2.8026e-45
-4.2039e-45
-5.60519e-45
-7.00649e-45
-7.00649e-45
-8.40779e-45
-9.80909e-45
-1.12104e-44
-1.26117e-44
-1.4013e-44
-1.4013e-44
-1.4013e-44
-1.26117e-44
-1.12104e-44
-9.80909e-45
-8.40779e-45
-8.40779e-45
-7.00649e-45
-5.60519e-45
-4.2039e-45
-2.8026e-45
-2.8026e-45
-1.4013e-45
1.4013e-45
-5.60519e-45
-2.10195e-44
-2.52234e-44
7.00649e-45
2.24208e-44
-5.1848e-44
-1.26117e-43
3.36312e-44
3.22299e-43
5.74532e-44
-8.05747e-43
-5.77335e-43
1.74041e-42
2.38781e-42
-3.16413e-42
-7.81084e-42
3.73726e-42
2.17243e-41
2.4859e-42
-5.26958e-41
-3.5429e-41
1.08463e-40
1.49479e-40
-1.69707e-40
-4.72714e-40
9.46003e-41
1.26368e-39
6.47663e-40
-2.95686e-39
-3.55823e-39
6.10647e-39
1.18862e-38
-1.10432e-38
-2.97101e-38
1.66882e-38
5.01419e-38
-1.48544e-38
