ordre_2
7.95126e-12
1.40688e-11
-6.14746e-11
-1.03856e-10
2.05975e-10
5.25763e-10
-2.88126e-10
-1.86926e-09
-9.6398e-10
4.00292e-09
6.98248e-09
-1.03332e-09
-1.71901e-08
-2.16551e-08
3.5414e-09
4.81297e-08
7.19087e-08
3.60306e-08
-6.08722e-08
-1.75464e-07
-2.45561e-07
-2.23354e-07
-8.86725e-08
1.64193e-07
5.53878e-07
1.13903e-06
2.04036e-06
3.46318e-06
5.72989e-06
9.33163e-06
1.50064e-05
2.38515e-05
3.74799e-05
5.82327e-05
8.94646e-05
0.000135917
0.000204201
0.000303406
0.000445852
0.000648003
0.000931541
0.0013246
0.00186312
0.00259232
0.00356817
0.00485877
0.00654557
0.00872415
0.0115045
0.0150107
0.0193789
0.0247555
0.0312923
0.0391421
0.0484508
0.0593502
0.0719481
0.0863185
0.102491
0.120443
0.140087
0.161267
0.183754
0.207244
0.23136
0.255663
0.27966
0.30282
0.324594
0.344434
0.361818
0.376272
0.387392
0.39486
0.398463
0.398101
0.393792
0.38567
0.37398
0.359064
0.341345
0.321307
0.299474
0.276386
0.252579
0.228566
0.204816
0.181745
0.159702
0.138968
0.119752
0.102193
0.0863638
0.0722805
0.0599107
0.0491746
0.0399911
0.0321386
0.0258663
0.0194743
0.0189959
