ordre_2
-1.4013e-45
-1.4013e-45
7.00649e-45
-0
-3.08286e-44
-1.4013e-45
1.17709e-43
1.26117e-44
-4.35804e-43
-9.10844e-44
1.52742e-42
4.9606e-43
-5.13436e-42
-2.39622e-42
1.65591e-41
1.05167e-41
-5.1415e-41
-4.29036e-41
1.53599e-40
1.65163e-40
-4.39723e-40
-6.04803e-40
1.19718e-39
2.11769e-39
-3.0557e-39
-7.1096e-39
7.10975e-39
2.29079e-38
-1.41114e-38
-7.07948e-38
1.88063e-38
2.09347e-37
1.5162e-38
-5.89638e-37
-2.47938e-37
1.56922e-36
1.26865e-36
-3.89087e-36
-5.01188e-36
8.74816e-36
1.72777e-35
-1.67545e-35
-5.40188e-35
2.20442e-35
1.55154e-34
1.05785e-35
-4.09198e-34
-2.19221e-34
9.7804e-34
1.05165e-33
-2.04533e-33
-3.77419e-33
3.38689e-33
1.15338e-32
-2.62779e-33
-3.10243e-32
-1.02434e-32
7.33003e-32
6.73232e-32
-1.46537e-31
-2.5451e-31
2.16868e-31
7.64709e-31
-7.4527e-32
-1.93821e-30
-1.02608e-30
4.1089e-30
5.143e-30
-6.66666e-30
-1.68615e-29
4.87438e-30
4.38677e-29
1.82746e-29
-9.21175e-29
-1.0792e-28
1.41896e-28
3.56358e-28
-7.57199e-29
-8.90022e-28
-4.81556e-28
1.70661e-27
2.40445e-27
-2.08872e-27
-7.14336e-27
-8.24356e-28
1.5703e-26
1.4395e-26
-2.4268e-26
-5.17133e-26
1.28275e-26
1.23152e-25
7.5618e-26
-1.97612e-25
-3.58029e-25
1.08068e-25
1.00415e-24
5.51689e-25
-2.10974e-24
-2.12685e-24
3.11454e-24
2.75307e-24
