ordre_1
1.4013e-45
2.8026e-45
1.26117e-44
4.9606e-43
1.71645e-41
4.72907e-40
1.07825e-38
2.09242e-37
3.52774e-36
5.24914e-35
6.97912e-34
8.37495e-33
9.14576e-32
9.15215e-31
8.44215e-30
7.21466e-29
5.73758e-28
4.26262e-27
2.96859e-26
1.94392e-25
1.20019e-24
7.00385e-24
3.87183e-23
2.03176e-22
1.01395e-21
4.82053e-21
2.18671e-20
9.47863e-20
3.93138e-19
1.56222e-18
5.95458e-18
2.1795e-17
7.66854e-17
2.59628e-16
8.46603e-16
2.66127e-15
8.07141e-15
2.36385e-14
6.69033e-14
1.83132e-13
4.85177e-13
1.24501e-12
3.0967e-12
7.47122e-12
1.7497e-11
3.98045e-11
8.80263e-11
1.89377e-10
3.96652e-10
8.09463e-10
1.6108e-09
3.12827e-09
5.93422e-09
1.10055e-08
1.99734e-08
3.55062e-08
6.18876e-08
1.05875e-07
1.77959e-07
2.94196e-07
4.78848e-07
7.68138e-07
1.21559e-06
1.89952e-06
2.93348e-06
4.48068e-06
6.77371e-06
1.01413e-05
1.50443e-05
2.21227e-05
3.22584e-05
4.66556e-05
6.69436e-05
9.53073e-05
0.000134649
0.000188788
0.000262703
0.00036282
0.000497352
0.000676693
0.000913857
0.00122498
0.00162983
0.00215241
0.00282147
0.00367109
0.00474116
0.00607779
0.00773356
0.00976754
0.0122452
0.0152377
0.0188212
0.0230755
0.0280823
0.0339227
0.0406747
0.0484102
0.0571911
0.0670654
0.0780635
