ordre_1
1.4013e-45
2.8026e-45
4.2039e-45
5.60519e-45
7.00649e-45
8.40779e-45
9.80909e-45
1.12104e-44
1.26117e-44
1.4013e-44
1.54143e-44
1.68156e-44
1.82169e-44
1.96182e-44
2.10195e-44
2.24208e-44
2.38221e-44
2.52234e-44
2.66247e-44
2.8026e-44
2.94273e-44
3.08286e-44
3.22299e-44
3.36312e-44
3.50325e-44
3.64338e-44
3.78351e-44
3.92364e-44
4.06377e-44
4.2039e-44
4.34403e-44
4.48416e-44
4.62428e-44
5.04467e-44
9.66896e-44
4.17587e-43
2.51533e-42
1.5745e-41
9.65733e-41
5.75723e-40
3.33332e-39
1.87511e-38
1.02542e-37
5.45436e-37
2.82344e-36
1.42307e-35
6.98711e-35
3.34342e-34
1.55991e-33
7.09914e-33
3.15273e-32
1.36682e-31
5.78682e-31
2.39349e-30
9.67467e-30
3.82295e-29
1.47726e-28
5.58404e-28
2.06539e-27
7.47728e-27
2.6503e-26
9.19971e-26
3.12821e-25
1.04225e-24
3.40334e-24
1.08945e-23
3.41959e-23
1.05271e-22
3.17911e-22
9.42022e-22
2.73947e-21
7.82008e-21
2.19172e-20
6.03218e-20
1.63066e-19
4.3305e-19
1.13e-18
2.8978e-18
7.30447e-18
1.81016e-17
4.41099e-17
1.05712e-16
2.49204e-16
5.77981e-16
1.3191e-15
2.96293e-15
6.55134e-15
1.4262e-14
3.05743e-14
6.4556e-14
1.34278e-13
2.752e-13
5.55843e-13
1.10663e-12
2.17216e-12
4.20446e-12
8.02701e-12
1.51189e-11
2.81001e-11
5.1549e-11
9.33607e-11
