ordre_2
8.63043e-36
-5.72216e-35
-7.94446e-35
3.33683e-34
4.13968e-34
-1.42915e-33
-1.83424e-33
5.31161e-33
7.49717e-33
-1.79793e-32
-2.90343e-32
5.63311e-32
1.07603e-31
-1.63471e-31
-3.82928e-31
4.3359e-31
1.30905e-30
-1.01258e-30
-4.29256e-30
1.86397e-30
1.34616e-29
-1.38876e-30
-4.01768e-29
-9.43028e-30
1.1324e-28
6.81378e-29
-2.97599e-28
-3.0849e-28
7.12648e-28
1.15574e-27
-1.48056e-27
-3.82975e-27
2.31149e-27
1.14648e-26
-7.52766e-28
-3.1062e-26
-1.36128e-26
7.50782e-26
7.5354e-26
-1.55252e-25
-2.81153e-25
2.41525e-25
8.5957e-25
-1.09122e-25
-2.2415e-24
-1.09872e-24
4.92116e-24
5.86505e-24
-8.3652e-24
-1.99407e-23
7.04734e-24
5.32783e-23
2.00141e-23
-1.13866e-22
-1.29622e-22
1.75904e-22
4.36641e-22
-8.4557e-23
-1.08472e-21
-6.44689e-22
1.99904e-21
3.07641e-21
-2.079e-21
-8.69668e-21
-2.53046e-21
1.74174e-20
2.05192e-20
-2.09936e-20
-6.37476e-20
-1.03048e-20
1.30208e-19
1.40587e-19
-1.52671e-19
-4.44404e-19
-9.07114e-20
8.60037e-19
1.01833e-18
-8.22621e-19
-2.94106e-18
-1.20331e-18
4.88962e-18
7.4326e-18
-2.42115e-18
-1.76645e-17
-1.35231e-17
2.1415e-17
4.98875e-17
1.08133e-17
-8.71262e-17
-1.17142e-16
4.18046e-17
2.78006e-16
2.2566e-16
-2.82224e-16
-7.27326e-16
-3.60438e-16
9.49459e-16
2.1362e-15
9.56902e-17
-4.23678e-15
-1.37207e-15
