ordre_2
9.68296e-32
-2.11325e-31
-8.72498e-31
1.18665e-30
4.36568e-30
-4.74352e-30
-1.82844e-29
1.57531e-29
6.97813e-29
-4.43596e-29
-2.49903e-28
9.97238e-29
8.49156e-28
-1.25919e-28
-2.74548e-27
-3.32013e-28
8.42799e-27
3.5189e-27
-2.44041e-26
-1.85317e-26
6.58352e-26
7.78851e-26
-1.61671e-25
-2.86536e-25
3.43827e-25
9.51804e-25
-5.46744e-25
-2.88193e-24
1.63213e-25
7.92886e-24
3.47464e-24
-1.94911e-23
-1.94373e-23
4.10126e-23
7.35633e-23
-6.50256e-23
-2.27672e-22
3.13251e-23
5.98473e-22
2.93458e-22
-1.31486e-21
-1.58643e-21
2.19987e-21
5.3901e-21
-1.64145e-21
-1.42246e-20
-6.27149e-21
2.94309e-20
3.68447e-20
-4.14989e-20
-1.18432e-19
3.64118e-21
2.76957e-19
2.16414e-19
-4.54095e-19
-8.71418e-19
2.82652e-19
2.19598e-18
1.29471e-18
-3.7054e-18
-6.18473e-18
2.43693e-18
1.56742e-17
9.46449e-18
-2.45672e-17
-4.3818e-17
9.18822e-18
1.01159e-16
8.20126e-17
-1.26864e-16
-2.99083e-16
-5.00884e-17
5.56423e-16
6.91387e-16
-3.77344e-16
-1.79039e-15
-1.21275e-15
2.18916e-15
4.82755e-15
1.19353e-15
-7.98291e-15
-1.15064e-14
1.85581e-15
2.40434e-14
2.50545e-14
-1.50569e-14
-6.49452e-14
-5.14468e-14
5.6238e-14
1.63848e-13
1.03474e-13
-1.64101e-13
-3.98545e-13
-2.16474e-13
4.32805e-13
9.05621e-13
5.10984e-13
-8.55792e-13
-2.5349e-12
-8.69431e-13
3.0888e-12
