ordre_2
-1.78392e-19
-1.11993e-17
1.52673e-19
6.45041e-17
1.26251e-17
-2.67854e-16
-1.25397e-16
9.32293e-16
7.7146e-16
-2.7796e-15
-3.68146e-15
6.85242e-15
1.45632e-14
-1.20869e-14
-4.85954e-14
3.70723e-15
1.34902e-13
8.26183e-14
-2.93296e-13
-4.32607e-13
3.97604e-13
1.39307e-12
2.21481e-13
-3.12001e-12
-3.3693e-12
3.98537e-12
1.14996e-11
2.7215e-12
-2.22921e-11
-2.96142e-11
1.46442e-11
7.80209e-11
6.00838e-11
-8.59212e-11
-2.22991e-10
-1.08871e-10
2.89662e-10
5.80374e-10
2.28986e-10
-7.5231e-10
-1.44696e-09
-6.96058e-10
1.52923e-09
3.41989e-09
2.47952e-09
-1.95522e-09
-7.0588e-09
-7.84362e-09
-1.20832e-09
1.0323e-08
1.87288e-08
1.54199e-08
-1.99902e-09
-2.60996e-08
-4.23792e-08
-3.73321e-08
-7.04674e-09
3.89904e-08
8.12622e-08
9.88828e-08
7.88643e-08
2.14279e-08
-6.06514e-08
-1.47521e-07
-2.19412e-07
-2.62233e-07
-2.69696e-07
-2.41725e-07
-1.80086e-07
-8.23805e-08
6.49666e-08
2.95142e-07
6.72525e-07
1.31046e-06
2.39944e-06
4.25075e-06
7.36208e-06
1.25139e-05
2.0909e-05
3.437e-05
5.56141e-05
8.86229e-05
0.000139133
0.000215261
0.000328312
0.000493724
0.000732354
0.00107152
0.00154744
0.00220426
0.00310311
0.0043031
0.00591935
0.00796957
0.0107906
0.0139269
0.0190627
0.022353
0.0342362
0.02875
0.0717187
