ordre_2
5.71907e-24
-1.24634e-23
-5.15687e-23
6.74847e-23
2.57842e-22
-2.50815e-22
-1.0734e-21
7.24077e-22
4.02989e-21
-1.48689e-21
-1.3966e-20
6.39174e-22
4.48406e-20
1.37079e-20
-1.32379e-19
-9.3841e-20
3.52427e-19
4.2953e-19
-8.10952e-19
-1.61058e-18
1.43827e-18
5.19713e-18
-1.02005e-18
-1.45217e-17
-5.9932e-18
3.4275e-17
3.74871e-17
-6.27478e-17
-1.3763e-16
5.9774e-17
3.83444e-16
1.39995e-16
-8.19783e-16
-9.79887e-16
1.14962e-15
3.24567e-15
8.36172e-17
-7.37319e-15
-6.72248e-15
1.04846e-14
2.46511e-14
1.74637e-16
-5.35805e-14
-5.29768e-14
6.1513e-14
1.74787e-13
5.24656e-14
-3.07211e-13
-4.37758e-13
1.46767e-13
1.04469e-12
8.85771e-13
-1.04849e-12
-2.95244e-12
-1.45597e-12
3.91844e-12
7.52945e-12
1.91183e-12
-1.16374e-11
-1.82715e-11
-2.19501e-12
3.02061e-11
4.37233e-11
4.71653e-12
-7.04723e-11
-1.04523e-10
-2.30883e-11
1.46108e-10
2.45811e-10
1.07242e-10
-2.52297e-10
-5.45184e-10
-3.96059e-10
2.85811e-10
1.06305e-09
1.17061e-09
1.42021e-10
-1.59129e-09
-2.71899e-09
-1.89946e-09
1.04412e-09
4.51651e-09
5.83426e-09
3.01956e-09
-3.41293e-09
-1.00475e-08
-1.21681e-08
-6.67399e-09
5.41722e-09
1.85968e-08
2.51977e-08
1.94264e-08
9.12141e-10
-2.40136e-08
-4.48911e-08
-5.02308e-08
-3.62765e-08
1.20144e-10
3.95672e-08
8.02929e-08
1.22946e-07
