ordre_2
-1.4013e-45
-2.8026e-45
-2.8026e-45
-1.4013e-45
0
1.4013e-45
1.4013e-45
0
-1.4013e-45
-2.8026e-45
-2.8026e-45
-1.4013e-45
0
1.4013e-45
1.4013e-45
2.8026e-45
1.4013e-45
0
-1.4013e-45
-2.8026e-45
-4.2039e-45
-5.60519e-45
-5.60519e-45
-4.2039e-45
-2.8026e-45
-1.4013e-45
-1.4013e-45
-0
-0
-1.4013e-45
-2.8026e-45
-4.2039e-45
-5.60519e-45
-7.00649e-45
-7.00649e-45
-5.60519e-45
-4.2039e-45
-2.8026e-45
-1.4013e-45
-1.4013e-45
-2.8026e-45
-4.2039e-45
-5.60519e-45
-7.00649e-45
-7.00649e-45
-8.40779e-45
-9.80909e-45
-1.12104e-44
-1.26117e-44
-1.4013e-44
-1.4013e-44
-1.4013e-44
-1.26117e-44
-1.12104e-44
-9.80909e-45
-8.40779e-45
-8.40779e-45
-7.00649e-45
-5.60519e-45
-4.2039e-45
-2.8026e-45
-2.8026e-45
-4.2039e-45
-5.60519e-45
-7.00649e-45
-8.40779e-45
-9.80909e-45
-1.12104e-44
-1.26117e-44
-7.00649e-45
4.2039e-45
8.40779e-45
-1.4013e-44
-3.08286e-44
9.80909e-45
6.16571e-44
-2.52234e-44
-2.18603e-43
-9.66896e-44
4.59626e-43
4.55422e-43
-9.51482e-43
-1.67175e-42
1.46155e-42
4.91435e-42
-8.32371e-43
-1.24491e-41
-5.615e-42
2.68643e-41
3.2199e-41
-4.66927e-41
-1.17258e-40
5.09862e-41
3.49021e-40
3.36522e-41
-8.93188e-40
-3.64268e-40
1.92518e-39
1.04934e-39
-3.00165e-39
-1.25974e-39
