ordre_1
2.64094e-21
1.33739e-19
3.32508e-18
5.41079e-17
6.48222e-16
6.09778e-15
4.6914e-14
3.03626e-13
1.68754e-12
8.1835e-12
3.50659e-11
1.34155e-10
4.62304e-10
1.44605e-09
4.13394e-09
1.08701e-08
2.64501e-08
5.99137e-08
1.27094e-07
2.54026e-07
4.81414e-07
8.70677e-07
1.51262e-06
2.54045e-06
4.14958e-06
6.62692e-06
1.0393e-05
1.60605e-05
2.45133e-05
3.70122e-05
5.53336e-05
8.19511e-05
0.000120269
0.000174919
0.00025213
0.000360186
0.000509972
0.000715625
0.000995278
0.00137191
0.00187424
0.00253775
0.00340562
0.00452965
0.00597115
0.00780144
0.0101022
0.0129653
0.0164921
0.0207919
0.02598
0.0321745
0.0394921
0.0480438
0.0579285
0.0692271
0.0819952
0.0962564
0.111995
0.129152
0.147615
0.167221
0.187751
0.208931
0.230439
0.251906
0.272931
0.293089
0.311944
0.329068
0.344054
0.356532
0.366187
0.372768
0.376103
0.376103
0.372768
0.366187
0.356532
0.344054
0.329068
0.311944
0.293089
0.272931
0.251906
0.230439
0.208931
0.187751
0.167221
0.147615
0.129152
0.111995
0.0962564
0.0819952
0.0692271
0.0579285
0.0480438
0.0394921
0.0321745
0.02598
0.0207919
