ordre_1
1.4013e-45
2.8026e-45
4.2039e-45
5.60519e-45
7.00649e-45
8.40779e-45
9.80909e-45
1.12104e-44
1.26117e-44
1.4013e-44
1.54143e-44
1.68156e-44
1.82169e-44
1.96182e-44
2.10195e-44
2.24208e-44
2.38221e-44
2.52234e-44
2.66247e-44
2.8026e-44
2.94273e-44
3.08286e-44
3.22299e-44
3.36312e-44
3.50325e-44
3.64338e-44
3.78351e-44
3.92364e-44
4.06377e-44
4.2039e-44
4.34403e-44
4.48416e-44
4.62428e-44
4.76441e-44
4.90454e-44
6.72623e-44
1.97583e-43
1.05378e-42
6.41094e-42
3.88552e-41
2.29629e-40
1.31943e-39
7.37146e-39
4.00614e-38
2.119e-37
1.0914e-36
5.47641e-36
2.67834e-35
1.27728e-34
5.94213e-34
2.69778e-33
1.19578e-32
5.17652e-32
2.18939e-31
9.05015e-31
3.65748e-30
1.44558e-29
5.58944e-29
2.11492e-28
7.83323e-28
2.84075e-27
1.00899e-26
3.51092e-26
1.19713e-25
4.00086e-25
1.31088e-24
4.21188e-24
1.32735e-23
4.10384e-23
1.24504e-22
3.70727e-22
1.08367e-21
3.11023e-21
8.7666e-21
2.42715e-20
6.60191e-20
1.76454e-19
4.63516e-19
1.19686e-18
3.03845e-18
7.58512e-18
1.86232e-17
4.4978e-17
1.06876e-16
2.499e-16
5.75092e-16
1.30277e-15
2.90557e-15
6.38127e-15
1.3803e-14
2.94107e-14
6.17424e-14
1.27729e-13
2.60437e-13
5.2349e-13
1.03751e-12
2.02786e-12
3.90966e-12
7.43677e-12
1.39595e-11
2.58636e-11
