ordre_2
1.67542e-32
-2.22278e-33
-1.49252e-31
3.25116e-33
7.30315e-31
5.77996e-32
-2.96128e-30
-6.09827e-31
1.08417e-29
3.93974e-30
-3.69255e-29
-2.05194e-29
1.18264e-28
9.35098e-29
-3.56562e-28
-3.8656e-28
1.00539e-27
1.47644e-27
-2.60807e-27
-5.25974e-27
6.00268e-27
1.75459e-26
-1.11341e-26
-5.47916e-26
1.04008e-26
1.59419e-25
3.77483e-26
-4.2757e-25
-2.96176e-25
1.0345e-24
1.2991e-24
-2.15267e-24
-4.56717e-24
3.34868e-24
1.38378e-23
-1.19706e-24
-3.66647e-23
-1.79898e-23
8.34499e-23
9.60825e-23
-1.5195e-22
-3.37052e-22
1.62647e-22
9.42375e-22
2.30123e-22
-2.14879e-21
-2.05422e-21
3.73377e-21
7.62416e-21
-3.30042e-21
-2.0529e-20
-7.84245e-21
4.19538e-20
5.12017e-20
-5.60097e-20
-1.62954e-19
-6.48066e-21
3.63949e-19
3.23462e-19
-5.36261e-19
-1.18799e-18
1.33707e-19
2.73069e-18
2.19265e-18
-3.90586e-18
-8.37856e-18
4.49e-19
1.8286e-17
1.67823e-17
-2.20238e-17
-5.69942e-17
-1.14779e-17
1.06147e-16
1.32736e-16
-7.87437e-17
-3.52221e-16
-2.1548e-16
4.74852e-16
9.4499e-16
9.57812e-17
-1.75478e-15
-2.15168e-15
9.81606e-16
5.28113e-15
4.20103e-15
-5.19986e-15
-1.40907e-14
-6.88248e-15
1.82058e-14
3.47527e-14
8.72944e-15
-5.33447e-14
-8.27733e-14
-4.35934e-15
1.42581e-13
1.82366e-13
5.20123e-15
-3.47159e-13
-5.27509e-13
2.37893e-13
8.05476e-13
