ordre_1
1.4013e-45
2.8026e-45
4.2039e-45
5.60519e-45
7.00649e-45
8.40779e-45
9.80909e-45
1.12104e-44
1.26117e-44
1.4013e-44
1.54143e-44
1.68156e-44
1.82169e-44
1.96182e-44
2.10195e-44
2.24208e-44
2.38221e-44
2.52234e-44
2.66247e-44
2.8026e-44
2.94273e-44
3.08286e-44
3.22299e-44
3.36312e-44
3.50325e-44
3.64338e-44
3.78351e-44
3.92364e-44
4.06377e-44
4.2039e-44
4.34403e-44
4.48416e-44
4.62428e-44
4.76441e-44
4.90454e-44
5.04467e-44
5.1848e-44
5.32493e-44
5.46506e-44
5.60519e-44
5.74532e-44
5.88545e-44
6.02558e-44
6.16571e-44
6.30584e-44
7.00649e-44
1.1911e-43
4.06377e-43
1.98284e-42
1.04004e-41
5.42232e-41
2.77079e-40
1.3843e-39
6.76129e-39
3.22929e-38
1.5087e-37
6.89687e-37
3.08597e-36
1.35192e-35
5.80034e-35
2.43794e-34
1.00409e-33
4.05342e-33
1.60425e-32
6.22639e-32
2.37036e-31
8.85329e-31
3.24493e-30
1.16737e-29
4.12297e-29
1.42986e-28
4.87022e-28
1.62951e-27
5.35675e-27
1.73046e-26
5.49431e-26
1.71489e-25
5.2626e-25
1.58811e-24
4.71355e-24
1.37617e-23
3.95294e-23
1.11727e-22
3.10781e-22
8.50885e-22
2.29336e-21
6.08585e-21
1.5903e-20
4.09267e-20
1.03744e-19
2.59068e-19
6.37398e-19
1.54531e-18
3.69224e-18
8.69536e-18
2.01869e-17
4.62054e-17
1.04284e-16
2.32112e-16
5.09563e-16
1.10351e-15
