ordre_2
6.80004e-11
1.19442e-10
-5.01403e-10
-9.21697e-10
1.39542e-09
4.47169e-09
8.41356e-12
-1.28112e-08
-1.56912e-08
1.0401e-08
5.09562e-08
5.69724e-08
-8.56477e-09
-1.25141e-07
-2.20571e-07
-2.19267e-07
-8.13848e-08
2.00744e-07
6.38747e-07
1.28787e-06
2.27476e-06
3.819e-06
6.26313e-06
1.01235e-05
1.61698e-05
2.55402e-05
3.98994e-05
6.16537e-05
9.42363e-05
0.000142482
0.000213107
0.000315317
0.000461555
0.000668404
0.000957646
0.00135749
0.0019039
0.00264205
0.00362776
0.00492889
0.00662647
0.00881557
0.0116055
0.0151193
0.0194924
0.02487
0.0314029
0.0392428
0.0485347
0.0594099
0.0719759
0.086307
0.102434
0.120334
0.139923
0.161047
0.18348
0.20692
0.230995
0.255268
0.279248
0.302407
0.324197
0.344071
0.361505
0.376024
0.387219
0.394772
0.398463
0.39819
0.393964
0.385918
0.374291
0.359424
0.341736
0.321714
0.299879
0.276774
0.252938
0.228885
0.205087
0.181963
0.159866
0.139079
0.119814
0.10221
0.0863422
0.0722281
0.0598334
0.0490841
0.039875
0.0320795
0.025558
0.0201651
0.0157564
0.0121921
0.00934516
0.0070845
0.00535913
0.00384479
0.00343992
