ordre_2
-1.42818e-30
1.88746e-31
1.27109e-29
-1.96258e-31
-6.20692e-29
-5.81331e-30
2.5077e-28
5.80219e-29
-9.1277e-28
-3.67758e-28
3.08099e-27
1.89029e-27
-9.73516e-27
-8.50569e-27
2.87632e-26
3.46649e-26
-7.86369e-26
-1.30158e-25
1.94059e-25
4.53962e-25
-4.07278e-25
-1.47426e-24
5.9454e-25
4.44641e-24
2.06631e-25
-1.2349e-23
-6.19752e-24
3.10149e-23
3.19727e-23
-6.77289e-23
-1.20679e-22
1.15695e-22
3.81421e-22
-8.79033e-23
-1.04035e-21
-3.90169e-22
2.42098e-21
2.49552e-21
-4.50391e-21
-9.1681e-21
5.06423e-21
2.60164e-20
5.69582e-21
-5.90953e-20
-5.64613e-20
9.97482e-20
2.09079e-19
-7.52751e-20
-5.4844e-19
-2.59887e-19
1.05733e-18
1.46397e-18
-1.18794e-18
-4.32034e-18
-1.05118e-18
8.7255e-18
1.00804e-17
-1.01301e-17
-3.13175e-17
-7.0464e-18
6.09627e-17
7.32643e-17
-5.89788e-17
-2.1277e-16
-8.72927e-17
3.56335e-16
5.43823e-16
-1.73295e-16
-1.29348e-15
-1.01375e-15
1.52827e-15
3.68515e-15
9.84162e-16
-6.20545e-15
-8.87178e-15
2.09438e-15
1.96053e-14
1.8593e-14
-1.58533e-14
-5.4044e-14
-3.43666e-14
6.01316e-14
1.37073e-13
5.66091e-14
-1.8219e-13
-3.3099e-13
-8.64632e-14
4.87114e-13
7.8046e-13
1.42438e-13
-1.19198e-12
-1.82018e-12
-3.5333e-13
2.71968e-12
4.2523e-12
1.0148e-12
-5.27814e-12
-9.87221e-12
-5.66362e-12
1.52919e-11
1.64438e-11
