ordre_1
1.4013e-45
2.8026e-45
4.2039e-45
5.60519e-45
7.00649e-45
8.40779e-45
9.80909e-45
1.12104e-44
1.26117e-44
1.4013e-44
1.54143e-44
1.68156e-44
1.82169e-44
1.96182e-44
2.10195e-44
2.24208e-44
2.38221e-44
2.52234e-44
2.66247e-44
2.8026e-44
2.94273e-44
3.08286e-44
3.22299e-44
3.36312e-44
3.50325e-44
3.64338e-44
3.78351e-44
3.92364e-44
4.06377e-44
4.2039e-44
4.34403e-44
4.48416e-44
4.62428e-44
4.76441e-44
4.90454e-44
5.04467e-44
5.1848e-44
5.32493e-44
5.46506e-44
5.60519e-44
5.74532e-44
5.88545e-44
6.02558e-44
6.16571e-44
6.30584e-44
6.44597e-44
6.5861e-44
6.72623e-44
6.86636e-44
7.00649e-44
7.14662e-44
7.28675e-44
7.42688e-44
7.56701e-44
7.70714e-44
7.84727e-44
7.9874e-44
8.12753e-44
8.26766e-44
9.24857e-44
1.61149e-43
4.90454e-43
2.05851e-42
9.31303e-42
4.22534e-41
1.88965e-40
8.30344e-40
3.58305e-39
1.51843e-38
6.32058e-38
2.58479e-37
1.03868e-36
4.10217e-36
1.59257e-35
6.07878e-35
2.28162e-34
8.42277e-34
3.0586e-33
1.09274e-32
3.84156e-32
1.32911e-31
4.5263e-31
1.51747e-30
5.009e-30
1.62817e-29
5.21223e-29
1.64355e-28
5.10546e-28
1.56256e-27
4.71237e-27
1.40056e-26
4.10272e-26
1.18469e-25
3.3725e-25
9.46592e-25
2.61991e-24
7.15107e-24
1.92515e-23
5.1123e-23
1.33928e-22
3.46158e-22
