ordre_2
-1.4013e-45
-2.8026e-45
-2.8026e-45
-1.4013e-45
0
1.4013e-45
1.4013e-45
0
-1.4013e-45
-2.8026e-45
-2.8026e-45
-1.4013e-45
0
1.4013e-45
1.4013e-45
2.8026e-45
1.4013e-45
0
-1.4013e-45
-2.8026e-45
-4.2039e-45
-2.8026e-45
5.60519e-45
1.4013e-44
-4.2039e-45
-3.78351e-44
8.40779e-45
1.079e-43
2.8026e-45
-3.237e-43
-1.00893e-43
9.03838e-43
5.49309e-43
-2.44246e-42
-2.31495e-42
6.24559e-42
8.58295e-42
-1.48496e-41
-2.92073e-41
3.1539e-41
9.27267e-41
-5.4142e-41
-2.76864e-40
4.45543e-41
7.77658e-40
1.84855e-40
-2.04441e-39
-1.34076e-39
4.96534e-39
5.72702e-39
-1.08312e-38
-2.00912e-38
1.97891e-38
6.23374e-38
-2.32498e-38
-1.7508e-37
-2.32944e-38
4.46025e-37
2.82213e-37
-1.01445e-36
-1.2489e-36
1.9629e-36
4.23977e-36
-2.74946e-36
-1.22928e-35
2.14214e-37
3.12135e-35
1.71113e-35
-6.85944e-35
-8.266e-35
1.22494e-34
2.78457e-34
-1.35611e-34
-7.70284e-34
-1.41789e-34
1.79973e-33
1.4831e-33
-3.43036e-33
-5.81614e-33
4.4724e-33
1.69896e-32
6.81946e-34
-4.03414e-32
-2.92765e-32
7.63588e-32
1.22131e-31
-9.6289e-32
-3.51134e-31
-2.44716e-32
7.79718e-31
6.49549e-31
-1.25738e-30
-2.61892e-30
8.37488e-31
7.48801e-30
3.2074e-30
-1.72644e-29
-1.51533e-29
3.1442e-29
3.15111e-29
-3.12421e-29
