ordre_2
-1.4013e-45
-2.8026e-45
-2.8026e-45
-1.4013e-45
0
1.4013e-45
1.4013e-45
0
-1.4013e-45
-2.8026e-45
-2.8026e-45
-1.4013e-45
0
1.4013e-45
1.4013e-45
2.8026e-45
1.4013e-45
0
-1.4013e-45
-2.8026e-45
-4.2039e-45
-5.60519e-45
-5.60519e-45
-4.2039e-45
-2.8026e-45
-1.4013e-45
-1.4013e-45
-0
-0
-1.4013e-45
-2.8026e-45
-4.2039e-45
-5.60519e-45
-7.00649e-45
-7.00649e-45
-8.40779e-45
2.8026e-45
1.26117e-44
-4.2039e-45
-3.50325e-44
1.4013e-45
9.10844e-44
1.4013e-44
-2.60642e-43
-1.52742e-43
6.48801e-43
6.53005e-43
-1.53722e-42
-2.39202e-42
3.2342e-42
7.79402e-42
-5.52112e-42
-2.32938e-41
4.89333e-42
6.44121e-41
1.53722e-41
-1.6415e-40
-1.15496e-40
3.79381e-40
4.819e-40
-7.63593e-40
-1.62791e-39
1.18588e-39
4.81244e-39
-6.28736e-40
-1.27176e-38
-5.00492e-39
2.99018e-38
2.87526e-38
-6.0452e-38
-1.06026e-37
9.3829e-38
3.19661e-37
-5.35743e-38
-8.30011e-37
-3.50487e-37
1.85371e-36
1.9775e-36
-3.37607e-36
-6.94825e-36
3.98339e-36
1.95668e-35
2.57684e-36
-4.61713e-35
-3.54451e-35
8.87499e-35
1.41003e-34
-1.17201e-34
-4.07058e-34
-1.56821e-35
9.41797e-34
7.83828e-34
-1.72177e-33
-3.39534e-33
2.16926e-33
1.02562e-32
-5.99585e-34
-2.41058e-32
-4.80337e-33
3.92516e-32
8.07278e-33
