ordre_1
7.33009e-38
7.74355e-36
4.05301e-34
1.40131e-32
3.60024e-31
7.33116e-30
1.23242e-28
1.75912e-27
2.17627e-26
2.37041e-25
2.30143e-24
2.01175e-23
1.59637e-22
1.15793e-21
7.72283e-21
4.76012e-20
2.72349e-19
1.45206e-18
7.23913e-18
3.38508e-17
1.48878e-16
6.1739e-16
2.41962e-15
8.98052e-15
3.16275e-14
1.05881e-13
3.37512e-13
1.02606e-12
2.97934e-12
8.27487e-12
2.20142e-11
5.61742e-11
1.37672e-10
3.24496e-10
7.36564e-10
1.61227e-09
3.40797e-09
6.96633e-09
1.37913e-08
2.64832e-08
4.94073e-08
8.97e-08
1.58753e-07
2.74374e-07
4.63914e-07
7.68739e-07
1.25064e-06
2.00089e-06
3.15314e-06
4.90129e-06
7.52446e-06
1.14211e-05
1.71552e-05
2.55181e-05
3.76097e-05
5.49449e-05
7.95897e-05
0.000114333
0.000162905
0.000230238
0.000322794
0.000448944
0.000619421
0.000847837
0.00115126
0.00155086
0.00207258
0.00274783
0.00361416
0.00471594
0.0061048
0.00784002
0.00998865
0.0126253
0.0158315
0.0196946
0.0243063
0.0297603
0.0361496
0.0435631
0.0520813
0.0617724
0.072687
0.0848534
0.0982726
0.112914
0.12871
0.145556
0.163305
0.181769
0.200722
0.219898
0.239003
0.257713
0.275692
0.292595
0.308079
0.32182
0.333516
0.342907
0.349776
