ordre_2
-2.86251e-38
3.8299e-39
2.5552e-37
-9.14079e-39
-1.2559e-36
-5.91313e-38
5.1318e-36
7.68385e-37
-1.90183e-35
-5.2558e-36
6.59756e-35
2.83319e-35
-2.17089e-34
-1.33037e-34
6.80716e-34
5.67533e-34
-2.03268e-33
-2.24744e-33
5.74831e-33
8.36121e-33
-1.52103e-32
-2.94179e-32
3.67553e-32
9.81919e-32
-7.67388e-32
-3.11045e-31
1.15803e-31
9.32966e-31
9.9756e-33
-2.63517e-30
-1.04973e-30
6.93592e-30
5.7621e-30
-1.66786e-29
-2.30221e-29
3.51394e-29
7.83535e-29
-5.78046e-29
-2.37255e-28
3.71429e-29
6.45827e-28
2.34106e-28
-1.56521e-27
-1.44743e-27
3.25442e-27
5.53767e-27
-5.1707e-27
-1.70841e-26
2.98563e-27
4.47899e-26
1.99662e-26
-9.90906e-26
-1.12302e-25
1.71788e-25
3.87953e-25
-1.60605e-25
-1.05016e-24
-3.33937e-25
2.28974e-24
2.4197e-24
-3.70646e-24
-8.42731e-24
2.49607e-24
2.1613e-23
1.06041e-23
-4.19641e-23
-5.72153e-23
5.11526e-23
1.71697e-22
2.28412e-23
-3.69788e-22
-3.58552e-22
5.27261e-22
1.2479e-21
-9.64753e-23
-2.83958e-21
-2.28643e-21
4.17542e-21
8.73061e-21
-1.10461e-21
-1.98313e-20
-1.6046e-20
2.72904e-20
5.99367e-20
-3.84355e-22
-1.26318e-19
-1.22488e-19
1.41817e-19
3.96499e-19
1.05784e-19
-7.14821e-19
-9.33081e-19
5.01004e-19
2.32215e-18
1.55165e-18
-2.82115e-18
-7.05148e-18
-1.14756e-18
1.55765e-17
1.00639e-17
-1.62828e-17
