ordre_1
1.4013e-45
2.8026e-45
4.2039e-45
5.60519e-45
7.00649e-45
8.40779e-45
9.80909e-45
1.12104e-44
1.26117e-44
1.4013e-44
1.54143e-44
1.68156e-44
1.82169e-44
1.96182e-44
2.10195e-44
2.24208e-44
2.38221e-44
2.52234e-44
2.66247e-44
2.8026e-44
2.94273e-44
3.08286e-44
3.22299e-44
3.36312e-44
3.50325e-44
3.64338e-44
3.78351e-44
3.92364e-44
4.06377e-44
4.2039e-44
4.34403e-44
4.48416e-44
4.62428e-44
4.76441e-44
4.90454e-44
5.04467e-44
5.1848e-44
5.32493e-44
5.46506e-44
5.60519e-44
5.74532e-44
5.88545e-44
6.02558e-44
6.16571e-44
6.30584e-44
6.44597e-44
6.5861e-44
6.72623e-44
6.86636e-44
7.00649e-44
7.14662e-44
7.28675e-44
7.42688e-44
7.56701e-44
7.70714e-44
7.84727e-44
7.9874e-44
8.12753e-44
8.54792e-44
1.23314e-43
3.1249e-43
1.21913e-42
5.48048e-42
2.5072e-41
1.13386e-40
5.04019e-40
2.19994e-39
9.4283e-39
3.96807e-38
1.64034e-37
6.66167e-37
2.65836e-36
1.04258e-35
4.01929e-35
1.5234e-34
5.67777e-34
2.08121e-33
7.50418e-33
2.662e-32
9.2918e-32
3.19188e-31
1.07923e-30
3.59223e-30
1.17723e-29
3.79898e-29
1.20737e-28
3.77956e-28
1.16554e-27
3.5412e-27
1.06016e-26
3.12779e-26
9.09514e-26
2.60696e-25
7.36658e-25
2.05236e-24
5.63827e-24
1.52754e-23
4.08171e-23
1.07582e-22
2.79729e-22
7.17593e-22
