ordre_1
1.4013e-45
2.8026e-45
4.2039e-45
5.60519e-45
7.00649e-45
8.40779e-45
9.80909e-45
1.12104e-44
1.26117e-44
1.4013e-44
1.54143e-44
1.68156e-44
1.82169e-44
1.96182e-44
2.10195e-44
2.24208e-44
2.38221e-44
2.52234e-44
3.22299e-44
1.06499e-43
8.4218e-43
7.64268e-42
6.7289e-41
5.65155e-40
4.52722e-39
3.46416e-38
2.53596e-37
1.7787e-36
1.19691e-35
7.73691e-35
4.80983e-34
2.87888e-33
1.6607e-32
9.2417e-32
4.96587e-31
2.57864e-30
1.29505e-29
6.29519e-29
2.96394e-28
1.35258e-27
5.98647e-27
2.57131e-26
1.07243e-25
4.34567e-25
1.71177e-24
6.55778e-24
2.44456e-23
8.87115e-23
3.13536e-22
1.07972e-21
3.62434e-21
1.18635e-20
3.78823e-20
1.18047e-19
3.59111e-19
1.06686e-18
3.0963e-18
8.78169e-18
2.43475e-17
6.60099e-17
1.75057e-16
4.54253e-16
1.15371e-15
2.86885e-15
6.98649e-15
1.66679e-14
3.89672e-14
8.92988e-14
2.00655e-13
4.42222e-13
9.56207e-13
2.02917e-12
4.22741e-12
8.64893e-12
1.7383e-11
3.43325e-11
6.66591e-11
1.27274e-10
2.39061e-10
4.41905e-10
8.04219e-10
1.44152e-09
2.54594e-09
4.43245e-09
7.61026e-09
1.28917e-08
2.15564e-08
3.55957e-08
5.80733e-08
9.36512e-08
1.49351e-07
2.35646e-07
3.68006e-07
5.69086e-07
8.71772e-07
1.32341e-06
1.9916e-06
2.97213e-06
4.39962e-06
6.46185e-06
9.41873e-06
