ordre_1
1.38462e-15
4.38099e-14
6.74141e-13
6.72623e-12
4.89598e-11
2.77423e-10
1.27561e-09
4.9014e-09
1.60948e-08
4.60031e-08
1.16307e-07
2.64011e-07
5.45954e-07
1.0436e-06
1.87104e-06
3.19085e-06
5.24235e-06
8.38479e-06
1.31565e-05
2.03524e-05
3.11249e-05
4.7119e-05
7.06506e-05
0.000104942
0.000154429
0.000225141
0.000325186
0.000465329
0.00065969
0.000926559
0.00128931
0.00177745
0.00242767
0.00328501
0.00440391
0.00584917
0.00769672
0.010034
0.0129597
0.0165834
0.0210238
0.026406
0.0328589
0.0405098
0.0494795
0.0598754
0.0717843
0.0852647
0.100339
0.116984
0.135127
0.154639
0.175329
0.196947
0.219181
0.241668
0.263994
0.285712
0.306355
0.325447
0.342529
0.357169
0.368987
0.377667
0.382973
0.384758
0.382973
0.377667
0.368987
0.357169
0.342528
0.325447
0.306354
0.285712
0.263994
0.241668
0.219181
0.196947
0.175329
0.154639
0.135127
0.116984
0.100339
0.0852647
0.0717843
0.0598754
0.0494795
0.0405098
0.0328589
0.026406
0.0210238
0.0165834
0.0129597
0.010034
0.00769672
0.00584917
0.00440391
0.00328501
0.00242767
0.00177745
0.00128931
