ordre_1
1.4013e-45
2.8026e-45
4.2039e-45
5.60519e-45
7.00649e-45
8.40779e-45
9.80909e-45
1.12104e-44
1.26117e-44
1.4013e-44
1.54143e-44
1.68156e-44
1.82169e-44
1.96182e-44
2.10195e-44
2.24208e-44
2.38221e-44
2.52234e-44
2.66247e-44
3.08286e-44
6.5861e-44
4.2039e-43
3.59994e-42
3.08454e-41
2.53334e-40
1.98879e-39
1.49398e-38
1.07539e-37
7.42755e-37
4.9286e-36
3.14565e-35
1.93323e-34
1.1452e-33
6.5453e-33
3.61254e-32
1.92709e-31
9.94364e-31
4.96673e-30
2.40319e-29
1.12718e-28
5.12818e-28
2.26447e-27
9.71076e-27
4.04637e-26
1.6392e-25
6.45916e-25
2.47687e-24
9.24735e-24
3.36288e-23
1.19171e-22
4.11694e-22
1.38706e-21
4.55928e-21
1.46265e-20
4.58127e-20
1.40145e-19
4.18858e-19
1.22347e-18
3.49379e-18
9.75689e-18
2.66546e-17
7.12536e-17
1.86443e-16
4.77653e-16
1.19849e-15
2.94601e-15
7.09634e-15
1.67555e-14
3.87906e-14
8.80776e-14
1.96199e-13
4.28889e-13
9.20316e-13
1.93911e-12
4.01302e-12
8.15977e-12
1.63065e-11
3.20374e-11
6.19035e-11
1.17675e-10
2.20148e-10
4.05478e-10
7.35542e-10
1.31463e-09
2.31594e-09
4.02308e-09
6.89417e-09
1.16596e-08
1.94693e-08
3.21128e-08
5.23429e-08
8.43495e-08
1.34444e-07
2.12044e-07
3.31066e-07
5.11899e-07
7.84153e-07
1.19048e-06
1.79182e-06
2.67456e-06
3.96022e-06
