u_np1_2nd_order
9.95481e-09
1.70052e-08
-5.27906e-08
-1.53481e-07
-9.77944e-08
2.3124e-07
8.09613e-07
1.62357e-06
2.79486e-06
4.58771e-06
7.39791e-06
1.17944e-05
1.86087e-05
2.90583e-05
4.49104e-05
6.86988e-05
0.000104012
0.000155867
0.000231188
0.000339406
0.000493199
0.000709377
0.00100993
0.00142319
0.00198518
0.00274097
0.00374611
0.00506795
0.00678677
0.00899655
0.0118052
0.0153342
0.019717
0.0250967
0.0316221
0.0394426
0.0487019
0.0595297
0.0720331
0.0862868
0.102323
0.120121
0.139601
0.160614
0.182938
0.206279
0.230271
0.254482
0.278428
0.301583
0.323403
0.343341
0.360873
0.375518
0.386865
0.394586
0.398454
0.398358
0.394301
0.386407
0.374908
0.36014
0.342519
0.322529
0.300694
0.277557
0.253663
0.229529
0.205635
0.182406
0.1602
0.139306
0.119939
0.102245
0.0862999
0.0721223
0.059679
0.0488953
0.039665
0.0318599
0.0253384
0.0199533
0.0155579
0.0120113
0.00918186
0.00694989
0.00520873
0.00386539
0.0028403
0.00206654
0.0014888
0.00106204
0.000750173
0.000524682
0.000363368
0.00024918
0.000169209
0.000113723
7.59422e-05
4.89826e-05
3.70891e-05
