ordre_1
1.53723e-31
1.30112e-29
5.44461e-28
1.50171e-26
3.07105e-25
4.96664e-24
6.61612e-23
7.46637e-22
7.28619e-21
6.24576e-20
4.76136e-19
3.26044e-18
2.0221e-17
1.14373e-16
5.93472e-16
2.83958e-15
1.25841e-14
5.18584e-14
1.99422e-13
7.179e-13
2.42634e-12
7.71963e-12
2.31781e-11
6.58289e-11
1.77249e-10
4.53442e-10
1.10447e-09
2.56681e-09
5.70386e-09
1.21456e-08
2.4838e-08
4.88948e-08
9.2876e-08
1.70657e-07
3.04125e-07
5.27027e-07
8.90491e-07
1.47091e-06
2.38124e-06
3.78709e-06
5.92951e-06
9.15674e-06
1.39679e-05
2.10726e-05
3.14699e-05
4.65529e-05
6.82451e-05
9.91738e-05
0.00014289
0.000204145
0.000289222
0.000406347
0.000566164
0.000782299
0.00107199
0.0014568
0.00196335
0.00262413
0.0034783
0.00457237
0.00596086
0.00770673
0.00988158
0.0125655
0.0158462
0.0198185
0.0245817
0.0302379
0.0368883
0.0446299
0.0535502
0.063723
0.0752025
0.0880173
0.102166
0.11761
0.134272
0.152029
0.170715
0.190116
0.209976
0.229997
0.24985
0.269179
0.287611
0.304771
0.320293
0.333829
0.345069
0.353747
0.359652
0.362642
0.362642
0.359652
0.353747
0.345069
0.333829
0.320293
0.304771
0.287611
0.269179
