ordre_1
1.4013e-45
2.8026e-45
4.2039e-45
5.60519e-45
7.00649e-45
8.40779e-45
9.80909e-45
1.12104e-44
1.26117e-44
1.4013e-44
1.54143e-44
1.68156e-44
1.82169e-44
1.96182e-44
2.10195e-44
2.24208e-44
2.38221e-44
2.52234e-44
2.66247e-44
2.8026e-44
2.94273e-44
3.08286e-44
3.22299e-44
3.36312e-44
3.50325e-44
3.64338e-44
3.78351e-44
3.92364e-44
4.06377e-44
4.2039e-44
4.34403e-44
4.48416e-44
4.62428e-44
4.76441e-44
4.90454e-44
5.04467e-44
5.1848e-44
5.32493e-44
5.46506e-44
5.60519e-44
5.74532e-44
5.88545e-44
6.02558e-44
7.84727e-44
1.89175e-43
8.29569e-43
4.40989e-42
2.38697e-41
1.26962e-40
6.59905e-40
3.34954e-39
1.6606e-38
8.04383e-38
3.80835e-37
1.76293e-36
7.98179e-36
3.5357e-35
1.53283e-34
6.50553e-34
2.70378e-33
1.10072e-32
4.39056e-32
1.71637e-31
6.57752e-31
2.47159e-30
9.10877e-30
3.29314e-29
1.16822e-28
4.06721e-28
1.39002e-27
4.66424e-27
1.53698e-26
4.97467e-26
1.58181e-25
4.94213e-25
1.51749e-24
4.57998e-24
1.35895e-23
3.96479e-23
1.13758e-22
3.21043e-22
8.91313e-22
2.43474e-21
6.54479e-21
1.73152e-20
4.50932e-20
1.15614e-19
2.91873e-19
7.25636e-19
1.77685e-18
4.28598e-18
1.01855e-17
2.38508e-17
5.50401e-17
1.2519e-16
2.80699e-16
6.2051e-16
1.35257e-15
2.90761e-15
6.16511e-15
1.28956e-14
