ordre_2
-1.4013e-45
-2.8026e-45
-2.8026e-45
-1.4013e-45
0
1.4013e-45
1.4013e-45
0
-1.4013e-45
-2.8026e-45
-2.8026e-45
-1.4013e-45
0
1.4013e-45
1.4013e-45
2.8026e-45
1.4013e-45
0
-1.4013e-45
-2.8026e-45
-4.2039e-45
-5.60519e-45
-5.60519e-45
-4.2039e-45
-2.8026e-45
-1.4013e-45
-1.4013e-45
-0
-0
-1.4013e-45
-2.8026e-45
-4.2039e-45
-5.60519e-45
-7.00649e-45
-7.00649e-45
-5.60519e-45
-4.2039e-45
-2.8026e-45
-1.4013e-45
-1.4013e-45
-2.8026e-45
-4.2039e-45
-5.60519e-45
-7.00649e-45
-7.00649e-45
-8.40779e-45
-9.80909e-45
-1.12104e-44
-1.26117e-44
-1.4013e-44
-1.4013e-44
-1.4013e-44
-1.26117e-44
-1.12104e-44
-9.80909e-45
-9.80909e-45
-1.68156e-44
-2.38221e-44
-1.96182e-44
4.2039e-45
4.2039e-45
-4.06377e-44
-4.76441e-44
7.84727e-44
1.56945e-43
-1.33123e-43
-4.80645e-43
9.66896e-44
1.26397e-42
3.43318e-43
-3.11789e-42
-2.4789e-42
6.71222e-42
9.8175e-42
-1.19503e-41
-3.13709e-41
1.33067e-41
8.67628e-41
1.44698e-41
-2.11041e-40
-1.55125e-40
4.42595e-40
6.37446e-40
-7.3729e-40
-1.98723e-39
6.43492e-40
5.17132e-39
1.66615e-39
-1.13057e-38
-1.18555e-38
1.95448e-38
4.47989e-38
-2.00816e-38
-1.34068e-37
-2.11085e-38
3.41084e-37
1.76353e-37
-7.2853e-37
-4.94898e-37
1.12737e-36
5.89943e-37
