ordre_1
1.4013e-45
2.8026e-45
4.2039e-45
5.60519e-45
7.00649e-45
8.40779e-45
9.80909e-45
1.12104e-44
1.26117e-44
1.4013e-44
1.54143e-44
1.68156e-44
1.82169e-44
1.96182e-44
2.10195e-44
2.24208e-44
2.38221e-44
2.52234e-44
2.66247e-44
2.8026e-44
2.94273e-44
3.08286e-44
3.22299e-44
3.36312e-44
3.50325e-44
3.64338e-44
3.78351e-44
3.92364e-44
4.06377e-44
4.2039e-44
4.34403e-44
4.48416e-44
4.62428e-44
4.76441e-44
4.90454e-44
5.04467e-44
5.1848e-44
5.32493e-44
5.46506e-44
5.60519e-44
5.74532e-44
5.88545e-44
6.02558e-44
6.16571e-44
6.30584e-44
6.44597e-44
6.5861e-44
6.72623e-44
6.86636e-44
7.00649e-44
7.14662e-44
7.28675e-44
7.42688e-44
7.56701e-44
7.70714e-44
8.12753e-44
1.10703e-43
2.66247e-43
1.04397e-42
4.78964e-42
2.2495e-41
1.04486e-40
4.76715e-40
2.13403e-39
9.37254e-39
4.03931e-38
1.70861e-37
7.09513e-37
2.89303e-36
1.15854e-35
4.55744e-35
1.76146e-34
6.69029e-34
2.49759e-33
9.16602e-33
3.30749e-32
1.17368e-31
4.09645e-31
1.40651e-30
4.75143e-30
1.5795e-29
5.16766e-29
1.66423e-28
5.27641e-28
1.64715e-27
5.06356e-27
1.53309e-26
4.57219e-26
1.34333e-25
3.88867e-25
1.10926e-24
3.11838e-24
8.64062e-24
2.36011e-23
6.3554e-23
1.68743e-22
4.41808e-22
1.14081e-21
2.90544e-21
7.29932e-21
1.80913e-20
