ordre_2
-1.4013e-45
-2.8026e-45
-2.8026e-45
-1.4013e-45
0
1.4013e-45
1.4013e-45
0
-1.4013e-45
-2.8026e-45
-2.8026e-45
-1.4013e-45
0
1.4013e-45
1.4013e-45
2.8026e-45
1.4013e-45
0
-1.4013e-45
-2.8026e-45
-4.2039e-45
-5.60519e-45
-5.60519e-45
-4.2039e-45
-2.8026e-45
-1.4013e-45
-1.4013e-45
-0
-0
-1.4013e-45
-2.8026e-45
-4.2039e-45
-5.60519e-45
-7.00649e-45
-7.00649e-45
-5.60519e-45
-7.00649e-45
-1.26117e-44
-1.26117e-44
2.8026e-45
1.4013e-44
-1.54143e-44
-4.62428e-44
2.52234e-44
1.33123e-43
-2.66247e-44
-3.85357e-43
-8.96831e-44
1.00893e-42
6.29183e-43
-2.49711e-42
-2.73113e-42
5.59118e-42
9.69418e-42
-1.08152e-41
-3.05861e-41
1.52125e-41
8.79455e-41
1.06499e-43
-2.31504e-40
-1.09668e-40
5.52835e-40
5.5491e-40
-1.16218e-39
-2.01905e-39
1.97367e-39
6.2108e-39
-1.81797e-39
-1.68379e-38
-4.39342e-39
4.0382e-38
3.33136e-38
-8.33585e-38
-1.30696e-37
1.34366e-37
4.03919e-37
-9.8089e-38
-1.06051e-36
-3.94778e-37
2.38006e-36
2.439e-36
-4.34997e-36
-8.70588e-36
5.21589e-36
2.44391e-35
2.71785e-36
-5.6554e-35
-4.28791e-35
1.03307e-34
1.72721e-34
-1.142e-34
-5.086e-34
-1.19786e-34
1.23962e-33
1.17894e-33
-2.58191e-33
-4.16306e-33
4.55713e-33
9.61965e-33
-6.07831e-33
-1.07306e-32
