ordre_2
-1.4013e-45
-2.8026e-45
-2.8026e-45
-1.4013e-45
0
1.4013e-45
1.4013e-45
0
-1.4013e-45
-2.8026e-45
-2.8026e-45
-1.4013e-45
-1.4013e-45
-7.00649e-45
-8.40779e-45
1.12104e-44
1.96182e-44
-3.36312e-44
-7.84727e-44
7.70714e-44
2.42425e-43
-2.00386e-43
-8.00141e-43
4.21791e-43
2.50412e-42
-6.61413e-43
-7.63427e-42
-2.66247e-44
2.24796e-41
6.28062e-42
-6.37086e-41
-3.69424e-41
1.72489e-40
1.5971e-40
-4.41155e-40
-5.98705e-40
1.0449e-39
2.046e-39
-2.20044e-39
-6.50277e-39
3.68915e-39
1.93693e-38
-2.61904e-39
-5.40926e-38
-1.47963e-38
1.40782e-37
9.94775e-38
-3.36333e-37
-4.14493e-37
7.13094e-37
1.42774e-36
-1.22753e-36
-4.34817e-36
1.13918e-36
1.19441e-35
2.95954e-36
-2.95457e-35
-2.28135e-35
6.43102e-35
9.26278e-35
-1.14851e-34
-2.98773e-34
1.26518e-34
8.27084e-34
1.51538e-34
-1.99021e-33
-1.54292e-33
4.0482e-33
6.26377e-33
-6.20976e-33
-1.92743e-32
3.23221e-33
4.9239e-32
2.36005e-32
-1.04449e-31
-1.25527e-31
1.69007e-31
4.14865e-31
-1.23789e-31
-1.0743e-30
-4.51624e-31
2.22817e-30
2.65551e-30
-3.35044e-30
-8.69126e-30
1.56192e-30
2.14552e-29
1.1943e-29
-4.02992e-29
-5.67952e-29
4.5701e-29
1.63913e-28
3.97334e-29
-3.55294e-28
-4.21005e-28
5.83315e-28
1.46891e-27
-6.64266e-28
-3.34309e-27
4.12446e-28
3.69476e-27
