ordre_1
1.4013e-45
2.8026e-45
4.2039e-45
5.60519e-45
7.00649e-45
8.40779e-45
9.80909e-45
1.12104e-44
1.26117e-44
1.4013e-44
1.54143e-44
1.68156e-44
1.82169e-44
1.96182e-44
2.10195e-44
2.24208e-44
2.38221e-44
2.52234e-44
2.66247e-44
2.8026e-44
2.94273e-44
3.08286e-44
3.22299e-44
3.36312e-44
3.50325e-44
3.64338e-44
3.78351e-44
3.92364e-44
4.06377e-44
4.2039e-44
4.34403e-44
4.48416e-44
4.62428e-44
4.76441e-44
4.90454e-44
5.04467e-44
5.1848e-44
5.32493e-44
5.46506e-44
5.60519e-44
5.74532e-44
5.88545e-44
6.02558e-44
6.16571e-44
6.30584e-44
6.44597e-44
6.5861e-44
8.40779e-44
1.97583e-43
8.12753e-43
4.08759e-42
2.10699e-41
1.07072e-40
5.32807e-40
2.59358e-39
1.23509e-38
5.75555e-38
2.62538e-37
1.17259e-36
5.12945e-36
2.19832e-35
9.23253e-35
3.80079e-34
1.53413e-33
6.07277e-33
2.35806e-32
8.98388e-32
3.35901e-31
1.23279e-30
4.44214e-30
1.57183e-29
5.46281e-29
1.86512e-28
6.25694e-28
2.06281e-27
6.68458e-27
2.12954e-26
6.6706e-26
2.05488e-25
6.22613e-25
1.8558e-24
5.44242e-24
1.5706e-23
4.46088e-23
1.24715e-22
3.43259e-22
9.30233e-22
2.48251e-21
6.52497e-21
1.68932e-20
4.30878e-20
1.08283e-19
2.68155e-19
6.54472e-19
1.57446e-18
3.73391e-18
8.73061e-18
2.01293e-17
4.57694e-17
1.02645e-16
2.27078e-16
