ordre_2
1.28005e-29
-8.50166e-29
-1.18652e-28
4.91356e-28
6.25292e-28
-2.07038e-27
-2.80303e-27
7.49615e-27
1.15481e-26
-2.43728e-26
-4.47599e-26
7.1765e-26
1.64412e-25
-1.88449e-25
-5.72949e-25
4.17919e-25
1.89013e-24
-6.41082e-25
-5.87387e-24
-2.50642e-25
1.70504e-23
7.52849e-24
-4.55612e-23
-4.09985e-23
1.09061e-22
1.64448e-22
-2.19995e-22
-5.57032e-22
3.05829e-22
1.65058e-21
9.42233e-23
-4.2805e-21
-2.72685e-21
9.42758e-21
1.27464e-20
-1.5954e-20
-4.23698e-20
1.19966e-20
1.13165e-19
4.84338e-20
-2.42237e-19
-2.91602e-19
3.68397e-19
9.72011e-19
-1.29769e-19
-2.38635e-18
-1.59154e-18
4.24083e-18
7.15002e-18
-3.69057e-18
-1.93448e-17
-8.45904e-18
3.57469e-17
5.07412e-17
-3.25495e-17
-1.40915e-16
-6.14315e-17
2.45088e-16
3.67822e-16
-1.60438e-16
-9.34585e-16
-6.04242e-16
1.32632e-15
2.61679e-15
2.04494e-17
-5.30193e-15
-5.72986e-15
4.41106e-15
1.62607e-14
9.36448e-15
-2.13916e-14
-4.26095e-14
-7.63675e-15
7.30254e-14
1.00514e-13
-1.88574e-14
-2.11852e-13
-2.22098e-13
1.20579e-13
5.5874e-13
4.78969e-13
-4.09512e-13
-1.3869e-12
-1.05411e-12
1.09538e-12
3.30022e-12
2.45251e-12
-2.46584e-12
-7.56903e-12
-6.07034e-12
4.58104e-12
1.6578e-11
1.55051e-11
-5.75318e-12
-3.44152e-11
-3.8449e-11
-2.22417e-13
5.69467e-11
1.05174e-10
2.91687e-11
-1.42269e-10
