ordre_2
8.06289e-28
5.82691e-26
-3.25174e-27
-3.42256e-25
-2.21024e-26
1.48148e-24
3.16765e-25
-5.57231e-24
-2.2463e-24
1.90658e-23
1.21954e-23
-6.0128e-23
-5.63938e-23
1.74275e-22
2.31905e-22
-4.55904e-22
-8.65105e-22
1.02797e-21
2.95128e-21
-1.73859e-21
-9.2063e-21
6.88873e-22
2.60413e-20
1.10446e-20
-6.54163e-20
-6.48352e-20
1.38986e-19
2.51098e-19
-2.15733e-19
-7.82664e-19
6.31043e-20
2.03175e-18
1.18895e-18
-4.26203e-18
-5.92026e-18
6.20228e-18
1.89326e-17
-6.96965e-19
-4.57007e-17
-3.42824e-17
7.95738e-17
1.44925e-16
-6.19526e-17
-3.83834e-16
-1.93924e-16
6.89495e-16
1.05466e-15
-5.51161e-16
-2.82373e-15
-1.49373e-15
4.62849e-15
7.74387e-15
-2.04545e-15
-1.83263e-14
-1.46553e-14
2.24641e-14
5.38709e-14
1.25069e-14
-9.47493e-14
-1.30048e-13
4.13785e-14
3.02487e-13
2.68576e-13
-2.70192e-13
-8.34366e-13
-4.8689e-13
9.81318e-13
2.11493e-12
8.08967e-13
-2.87094e-12
-5.12458e-12
-1.39651e-12
7.3753e-12
1.21739e-11
3.15497e-12
-1.70659e-11
-2.86119e-11
-9.81706e-12
3.52545e-11
6.58706e-11
3.37367e-11
-6.16239e-11
-1.44307e-10
-1.08501e-10
7.54622e-11
2.86281e-10
3.06346e-10
7.35762e-12
-4.7014e-10
-7.30886e-10
-4.02162e-10
4.94203e-10
1.38738e-09
1.44511e-09
2.50748e-10
-1.7751e-09
-3.22089e-09
-2.52247e-09
-2.56399e-10
5.09589e-09
6.62414e-09
