ordre_1
4.12648e-23
2.33726e-21
6.51113e-20
1.18933e-18
1.60228e-17
1.69801e-16
1.47433e-15
1.07871e-14
6.78909e-14
3.73388e-13
1.81709e-12
7.90461e-12
3.10011e-11
1.10417e-10
3.59448e-10
1.07565e-09
2.97462e-09
7.63974e-09
1.83106e-08
4.115e-08
8.71306e-08
1.74683e-07
3.33293e-07
6.08397e-07
1.06824e-06
1.81385e-06
2.99378e-06
4.82605e-06
7.62983e-06
1.18703e-05
1.82207e-05
2.76452e-05
4.15106e-05
6.17312e-05
9.09577e-05
0.000132819
0.000192226
0.000275753
0.000392095
0.000552623
0.000772034
0.00106909
0.00146745
0.00199657
0.00269264
0.00359952
0.00476963
0.00626468
0.0081562
0.0105257
0.0134646
0.017073
0.0214586
0.0267345
0.0330157
0.0404154
0.0490402
0.0589842
0.0703232
0.0831077
0.0973563
0.113049
0.130122
0.148462
0.167904
0.188229
0.209168
0.230402
0.25157
0.272279
0.292113
0.31065
0.327471
0.342183
0.354427
0.363896
0.370349
0.373618
0.373618
0.370349
0.363896
0.354427
0.342183
0.327471
0.31065
0.292113
0.272279
0.25157
0.230402
0.209168
0.188229
0.167904
0.148462
0.130122
0.113049
0.0973563
0.0831077
0.0703232
0.0589842
0.0490402
0.0404154
