ordre_1
1.4013e-45
2.8026e-45
2.38221e-44
9.69699e-43
3.33579e-41
9.12455e-40
2.06526e-38
3.9783e-37
6.65765e-36
9.83251e-35
1.2975e-33
1.54524e-32
1.67463e-31
1.66297e-30
1.52213e-29
1.29072e-28
1.01844e-27
7.5068e-27
5.18651e-26
3.36918e-25
2.06345e-24
1.19442e-23
6.54923e-23
3.4086e-22
1.68704e-21
7.95401e-21
3.57803e-20
1.53792e-19
6.32484e-19
2.49196e-18
9.41721e-18
3.41727e-17
1.19198e-16
4.00057e-16
1.29315e-15
4.02938e-15
1.21134e-14
3.51636e-14
9.86429e-14
2.67622e-13
7.02732e-13
1.78729e-12
4.40611e-12
1.05363e-11
2.44578e-11
5.51513e-11
1.20901e-10
2.57853e-10
5.3545e-10
1.08347e-09
2.13812e-09
4.11842e-09
7.75003e-09
1.4261e-08
2.56857e-08
4.53268e-08
7.84485e-08
1.33301e-07
2.22616e-07
3.65777e-07
5.91919e-07
9.44357e-07
1.48683e-06
2.31222e-06
3.55474e-06
5.40661e-06
8.14082e-06
1.21419e-05
1.79467e-05
2.62987e-05
3.82182e-05
5.50931e-05
7.87942e-05
0.00011182
0.000157478
0.000220099
0.000305307
0.000420333
0.000574372
0.000779013
0.0010487
0.00140125
0.00185841
0.00244641
0.00319653
0.00414565
0.00533668
0.00681891
0.0086482
0.0108869
0.0136035
0.0168719
0.0207705
0.0253806
0.030784
0.0370613
0.0442882
0.0525323
0.0618499
0.072281
0.0838461
