ordre_2
-5.28597e-33
-9.57875e-33
4.65967e-32
5.95735e-32
-2.23199e-31
-2.82557e-31
8.75801e-31
1.20081e-30
-3.06264e-30
-4.77868e-30
9.80386e-30
1.8081e-29
-2.88604e-29
-6.53832e-29
7.71911e-29
2.26166e-28
-1.80508e-28
-7.4726e-28
3.27893e-28
2.35033e-27
-2.10455e-28
-6.99731e-27
-1.86968e-27
1.95378e-26
1.28567e-26
-5.03665e-26
-5.69807e-26
1.16346e-25
2.09147e-25
-2.2464e-25
-6.75773e-25
2.81769e-25
1.95561e-24
2.4681e-25
-5.0491e-24
-3.36474e-24
1.13269e-23
1.51237e-23
-2.04191e-23
-5.07657e-23
2.11523e-23
1.41193e-22
3.61552e-23
-3.2834e-22
-3.05461e-22
6.02278e-22
1.15799e-21
-6.55013e-22
-3.25752e-21
-7.83173e-22
7.18208e-21
7.22327e-21
-1.13999e-20
-2.56928e-20
6.3049e-21
6.43434e-20
3.76549e-20
-1.15764e-19
-1.81961e-19
1.06702e-19
4.9907e-19
1.97226e-19
-9.29822e-19
-1.26584e-18
8.8412e-19
3.56221e-18
1.40585e-18
-6.32125e-18
-9.03041e-18
4.68566e-18
2.36174e-17
1.35352e-17
-3.56591e-17
-6.41096e-17
7.80471e-18
1.3926e-16
1.29774e-16
-1.44401e-16
-4.15126e-16
-1.59602e-16
6.50524e-16
1.03181e-15
-1.28849e-16
-2.15791e-15
-2.19872e-15
1.6421e-15
6.11571e-15
4.0035e-15
-6.86817e-15
-1.56747e-14
-6.01694e-15
2.19407e-14
3.81821e-14
5.64816e-15
-6.17097e-14
-8.47896e-14
-8.0585e-15
1.5818e-13
2.44175e-13
-1.14254e-13
-3.67612e-13
