ordre_2
4.02647e-37
3.09146e-35
-2.24178e-36
-1.82957e-34
-2.2307e-36
8.03521e-34
9.00363e-35
-3.09718e-33
-7.33354e-34
1.10169e-32
4.28988e-33
-3.68817e-32
-2.11575e-32
1.17057e-31
9.3255e-32
-3.52332e-31
-3.7773e-31
1.00024e-30
1.42717e-30
-2.64396e-30
-5.07058e-30
6.33508e-30
1.7004e-29
-1.29123e-29
-5.38438e-29
1.79233e-29
1.60545e-28
1.07798e-29
-4.47684e-28
-2.1339e-28
1.15217e-27
1.08883e-27
-2.66601e-27
-4.18555e-27
5.22214e-27
1.37597e-26
-7.07993e-27
-4.00502e-26
-2.25711e-27
1.03556e-25
6.24077e-26
-2.32754e-25
-2.92989e-25
4.23701e-25
9.95326e-25
-4.65964e-25
-2.78463e-24
-5.91003e-25
6.52592e-24
5.71845e-24
-1.21975e-23
-2.21875e-23
1.43063e-23
6.34827e-23
1.08251e-23
-1.435e-22
-1.30904e-22
2.40789e-22
4.88915e-22
-1.86329e-22
-1.27872e-21
-5.79753e-22
2.46882e-21
3.32602e-21
-2.86584e-21
-9.89407e-21
-1.92121e-21
2.04449e-20
2.197e-20
-2.58932e-20
-7.12404e-20
-7.40069e-21
1.48108e-19
1.52149e-19
-1.7701e-19
-4.91872e-19
-9.1056e-20
9.53425e-19
1.11795e-18
-8.98753e-19
-3.22002e-18
-1.36595e-18
5.25256e-18
8.17458e-18
-2.27089e-18
-1.89528e-17
-1.53505e-17
2.1675e-17
5.38793e-17
1.56049e-17
-8.99412e-17
-1.30138e-16
3.45251e-17
2.85556e-16
2.52399e-16
-2.20976e-16
-8.02647e-16
-5.74976e-16
1.30202e-15
2.00148e-15
-1.04006e-15
