ordre_2
-1.4013e-45
-2.8026e-45
-2.8026e-45
-1.4013e-45
0
1.4013e-45
1.4013e-45
0
-1.4013e-45
-2.8026e-45
-2.8026e-45
-2.8026e-45
-7.00649e-45
-2.8026e-45
1.54143e-44
5.60519e-45
-5.1848e-44
-3.92364e-44
1.38729e-43
1.37327e-43
-4.21791e-43
-5.1848e-43
1.16588e-42
1.8301e-42
-3.09267e-42
-6.24278e-42
7.63708e-42
2.0473e-41
-1.69795e-41
-6.46741e-41
3.08734e-41
1.96452e-40
-2.90896e-41
-5.72243e-40
-1.01423e-40
1.59053e-39
8.26559e-40
-4.18351e-39
-3.80571e-39
1.0262e-38
1.43909e-38
-2.28235e-38
-4.84786e-38
4.30874e-38
1.49679e-37
-5.45714e-38
-4.27616e-37
-3.84463e-38
1.1289e-36
6.1062e-37
-2.72074e-36
-2.88607e-36
5.80343e-36
1.03837e-35
-1.00799e-35
-3.20936e-35
9.86975e-36
8.80756e-35
2.07296e-35
-2.14965e-34
-1.6911e-34
4.54699e-34
6.81955e-34
-7.64407e-34
-2.15458e-33
6.67512e-34
5.77745e-33
1.78147e-33
-1.32567e-32
-1.25143e-32
2.48906e-32
4.63295e-32
-3.14159e-32
-1.33081e-31
-1.03436e-32
3.15087e-31
2.34663e-31
-5.98336e-31
-9.68369e-31
7.57409e-31
2.82615e-30
2.07269e-31
-6.52234e-30
-5.21209e-30
1.15487e-29
2.06867e-29
-1.18407e-29
-5.64964e-29
-1.43875e-29
1.16208e-28
1.2193e-28
-1.57654e-28
-4.15243e-28
-8.20406e-30
1.0362e-27
8.74263e-28
-2.0704e-27
-3.1599e-27
3.27237e-27
6.11953e-27
-2.95124e-27
