ordre_2
-1.4013e-45
-2.8026e-45
-2.8026e-45
-1.4013e-45
0
1.4013e-45
1.4013e-45
0
-1.4013e-45
-2.8026e-45
-2.8026e-45
-1.4013e-45
0
1.4013e-45
0
-8.40779e-45
-1.4013e-44
1.12104e-44
3.08286e-44
-3.64338e-44
-1.05097e-43
8.26766e-44
3.30706e-43
-1.84971e-43
-1.04817e-42
2.9147e-43
3.18936e-42
-5.04467e-44
-9.41813e-42
-2.44246e-42
2.67676e-41
1.48748e-41
-7.27919e-41
-6.51898e-41
1.87284e-40
2.46389e-40
-4.47554e-40
-8.4746e-40
9.56884e-40
2.70964e-39
-1.6605e-39
-8.12153e-39
1.4449e-39
2.28427e-38
5.23593e-39
-5.99744e-38
-3.92855e-38
1.44995e-37
1.68623e-37
-3.1317e-37
-5.9076e-37
5.59632e-37
1.82371e-36
-6.05642e-37
-5.07732e-36
-9.16561e-37
1.27586e-35
8.86249e-36
-2.83847e-35
-3.76929e-35
5.27153e-35
1.24767e-34
-6.57648e-35
-3.52931e-34
-3.28992e-35
8.69507e-34
5.86497e-34
-1.82798e-33
-2.5482e-33
2.99742e-33
8.12918e-33
-2.3528e-33
-2.14241e-32
-7.82795e-33
4.71877e-32
4.96188e-32
-8.15882e-32
-1.73687e-31
7.9193e-32
4.69077e-31
1.34364e-31
-1.02092e-30
-1.04002e-30
1.67608e-30
3.66298e-30
-1.31591e-30
-9.52633e-30
-3.78985e-30
1.90446e-29
2.26035e-29
-2.50436e-29
-7.10694e-29
-4.72074e-30
1.66871e-28
1.60426e-28
-3.07966e-28
-6.11472e-28
4.39087e-28
1.44108e-27
-4.4413e-28
-1.61594e-27
