ordre_2
4.56643e-19
2.83153e-17
-2.74453e-19
-1.62781e-16
-3.38425e-17
6.73084e-16
3.3103e-16
-2.3229e-15
-2.01644e-15
6.81319e-15
9.51042e-15
-1.62418e-14
-3.70128e-14
2.60941e-14
1.20553e-13
5.2928e-15
-3.21955e-13
-2.43563e-13
6.50652e-13
1.12645e-12
-6.96859e-13
-3.33776e-12
-1.2826e-12
6.65909e-12
9.27502e-12
-5.97327e-12
-2.66735e-11
-1.48048e-11
4.13472e-11
7.6977e-11
1.71978e-12
-1.54978e-10
-1.88876e-10
7.40092e-11
4.59121e-10
4.48451e-10
-2.72347e-10
-1.19254e-09
-1.13888e-09
5.37224e-10
2.76528e-09
3.08859e-09
-1.2883e-10
-5.35803e-09
-8.0063e-09
-3.82247e-09
6.68341e-09
1.67758e-08
1.72092e-08
3.22049e-09
-2.02549e-08
-3.9563e-08
-3.97527e-08
-1.40679e-08
3.05005e-08
7.51754e-08
9.78109e-08
8.30481e-08
2.89579e-08
-5.2645e-08
-1.41484e-07
-2.16454e-07
-2.61938e-07
-2.7046e-07
-2.41251e-07
-1.75692e-07
-7.09192e-08
8.76663e-08
3.35355e-07
7.40177e-07
1.42108e-06
2.57648e-06
4.52869e-06
7.79072e-06
1.31641e-05
2.18791e-05
3.57937e-05
5.7668e-05
9.15357e-05
0.000143193
0.000220827
0.000335809
0.00050367
0.000745265
0.00108814
0.00156801
0.00223049
0.00313242
0.00434445
0.00594939
0.00805186
0.0107536
0.0142237
0.0184978
0.0240297
0.030159
0.0392693
0.0455499
0.0649604
0.056062
0.126856
