ordre_2
-1.57323e-25
-8.4745e-25
1.33263e-24
5.09262e-24
-5.84888e-24
-2.28584e-23
1.96437e-23
9.01957e-23
-5.20797e-23
-3.27098e-22
9.2685e-23
1.10495e-21
3.29104e-23
-3.47774e-21
-1.29748e-21
1.01116e-20
7.79559e-21
-2.66384e-20
-3.40858e-20
6.10226e-20
1.25146e-19
-1.08945e-19
-4.01009e-19
8.35972e-20
1.1267e-18
4.22144e-19
-2.71861e-18
-2.76401e-18
5.26469e-18
1.04809e-17
-6.26977e-18
-3.05259e-17
-6.11627e-18
7.03527e-17
6.73562e-17
-1.17518e-16
-2.52397e-16
7.45543e-17
6.50477e-16
3.73069e-16
-1.17083e-15
-1.87092e-15
9.63505e-16
5.046e-15
2.55416e-15
-8.62531e-15
-1.38401e-14
4.96804e-15
3.44171e-14
2.44198e-14
-4.67816e-14
-9.96167e-14
-9.9789e-15
1.91948e-13
2.30821e-13
-1.26571e-13
-6.00403e-13
-4.39863e-13
6.57145e-13
1.62312e-12
6.82591e-13
-2.24967e-12
-4.04069e-12
-8.29728e-13
6.41276e-12
9.68017e-12
8.45653e-13
-1.62905e-11
-2.29891e-11
-1.91007e-12
3.76429e-11
5.46524e-11
1.06567e-11
-7.82462e-11
-1.28185e-10
-5.14636e-11
1.38617e-10
2.85867e-10
1.93378e-10
-1.75228e-10
-5.71445e-10
-5.84582e-10
7.63934e-12
9.22445e-10
1.41951e-09
8.10976e-10
-8.71649e-10
-2.60766e-09
-2.89305e-09
-8.40737e-10
2.8579e-09
5.92749e-09
5.75502e-09
1.18211e-09
-6.07833e-09
-1.20442e-08
-1.23883e-08
-3.9816e-09
6.88543e-09
2.42429e-08
2.59298e-08
