ordre_2
-3.26098e-21
7.10004e-21
2.94186e-20
-3.7516e-20
-1.46962e-19
1.32284e-19
6.08421e-19
-3.39234e-19
-2.25148e-18
4.59857e-19
7.583e-18
1.31461e-18
-2.31598e-17
-1.38477e-17
6.28603e-17
7.07283e-17
-1.44476e-16
-2.76772e-16
2.44607e-16
8.98557e-16
-1.02627e-16
-2.43936e-15
-1.36337e-15
5.30848e-15
7.26703e-15
-7.81604e-15
-2.3884e-14
-3.67951e-17
5.71176e-14
4.83083e-14
-9.11608e-14
-1.92498e-13
3.06549e-14
4.60492e-13
3.75736e-13
-6.36284e-13
-1.45384e-12
-1.43767e-13
2.91134e-12
3.4362e-12
-2.20604e-12
-9.45343e-12
-6.3868e-12
1.12941e-11
2.59149e-11
9.46708e-12
-3.78983e-11
-6.5288e-11
-1.23056e-11
1.04486e-10
1.59637e-10
2.47953e-11
-2.50414e-10
-3.87722e-10
-1.05664e-10
5.16011e-10
9.19204e-10
4.716e-10
-8.27256e-10
-2.00657e-09
-1.69676e-09
6.07233e-10
3.62004e-09
4.73484e-09
1.94198e-09
-4.08966e-09
-9.57365e-09
-9.66743e-09
-2.01576e-09
1.06471e-08
2.10043e-08
2.10226e-08
7.10775e-09
-1.66292e-08
-3.92572e-08
-4.79412e-08
-3.44185e-08
3.33185e-10
4.56163e-08
8.48849e-08
1.021e-07
8.75847e-08
4.13009e-08
-2.80487e-08
-1.05699e-07
-1.77478e-07
-2.29405e-07
-2.59946e-07
-2.57385e-07
-2.48144e-07
-1.84947e-07
-1.7826e-07
6.71029e-09
-8.77066e-08
5.51174e-07
4.12029e-08
2.39883e-06
2.80483e-07
8.60614e-06
5.74073e-07
2.80343e-05
