ordre_1
1.35216e-18
5.63047e-17
1.14702e-15
1.52395e-14
1.48541e-13
1.13296e-12
7.04402e-12
3.6727e-11
1.6399e-10
6.37382e-10
2.18523e-09
6.68338e-09
1.84167e-08
4.61449e-08
1.06056e-07
2.25542e-07
4.47735e-07
8.37201e-07
1.48805e-06
2.53677e-06
4.18294e-06
6.72087e-06
1.05855e-05
1.64155e-05
2.51379e-05
3.80802e-05
5.71184e-05
8.48707e-05
0.000124948
0.000182274
0.000263486
0.000377423
0.000535724
0.000753521
0.00105025
0.00145055
0.00198526
0.00269243
0.0036184
0.00481875
0.00635914
0.00831586
0.0107761
0.0138378
0.0176082
0.0222031
0.0277434
0.0343521
0.0421498
0.0512493
0.0617489
0.0737259
0.0872291
0.102271
0.118821
0.1368
0.156074
0.176452
0.197684
0.219467
0.241446
0.263221
0.284364
0.304425
0.322953
0.339508
0.353682
0.365114
0.373505
0.378632
0.380357
0.378632
0.373505
0.365114
0.353682
0.339508
0.322953
0.304425
0.284364
0.263221
0.241446
0.219467
0.197684
0.176452
0.156074
0.1368
0.118821
0.102271
0.0872291
0.0737259
0.0617489
0.0512493
0.0421498
0.0343521
0.0277434
0.0222031
0.0176082
0.0138378
0.0107761
0.00831586
0.00635913
