ordre_1
1.4013e-45
2.8026e-45
4.2039e-45
5.60519e-45
7.00649e-45
8.40779e-45
9.80909e-45
1.12104e-44
1.26117e-44
1.4013e-44
1.54143e-44
1.68156e-44
1.82169e-44
1.96182e-44
2.10195e-44
2.24208e-44
2.38221e-44
2.52234e-44
2.66247e-44
2.8026e-44
2.94273e-44
3.08286e-44
3.22299e-44
3.36312e-44
3.50325e-44
3.64338e-44
3.78351e-44
3.92364e-44
4.06377e-44
4.2039e-44
4.34403e-44
4.48416e-44
4.62428e-44
4.76441e-44
4.90454e-44
5.04467e-44
5.1848e-44
5.32493e-44
5.46506e-44
5.60519e-44
5.74532e-44
5.88545e-44
6.02558e-44
6.16571e-44
6.30584e-44
6.44597e-44
6.5861e-44
6.72623e-44
6.86636e-44
7.00649e-44
7.14662e-44
7.28675e-44
7.42688e-44
7.56701e-44
7.70714e-44
7.84727e-44
7.9874e-44
8.12753e-44
8.26766e-44
8.40779e-44
8.54792e-44
8.68805e-44
1.02295e-43
1.82169e-43
5.56315e-43
2.28972e-42
1.01048e-41
4.4707e-41
1.9509e-40
8.37105e-40
3.52984e-39
1.46278e-38
5.95829e-38
2.38593e-37
9.39435e-37
3.63768e-36
1.38549e-35
5.19136e-35
1.91392e-34
6.94386e-34
2.47959e-33
8.71621e-33
3.01652e-32
1.02797e-31
3.44991e-31
1.14038e-30
3.71334e-30
1.19127e-29
3.76565e-29
1.17303e-28
3.60143e-28
1.08989e-27
3.25156e-27
9.56416e-27
2.77395e-26
7.93411e-26
2.23816e-25
6.22767e-25
1.70942e-24
4.62917e-24
1.23691e-23
