ordre_2
1.5856e-29
2.87125e-29
-1.39276e-28
-1.79625e-28
6.62039e-28
8.58182e-28
-2.56435e-27
-3.66924e-27
8.78717e-27
1.46383e-26
-2.72588e-26
-5.52257e-26
7.63417e-26
1.97753e-25
-1.87473e-25
-6.71696e-25
3.67848e-25
2.15687e-24
-3.57624e-25
-6.50653e-24
-1.41856e-24
1.82449e-23
1.15786e-23
-4.66728e-23
-5.324e-23
1.04935e-22
1.96568e-22
-1.8862e-22
-6.2703e-22
1.74346e-22
1.75813e-21
5.23926e-22
-4.285e-21
-3.88532e-21
8.64076e-21
1.52611e-20
-1.20975e-20
-4.61286e-20
-7.29423e-22
1.1329e-19
8.08743e-20
-2.17541e-19
-3.53384e-19
2.57999e-19
1.03484e-18
1.91197e-19
-2.27122e-18
-2.26505e-18
3.38884e-18
8.00028e-18
-9.42159e-19
-1.8861e-17
-1.43624e-17
2.92022e-17
5.80413e-17
-1.08894e-17
-1.36469e-16
-1.05177e-16
1.92235e-16
4.10708e-16
-2.54683e-18
-8.65456e-16
-8.69812e-16
9.01718e-16
2.72517e-15
1.02264e-15
-4.43926e-15
-6.84295e-15
1.41665e-15
1.51545e-14
1.41253e-14
-1.37286e-14
-4.3152e-14
-2.33207e-14
5.55314e-14
1.09951e-13
2.61204e-14
-1.75013e-13
-2.61824e-13
2.05827e-15
4.84069e-13
6.03578e-13
-1.13199e-13
-1.23174e-12
-1.38792e-12
3.78763e-13
2.94526e-12
3.24567e-12
-7.74518e-13
-6.65522e-12
-7.72906e-12
7.01346e-13
1.39941e-11
1.85708e-11
2.49882e-12
-2.72369e-11
-4.09135e-11
-2.11303e-11
4.24791e-11
1.13511e-10
8.69892e-12
