ordre_2
-4.08759e-42
-3.19699e-40
2.4768e-41
1.8962e-39
-6.46699e-42
-8.36214e-39
-6.83036e-40
3.24463e-38
6.07605e-39
-1.16581e-37
-3.68146e-38
3.96078e-37
1.85998e-37
-1.28395e-36
-8.38073e-37
3.98261e-36
3.47497e-36
-1.18038e-35
-1.34857e-35
3.32407e-35
4.94618e-35
-8.79297e-35
-1.72393e-34
2.13627e-34
5.72471e-34
-4.53492e-34
-1.81177e-33
7.2293e-34
5.45417e-33
-1.69512e-34
-1.55461e-32
-5.26466e-33
4.15964e-32
3.09413e-32
-1.02853e-31
-1.27683e-31
2.27794e-31
4.46704e-31
-4.18807e-31
-1.39442e-30
4.73825e-31
3.94376e-30
6.60667e-31
-1.0079e-29
-6.84399e-30
2.27861e-29
2.98064e-29
-4.28922e-29
-1.00194e-28
5.38984e-29
2.85894e-28
2.86811e-29
-7.04458e-28
-4.93528e-28
1.46015e-27
2.13015e-27
-2.2761e-27
-6.69985e-27
1.24037e-27
1.71664e-26
8.44385e-27
-3.57867e-26
-4.48993e-26
5.44546e-26
1.45508e-25
-2.5111e-26
-3.61987e-25
-2.06908e-25
6.93456e-25
1.00483e-24
-8.41951e-25
-2.97092e-24
-3.87123e-25
6.49292e-24
6.07883e-24
-9.80391e-24
-2.17527e-23
4.02032e-24
5.2043e-23
3.51026e-23
-8.5417e-23
-1.51338e-22
5.56693e-23
3.79996e-22
2.17467e-22
-6.26801e-22
-1.04223e-21
3.88103e-22
2.60711e-21
1.59283e-21
-4.06757e-21
-7.07053e-21
1.64098e-21
1.57826e-20
1.35983e-20
-1.91585e-20
-5.45904e-20
-3.76866e-21
1.22266e-19
5.61593e-20
-1.31234e-19
