ordre_2
-4.15894e-14
2.83166e-13
4.21454e-13
-1.44901e-12
-2.45166e-12
4.66764e-12
1.12664e-11
-9.15274e-12
-4.15215e-11
-2.01454e-12
1.17132e-10
1.03099e-10
-2.15825e-10
-4.66387e-10
5.57549e-11
1.15881e-09
1.17347e-09
-1.175e-09
-3.95389e-09
-2.64355e-09
4.40964e-09
1.12743e-08
7.88047e-09
-8.98552e-09
-2.79164e-08
-2.87783e-08
-1.40188e-11
4.73277e-08
8.23889e-08
7.35689e-08
9.71995e-09
-9.16982e-08
-1.93676e-07
-2.57628e-07
-2.57638e-07
-1.83131e-07
-3.01843e-08
2.13348e-07
5.8404e-07
1.15918e-06
2.07585e-06
3.55781e-06
5.95631e-06
9.8117e-06
1.59436e-05
2.55793e-05
4.05325e-05
6.34466e-05
9.81191e-05
0.000149928
0.00022638
0.000337797
0.000498165
0.000726148
0.00104628
0.0014903
0.00209863
0.00292186
0.00402233
0.00547543
0.00737069
0.00981239
0.0129194
0.0168242
0.021671
0.0276118
0.0348021
0.0433944
0.0535303
0.0653318
0.0788909
0.09426
0.111441
0.130375
0.150938
0.17293
0.196079
0.220035
0.244383
0.268649
0.292313
0.314829
0.335645
0.354223
0.370066
0.382737
0.391881
0.39724
0.398666
0.396128
0.389711
0.379613
0.366141
0.34967
0.330709
0.309577
0.287488
0.262541
0.243911
0.201644
0.242247
