ordre_1
1.4013e-45
2.8026e-45
4.2039e-45
5.60519e-45
7.00649e-45
8.40779e-45
9.80909e-45
1.12104e-44
1.26117e-44
1.4013e-44
1.54143e-44
1.68156e-44
1.82169e-44
1.96182e-44
2.10195e-44
2.24208e-44
2.94273e-44
1.14906e-43
1.03276e-42
1.01034e-41
9.48917e-41
8.45672e-40
7.158e-39
5.76541e-38
4.42716e-37
3.24655e-36
2.27724e-35
1.5301e-34
9.86146e-34
6.10407e-33
3.63298e-32
2.08136e-31
1.14898e-30
6.11762e-30
3.14444e-29
1.56158e-28
7.49881e-28
3.48463e-27
1.56808e-26
6.8379e-26
2.89133e-25
1.18621e-24
4.72458e-24
1.82789e-23
6.87304e-23
2.51294e-22
8.93848e-22
3.09452e-21
1.0432e-20
3.42593e-20
1.09648e-19
3.42151e-19
1.04134e-18
3.09239e-18
8.96358e-18
2.53694e-17
7.0135e-17
1.89454e-16
5.00223e-16
1.29139e-15
3.26085e-15
8.05606e-15
1.94793e-14
4.6113e-14
1.06909e-13
2.42818e-13
5.40467e-13
1.17929e-12
2.52336e-12
5.29657e-12
1.09098e-11
2.20595e-11
4.3802e-11
8.54421e-11
1.63794e-10
3.08705e-10
5.72256e-10
1.04381e-09
1.87423e-09
3.31434e-09
5.77487e-09
9.91897e-09
1.68028e-08
2.80867e-08
4.63491e-08
7.5548e-08
1.21692e-07
1.93808e-07
3.05327e-07
4.76038e-07
7.34849e-07
1.12362e-06
1.70245e-06
2.55696e-06
3.80812e-06
5.62556e-06
8.2452e-06
1.19927e-05
1.7314e-05
2.48149e-05
3.53122e-05
