ordre_2
-1.4013e-45
-2.8026e-45
-2.8026e-45
-1.4013e-45
0
1.4013e-45
1.4013e-45
0
-1.4013e-45
-2.8026e-45
-2.8026e-45
-1.4013e-45
0
1.4013e-45
1.4013e-45
2.8026e-45
1.4013e-45
0
-1.4013e-45
-2.8026e-45
-4.2039e-45
-5.60519e-45
-5.60519e-45
-8.40779e-45
-1.12104e-44
0
1.96182e-44
-1.4013e-45
-5.04467e-44
-5.60519e-45
1.47136e-43
6.02558e-44
-4.13383e-43
-3.01279e-43
1.0818e-42
1.1869e-42
-2.70871e-42
-4.25154e-42
6.22177e-42
1.40606e-41
-1.24954e-41
-4.36392e-41
1.87031e-41
1.27539e-40
-2.82362e-42
-3.5065e-40
-1.31637e-40
9.00067e-40
7.28339e-40
-2.12183e-39
-2.86735e-39
4.42951e-39
9.61685e-39
-7.42376e-39
-2.88762e-38
6.08226e-39
7.87861e-38
2.21199e-38
-1.94725e-37
-1.54524e-37
4.26304e-37
6.17753e-37
-7.74755e-37
-1.99287e-36
9.10656e-37
5.56724e-36
7.58056e-37
-1.36479e-35
-9.63488e-36
2.87345e-35
4.07978e-35
-4.76492e-35
-1.29757e-34
3.982e-35
3.4448e-34
1.14532e-34
-7.72331e-34
-7.67444e-34
1.38706e-33
2.76039e-33
-1.54061e-33
-7.69007e-33
-1.45063e-33
1.75296e-32
1.53526e-32
-3.14257e-32
-5.75703e-32
3.41671e-32
1.56318e-31
3.46404e-32
-3.29137e-31
-3.4658e-31
4.91882e-31
1.29281e-30
-2.3917e-31
-3.57081e-30
-1.39469e-30
7.85592e-30
5.21374e-30
-1.22504e-29
-6.69607e-30
