ordre_2
-1.4013e-45
-2.8026e-45
-2.8026e-45
-1.4013e-45
-0
1.4013e-45
-5.60519e-45
-1.26117e-44
7.00649e-45
3.92364e-44
-3.22299e-44
-1.47136e-43
8.54792e-44
4.93257e-43
-2.20004e-43
-1.64793e-42
4.30199e-43
5.32634e-42
-3.58732e-43
-1.67273e-41
-2.34577e-42
5.09134e-41
1.86275e-41
-1.49841e-40
-9.2644e-41
4.24155e-40
3.8658e-40
-1.14594e-39
-1.45627e-39
2.917e-39
5.09662e-39
-6.8325e-39
-1.67887e-38
1.39876e-38
5.23458e-38
-2.1391e-38
-1.54635e-37
3.54333e-39
4.31524e-37
1.54912e-37
-1.12878e-36
-8.75994e-37
2.72489e-36
3.51859e-36
-5.87619e-36
-1.20373e-35
1.04263e-35
3.6875e-35
-1.07337e-35
-1.02721e-34
-2.08291e-35
2.59686e-34
1.83197e-34
-5.84168e-34
-7.74851e-34
1.1056e-33
2.57988e-33
-1.44539e-33
-7.37672e-33
-4.19295e-34
1.84478e-32
1.16073e-32
-3.96242e-32
-5.23744e-32
6.75426e-32
1.70954e-31
-6.22665e-32
-4.60035e-31
-1.36802e-31
1.03784e-30
1.00376e-30
-1.86224e-30
-3.66042e-30
2.03168e-30
1.01635e-29
2.11835e-30
-2.27407e-29
-2.09853e-29
3.88552e-29
7.72581e-29
-3.49841e-29
-2.06079e-28
-7.20452e-29
4.24258e-28
4.90469e-28
-6.06226e-28
-1.59843e-27
1.6436e-28
3.75043e-27
2.52516e-27
-6.23764e-27
-1.06672e-26
4.23357e-27
2.84172e-26
1.7211e-26
-5.71063e-26
-8.76039e-26
8.82313e-26
2.23817e-25
-9.7504e-26
-2.58219e-25
