ordre_2
3.39467e-40
-7.41447e-40
-3.05776e-39
4.24152e-39
1.53012e-38
-1.75578e-38
-6.42094e-38
6.18835e-38
2.4646e-37
-1.93272e-37
-8.93135e-37
5.33556e-37
3.09789e-36
-1.24061e-36
-1.03461e-35
1.98641e-36
3.33316e-35
1.01097e-36
-1.035e-34
-2.80617e-35
3.0882e-34
1.66445e-34
-8.80468e-34
-7.47889e-34
2.3763e-33
2.92734e-33
-5.9736e-33
-1.04409e-32
1.35551e-32
3.45655e-32
-2.57509e-32
-1.06974e-31
3.05504e-32
3.09569e-31
4.23697e-32
-8.32708e-31
-4.74917e-31
2.05188e-30
2.21214e-30
-4.48632e-30
-8.0381e-30
8.02346e-30
2.52226e-29
-8.33004e-30
-7.02757e-29
-1.53701e-29
1.73662e-28
1.34752e-28
-3.69775e-28
-5.53863e-28
6.17433e-28
1.76199e-27
-4.94757e-28
-4.70599e-27
-1.68589e-27
1.05874e-26
1.09283e-26
-1.88533e-26
-3.91056e-26
1.95834e-26
1.07819e-25
2.72596e-26
-2.39038e-25
-2.34511e-25
3.98221e-25
8.43774e-25
-3.12367e-25
-2.20679e-24
-9.45419e-25
4.38695e-24
5.589e-24
-5.67357e-24
-1.72864e-23
-1.02108e-24
3.83019e-23
3.38736e-23
-5.76734e-23
-1.24255e-22
2.22628e-23
2.94133e-22
2.07154e-22
-4.62801e-22
-8.63405e-22
2.30456e-22
2.07405e-21
1.40656e-21
-3.13502e-21
-5.95538e-21
1.04633e-21
1.36915e-20
1.07332e-20
-1.83424e-20
-3.91417e-20
-2.42909e-21
7.61234e-20
9.42832e-20
-7.1511e-20
-3.04944e-19
-5.07686e-20
5.45117e-19
1.63727e-19
