ordre_1
1.4013e-45
2.8026e-45
4.2039e-45
5.60519e-45
7.00649e-45
8.40779e-45
9.80909e-45
1.12104e-44
1.26117e-44
1.4013e-44
1.54143e-44
1.68156e-44
1.82169e-44
1.96182e-44
2.10195e-44
2.24208e-44
2.38221e-44
2.52234e-44
2.66247e-44
2.8026e-44
2.94273e-44
3.08286e-44
3.22299e-44
3.36312e-44
3.50325e-44
3.64338e-44
3.78351e-44
3.92364e-44
4.06377e-44
4.2039e-44
4.34403e-44
5.32493e-44
1.38729e-43
7.48293e-43
4.8611e-42
3.1546e-41
1.99185e-40
1.21934e-39
7.23785e-39
4.16839e-38
2.33063e-37
1.26587e-36
6.68299e-36
3.43127e-35
1.71425e-34
8.33771e-34
3.94986e-33
1.82339e-32
8.20599e-32
3.60181e-31
1.5425e-30
6.44779e-30
2.63175e-29
1.04925e-28
4.08759e-28
1.55651e-27
5.7953e-27
2.11044e-26
7.51923e-26
2.62183e-25
8.94925e-25
2.99117e-24
9.7922e-24
3.14064e-23
9.87101e-23
3.041e-22
9.18518e-22
2.72066e-21
7.90448e-21
2.25311e-20
6.30224e-20
1.73023e-19
4.66335e-19
1.23415e-18
3.20776e-18
8.19003e-18
2.0545e-17
5.06462e-17
1.22714e-16
2.92301e-16
6.84607e-16
1.57692e-15
3.5729e-15
7.96449e-15
1.74706e-14
3.77186e-14
8.01655e-14
1.67762e-13
3.4575e-13
7.01917e-13
1.40397e-12
2.76741e-12
5.37689e-12
1.02998e-11
1.9457e-11
3.62554e-11
6.66547e-11
1.20938e-10
2.16612e-10
3.83098e-10
6.69216e-10
