ordre_1
1.4013e-45
2.8026e-45
4.2039e-45
5.60519e-45
7.00649e-45
8.40779e-45
9.80909e-45
1.12104e-44
1.26117e-44
1.4013e-44
1.54143e-44
1.68156e-44
1.82169e-44
1.96182e-44
2.10195e-44
2.24208e-44
2.38221e-44
2.52234e-44
2.66247e-44
2.8026e-44
2.94273e-44
3.08286e-44
3.22299e-44
3.36312e-44
3.50325e-44
3.64338e-44
3.78351e-44
3.92364e-44
4.06377e-44
5.04467e-44
1.38729e-43
7.76319e-43
5.25067e-42
3.53632e-41
2.31196e-40
1.46292e-39
8.96137e-39
5.3179e-38
3.0593e-37
1.70732e-36
9.24906e-36
4.86672e-35
2.48877e-34
1.2376e-33
5.98767e-33
2.81988e-32
1.29334e-31
5.77963e-31
2.5176e-30
1.06944e-29
4.43184e-29
1.79242e-28
7.07762e-28
2.72949e-27
1.02843e-26
3.78712e-26
1.36342e-25
4.8003e-25
1.65333e-24
5.5722e-24
1.83821e-23
5.93723e-23
1.87805e-22
5.81943e-22
1.7669e-21
5.25785e-21
1.53382e-20
4.38744e-20
1.23089e-19
3.38765e-19
9.14832e-19
2.42462e-18
6.30813e-18
1.6114e-17
4.0424e-17
9.96101e-17
2.41148e-16
5.73677e-16
1.34136e-15
3.08325e-15
6.96856e-15
1.54896e-14
3.3868e-14
7.28592e-14
1.54247e-13
3.21425e-13
6.59431e-13
1.33225e-12
2.6511e-12
5.19749e-12
1.00414e-11
1.91221e-11
3.59027e-11
6.64789e-11
1.21429e-10
2.18861e-10
3.8935e-10
6.83861e-10
1.18627e-09
2.03291e-09
3.4428e-09
