ordre_2
-2.05579e-17
1.38127e-16
1.99071e-16
-7.53306e-16
-1.11181e-15
2.82539e-15
5.16631e-15
-8.23834e-15
-2.09654e-14
1.73744e-14
7.43444e-14
-1.29408e-14
-2.26e-13
-1.02007e-13
5.61874e-13
6.66109e-13
-1.00026e-12
-2.49257e-12
5.19772e-13
6.60836e-12
4.55428e-12
-1.15183e-11
-2.15512e-11
5.01583e-12
5.3317e-11
4.52454e-11
-6.54791e-11
-1.69024e-10
-5.95484e-11
2.73117e-10
4.5217e-10
3.06407e-11
-8.31263e-10
-1.15112e-09
-5.9712e-12
2.09117e-09
2.95364e-09
5.66162e-10
-4.27493e-09
-7.36215e-09
-4.10794e-09
5.67655e-09
1.56171e-08
1.62287e-08
2.37682e-09
-2.08406e-08
-3.90351e-08
-3.67558e-08
-7.95056e-09
3.83283e-08
8.0919e-08
9.65746e-08
7.1182e-08
6.1584e-09
-8.26485e-08
-1.71957e-07
-2.39726e-07
-2.7132e-07
-2.60973e-07
-2.08636e-07
-1.13729e-07
3.273e-08
2.57152e-07
6.14516e-07
1.20392e-06
2.19221e-06
3.8506e-06
6.61075e-06
1.1148e-05
1.85013e-05
3.02429e-05
4.87137e-05
7.73436e-05
0.000121079
0.000186941
0.000284726
0.000427883
0.000634571
0.000928908
0.00134239
0.00191545
0.00269909
0.00375648
0.00516441
0.00701446
0.00941358
0.0124841
0.0163623
0.0211973
0.0271439
0.0343675
0.0430083
0.0532585
0.0651009
0.0790391
0.0939305
0.11319
0.127052
0.162638
0.143934
0.279305
