ordre_2
-1.4013e-45
-2.8026e-45
-2.8026e-45
-1.4013e-45
0
1.4013e-45
1.4013e-45
0
-1.4013e-45
-2.8026e-45
-2.8026e-45
-1.4013e-45
0
1.4013e-45
1.4013e-45
2.8026e-45
1.4013e-45
0
-1.4013e-45
-2.8026e-45
-4.2039e-45
-5.60519e-45
-5.60519e-45
-4.2039e-45
-2.8026e-45
-1.4013e-45
-1.4013e-45
-0
-0
-1.4013e-45
-2.8026e-45
-4.2039e-45
-5.60519e-45
-7.00649e-45
-7.00649e-45
-5.60519e-45
-4.2039e-45
-2.8026e-45
-7.00649e-45
-1.54143e-44
-1.26117e-44
5.60519e-45
1.12104e-44
-3.22299e-44
-4.90454e-44
6.5861e-44
1.59748e-43
-1.26117e-43
-4.93257e-43
1.38729e-43
1.38448e-42
1.75162e-43
-3.6686e-42
-2.01647e-42
8.96551e-42
9.26679e-42
-1.97863e-41
-3.34462e-41
3.71218e-41
1.05337e-40
-4.80673e-41
-2.98709e-40
-1.9024e-41
7.67607e-40
4.31388e-40
-1.76585e-39
-2.01509e-39
3.48862e-39
6.99201e-39
-5.17728e-39
-2.05753e-38
1.89053e-39
5.30286e-38
2.4907e-38
-1.18943e-37
-1.30535e-37
2.20547e-37
4.54483e-37
-2.75281e-37
-1.29158e-36
-1.09383e-37
3.11992e-36
2.1993e-36
-6.28639e-36
-9.25208e-36
9.42023e-36
2.79916e-35
-4.23484e-36
-6.82629e-35
-3.81561e-35
1.33001e-34
1.97278e-34
-1.80025e-34
-6.55607e-34
3.34198e-35
1.74736e-33
7.07715e-34
-3.81264e-33
-2.35533e-33
5.95224e-33
2.94215e-33
