ordre_2
3.68879e-30
2.72012e-28
-1.67181e-29
-1.60182e-27
-7.50888e-29
6.9686e-27
1.25058e-27
-2.6439e-26
-9.17049e-27
9.17398e-26
5.08558e-26
-2.9577e-25
-2.40021e-25
8.87332e-25
1.01048e-24
-2.45388e-24
-3.88067e-24
6.10301e-24
1.37406e-23
-1.28498e-23
-4.50096e-23
1.86271e-23
1.36046e-22
7.67837e-24
-3.75832e-22
-2.00136e-22
9.29078e-22
1.01569e-21
-1.9592e-21
-3.76529e-21
3.05958e-21
1.16023e-20
-1.06098e-21
-3.04563e-20
-1.63045e-20
6.65282e-20
8.45054e-20
-1.0864e-19
-2.83104e-19
6.67912e-20
7.35257e-19
3.7879e-19
-1.47341e-18
-2.02488e-18
1.88863e-18
6.23024e-18
6.68116e-19
-1.37803e-17
-1.30954e-17
2.00369e-17
4.68649e-17
-3.31714e-18
-1.06822e-16
-9.01894e-17
1.49614e-16
3.3628e-16
-5.64213e-19
-7.18692e-16
-7.05739e-16
8.08433e-16
2.29219e-15
6.73646e-16
-4.01955e-15
-5.60889e-15
2.17504e-15
1.36486e-14
1.05746e-14
-1.53952e-14
-3.80916e-14
-1.30496e-14
5.90441e-14
9.36568e-14
-3.21249e-15
-1.81872e-13
-2.11992e-13
8.39133e-14
4.97161e-13
4.60214e-13
-3.36321e-13
-1.26252e-12
-1.00231e-12
9.7453e-13
3.05271e-12
2.28399e-12
-2.33329e-12
-7.10187e-12
-5.54646e-12
4.64605e-12
1.5843e-11
1.40998e-11
-6.94745e-12
-3.32693e-11
-3.58012e-11
3.05783e-12
6.3989e-11
8.65347e-11
2.31257e-11
-8.98543e-11
-2.0958e-10
-1.35567e-10
2.33488e-10
