ordre_2
-1.4013e-45
-2.8026e-45
-2.8026e-45
-1.4013e-45
0
1.4013e-45
1.4013e-45
0
-1.4013e-45
-2.8026e-45
-2.8026e-45
-1.4013e-45
0
1.4013e-45
1.4013e-45
2.8026e-45
1.4013e-45
0
-1.4013e-45
-2.8026e-45
-4.2039e-45
-5.60519e-45
-5.60519e-45
-4.2039e-45
-2.8026e-45
-1.4013e-45
-1.4013e-45
-0
-0
-1.4013e-45
-2.8026e-45
-4.2039e-45
-5.60519e-45
-7.00649e-45
-7.00649e-45
-5.60519e-45
-4.2039e-45
-2.8026e-45
-1.4013e-45
-1.4013e-45
0
-7.00649e-45
-1.96182e-44
-1.4013e-44
1.26117e-44
9.80909e-45
-5.46506e-44
-5.60519e-44
1.20512e-43
1.96182e-43
-2.56438e-43
-6.474e-43
4.13383e-43
1.90296e-42
-3.11088e-43
-5.22404e-42
-1.45034e-42
1.32353e-41
9.79508e-42
-3.04712e-41
-3.99356e-41
6.11078e-41
1.33674e-40
-9.43088e-41
-3.93695e-40
4.74522e-41
1.04021e-39
4.12163e-40
-2.45358e-39
-2.34732e-39
5.00038e-39
8.66544e-39
-7.9195e-39
-2.62508e-38
5.18835e-39
6.87366e-38
2.66398e-38
-1.55716e-37
-1.58419e-37
2.91611e-37
5.6912e-37
-3.74885e-37
-1.63352e-36
-7.86073e-38
3.93651e-36
2.61051e-36
-7.77841e-36
-1.11321e-35
1.08292e-35
3.37234e-35
-6.62112e-37
-8.32624e-35
-6.37285e-35
1.72181e-34
2.85161e-34
-2.94978e-34
-8.46111e-34
4.03092e-34
1.81657e-33
-4.00024e-34
-1.96634e-33
