ordre_2
2.66713e-30
4.83055e-30
-2.34484e-29
-3.01756e-29
1.11676e-28
1.43911e-28
-4.33989e-28
-6.14433e-28
1.49489e-27
2.45012e-27
-4.67533e-27
-9.25232e-27
1.32683e-26
3.3222e-26
-3.33587e-26
-1.13402e-25
6.89703e-26
3.66946e-25
-8.52512e-26
-1.11946e-24
-1.5882e-25
3.19066e-24
1.72636e-24
-8.36382e-24
-8.46247e-24
1.95713e-23
3.24472e-23
-3.81463e-23
-1.06989e-22
4.83064e-23
3.11152e-22
4.00263e-23
-7.95455e-22
-5.58197e-22
1.73038e-21
2.4721e-21
-2.88393e-21
-8.06619e-21
2.0253e-21
2.14162e-20
9.45319e-21
-4.60065e-20
-5.5414e-20
7.13773e-20
1.85297e-19
-3.15728e-20
-4.62365e-19
-2.84515e-19
8.53597e-19
1.34501e-18
-8.63021e-19
-3.78911e-18
-1.2463e-18
7.46235e-18
9.30033e-18
-8.33087e-18
-2.80118e-17
-7.33329e-18
5.41511e-17
6.67498e-17
-5.25907e-17
-1.93113e-16
-7.78202e-17
3.28847e-16
4.93224e-16
-1.79856e-16
-1.20181e-15
-8.86783e-16
1.50592e-15
3.40129e-15
6.60469e-16
-6.05291e-15
-8.00883e-15
2.92996e-15
1.89527e-14
1.60064e-14
-1.79942e-14
-5.16568e-14
-2.68058e-14
6.55351e-14
1.29236e-13
3.52254e-14
-1.958e-13
-3.07689e-13
-2.80122e-14
5.22401e-13
7.17065e-13
-1.07872e-14
-1.28878e-12
-1.66963e-12
5.29126e-14
2.9671e-12
3.92241e-12
2.17716e-13
-6.50454e-12
-8.96827e-12
-1.98368e-12
1.14213e-11
2.43549e-11
6.33329e-12
-3.19692e-11
