ordre_2
-1.4013e-45
-2.8026e-45
-2.8026e-45
-1.4013e-45
0
1.4013e-45
1.4013e-45
0
-1.4013e-45
-2.8026e-45
-2.8026e-45
-1.4013e-45
0
1.4013e-45
1.4013e-45
2.8026e-45
1.4013e-45
0
-1.4013e-45
-2.8026e-45
-4.2039e-45
-5.60519e-45
-5.60519e-45
-4.2039e-45
-2.8026e-45
-1.4013e-45
-1.4013e-45
-0
-0
-1.4013e-45
-2.8026e-45
-4.2039e-45
-5.60519e-45
-7.00649e-45
-7.00649e-45
-5.60519e-45
-4.2039e-45
-2.8026e-45
-1.4013e-45
-1.4013e-45
-2.8026e-45
-4.2039e-45
-5.60519e-45
-7.00649e-45
-7.00649e-45
-8.40779e-45
-9.80909e-45
-1.12104e-44
-1.26117e-44
-1.4013e-44
-1.4013e-44
-1.4013e-44
-1.26117e-44
-1.12104e-44
-9.80909e-45
-1.26117e-44
-1.96182e-44
-2.52234e-44
-1.26117e-44
9.80909e-45
-7.00649e-45
-5.32493e-44
-1.54143e-44
1.27518e-43
9.66896e-44
-2.92871e-43
-4.03574e-43
5.42303e-43
1.28079e-42
-8.04345e-43
-3.72745e-42
1.63952e-43
9.63112e-42
4.58365e-42
-2.21447e-41
-2.35222e-41
4.34038e-41
8.34095e-41
-6.3434e-41
-2.46131e-40
2.12367e-41
6.30021e-40
3.03077e-40
-1.39104e-39
-1.5387e-39
2.49253e-39
5.19116e-39
-2.74597e-39
-1.42316e-38
-3.1821e-39
3.3057e-38
3.2437e-38
-6.45979e-38
-1.29624e-37
1.01006e-37
3.86033e-37
-1.09458e-37
-9.09478e-37
4.29931e-38
1.48871e-36
4.22369e-38
