ordre_1
1.14533e-39
1.27865e-37
7.07597e-36
2.58789e-34
7.03653e-33
1.51714e-31
2.70181e-30
4.08743e-29
5.36222e-28
6.19658e-27
6.38623e-26
5.92875e-25
4.99908e-24
3.85505e-23
2.73489e-22
1.794e-21
1.09293e-20
6.20776e-20
3.2987e-19
1.64492e-18
7.71858e-18
3.41666e-17
1.42996e-16
5.6702e-16
2.13431e-15
7.63958e-15
2.60463e-14
8.47145e-14
2.63229e-13
7.82483e-13
2.22819e-12
6.08579e-12
1.59627e-11
4.0257e-11
9.77335e-11
2.2868e-10
5.16314e-10
1.12624e-09
2.37637e-09
4.85646e-09
9.6255e-09
1.85277e-08
3.46844e-08
6.32421e-08
1.12488e-07
1.95489e-07
3.32471e-07
5.54248e-07
9.07133e-07
1.45992e-06
2.3138e-06
3.61619e-06
5.58012e-06
8.51085e-06
1.28421e-05
1.91851e-05
2.83929e-05
4.16463e-05
6.05634e-05
8.73408e-05
0.000124931
0.000177264
0.000249514
0.000348433
0.00048273
0.000663525
0.000904862
0.00122429
0.00164348
0.00218888
0.00289241
0.00379211
0.00493268
0.00636602
0.00815149
0.0103559
0.0130535
0.016325
0.0202564
0.0249379
0.030461
0.0369162
0.0443893
0.0529577
0.0626859
0.0736208
0.085787
0.0991823
0.113773
0.129489
0.146225
0.163834
0.182128
0.200884
0.219839
0.238704
0.257163
0.274886
0.291534
0.306776
0.320294
