ordre_2
-4.2039e-45
8.40779e-45
3.36312e-44
-4.48416e-44
-1.66755e-43
1.90577e-43
6.89439e-43
-6.88038e-43
-2.64145e-42
2.22246e-42
9.6087e-42
-6.4698e-42
-3.35233e-41
1.66895e-41
1.13033e-40
-3.52567e-41
-3.69277e-40
4.25056e-41
1.16964e-39
1.11315e-40
-3.58707e-39
-1.16022e-39
1.06203e-38
6.13557e-39
-3.02067e-38
-2.63389e-38
8.18823e-38
1.00846e-37
-2.08763e-37
-3.56444e-37
4.88559e-37
1.1808e-36
-9.94821e-37
-3.6899e-36
1.49206e-36
1.08895e-35
-8.30215e-38
-3.025e-35
-1.16731e-35
7.84105e-35
6.42432e-35
-1.86278e-34
-2.54263e-34
3.90187e-34
8.57601e-34
-6.48689e-34
-2.58361e-33
4.8419e-34
7.0429e-33
2.21872e-33
-1.72744e-32
-1.46397e-32
3.70731e-32
5.74438e-32
-6.411e-32
-1.8204e-31
6.15199e-32
4.96234e-31
1.3061e-31
-1.17069e-30
-1.02189e-30
2.30205e-30
3.94329e-30
-3.24572e-30
-1.17473e-29
4.7143e-31
2.89873e-29
1.78248e-29
-5.83867e-29
-8.22062e-29
8.43631e-29
2.54786e-28
-2.34453e-29
-6.21299e-28
-3.8821e-28
1.18268e-27
1.77503e-27
-1.452e-27
-5.21574e-27
-5.71573e-28
1.15989e-26
1.02609e-26
-1.85201e-26
-3.80403e-26
1.16435e-26
9.58341e-26
5.17146e-26
-1.74488e-25
-2.57985e-25
1.76811e-25
7.0557e-25
2.18765e-25
-1.30459e-24
-1.73916e-24
1.24321e-24
5.55504e-24
1.66107e-24
-1.25457e-23
-9.50545e-24
1.9364e-23
1.31776e-23
