ordre_2
8.13154e-40
4.41658e-39
-7.08849e-39
-2.6526e-38
3.31707e-38
1.1939e-37
-1.25301e-37
-4.76277e-37
4.1346e-37
1.77131e-36
-1.20982e-36
-6.26872e-36
3.06306e-36
2.13025e-35
-6.03286e-36
-6.97532e-35
4.52993e-36
2.20128e-34
3.73596e-35
-6.68062e-34
-2.85692e-34
1.94081e-33
1.40004e-33
-5.35508e-33
-5.75222e-33
1.38475e-32
2.12247e-32
-3.27407e-32
-7.22104e-32
6.7049e-32
2.28973e-31
-1.00432e-31
-6.78434e-31
3.16719e-33
1.87118e-30
7.92167e-31
-4.74922e-30
-4.28263e-30
1.08158e-29
1.65724e-29
-2.08057e-29
-5.41639e-29
2.74967e-29
1.56091e-28
1.03905e-29
-3.99141e-28
-2.45124e-28
8.87517e-28
1.12994e-27
-1.60036e-27
-3.79793e-27
1.74702e-27
1.05663e-26
2.20397e-27
-2.47815e-26
-2.13091e-26
4.69066e-26
8.30143e-26
-5.81975e-26
-2.40284e-25
-2.61562e-26
5.56791e-25
4.58413e-25
-9.89283e-25
-1.805e-24
9.85143e-25
4.95807e-24
1.48086e-24
-1.03362e-23
-1.14775e-23
1.46345e-23
3.7899e-23
-2.57124e-24
-8.77965e-23
-6.69512e-23
1.40553e-22
2.68377e-22
-8.18949e-23
-6.6372e-22
-4.01364e-22
1.09732e-21
1.85612e-21
-7.02996e-22
-4.64627e-21
-2.77066e-21
7.33877e-21
1.2809e-20
-3.32588e-21
-3.03531e-20
-2.23731e-20
4.22482e-20
8.67655e-20
-1.7505e-21
-1.72674e-19
-1.82778e-19
1.49499e-19
6.08378e-19
2.59997e-19
-1.21503e-18
-1.03169e-18
1.21645e-18
