ordre_2
2.35373e-31
1.27379e-30
-2.02631e-30
-7.65253e-30
9.2262e-30
3.44131e-29
-3.32129e-29
-1.36756e-28
1.00908e-28
5.04009e-28
-2.53381e-28
-1.75373e-27
4.4654e-28
5.79575e-27
5.82062e-29
-1.81868e-26
-5.42292e-27
5.39212e-26
3.36422e-26
-1.49518e-25
-1.51891e-25
3.80481e-25
5.84746e-25
-8.54985e-25
-2.01147e-24
1.5353e-24
6.28093e-24
-1.34134e-24
-1.78164e-23
-5.10896e-24
4.5343e-23
3.72522e-23
-1.0009e-22
-1.52962e-22
1.74472e-22
4.96908e-22
-1.52687e-22
-1.35956e-21
-4.60936e-22
3.12138e-21
3.18396e-21
-5.60904e-21
-1.16429e-20
5.61402e-21
3.22031e-20
9.72929e-21
-6.98453e-20
-7.5448e-20
1.07165e-19
2.59979e-19
-4.3912e-20
-6.3614e-19
-4.18967e-19
1.1027e-18
1.87934e-18
-8.70861e-19
-4.95843e-18
-2.44493e-18
8.74682e-18
1.33089e-17
-6.77249e-18
-3.51145e-17
-1.87186e-17
5.69841e-17
9.51323e-17
-2.6322e-17
-2.25406e-16
-1.72998e-16
2.88811e-16
6.54089e-16
9.60147e-17
-1.22373e-15
-1.50485e-15
8.1681e-16
3.88598e-15
2.69248e-15
-4.60872e-15
-1.04644e-14
-3.04121e-15
1.66221e-14
2.52142e-14
-1.85185e-15
-4.97924e-14
-5.63758e-14
2.4356e-14
1.34176e-13
1.21137e-13
-9.40494e-14
-3.38479e-13
-2.59782e-13
2.72762e-13
8.14576e-13
5.86603e-13
-6.77308e-13
-1.91381e-12
-1.31183e-12
1.28059e-12
4.27351e-12
4.2866e-12
-4.5378e-12
-8.31778e-12
