ordre_2
7.30198e-14
3.78022e-13
-5.35112e-13
-2.26808e-12
1.54353e-12
9.69006e-12
-4.64484e-13
-3.27012e-11
-2.0163e-11
8.28161e-11
1.22736e-10
-1.20396e-10
-4.3029e-10
-1.17139e-10
9.19827e-10
1.27735e-09
-6.08693e-10
-3.52057e-09
-3.14681e-09
3.07234e-09
1.04416e-08
8.91116e-09
-6.37863e-09
-2.58709e-08
-2.9518e-08
-3.73016e-09
4.28878e-08
8.02345e-08
7.52319e-08
1.43339e-08
-8.64931e-08
-1.89986e-07
-2.56075e-07
-2.57247e-07
-1.82005e-07
-2.62291e-08
2.22173e-07
6.00012e-07
1.18546e-06
2.11722e-06
3.62154e-06
6.05312e-06
9.9569e-06
1.61585e-05
2.58931e-05
4.09844e-05
6.40877e-05
9.90157e-05
0.000151164
0.000228058
0.000340041
0.000501121
0.000729982
0.00105117
0.00149644
0.00210621
0.00293106
0.00403329
0.00548822
0.00738532
0.00982875
0.0129373
0.0168432
0.0216904
0.027631
0.0348201
0.0434101
0.0535424
0.0653391
0.0788921
0.0942539
0.111426
0.130352
0.150905
0.172888
0.196028
0.219977
0.244319
0.268581
0.292244
0.314761
0.335581
0.354167
0.37002
0.382703
0.391861
0.397234
0.398675
0.396151
0.389747
0.379662
0.366196
0.349741
0.330745
0.309756
0.287153
0.264036
0.23889
0.219507
0.180371
0.213179
