ordre_2
-1.3802e-27
-2.49802e-27
1.20923e-26
1.5693e-26
-5.71603e-26
-7.53481e-26
2.19299e-25
3.23359e-25
-7.40017e-25
-1.29103e-24
2.23994e-24
4.8537e-24
-6.02086e-24
-1.72266e-23
1.36815e-23
5.76117e-23
-2.19426e-23
-1.8062e-22
-3.56485e-24
5.25961e-22
2.29197e-22
-1.39962e-21
-1.27988e-21
3.29866e-21
5.14364e-21
-6.39611e-21
-1.72573e-20
7.74979e-21
5.00745e-20
8.58802e-21
-1.25114e-19
-9.87538e-20
2.57314e-19
4.16333e-19
-3.69207e-19
-1.28658e-18
1.3158e-20
3.15425e-18
2.27219e-18
-5.88354e-18
-9.90611e-18
6.18401e-18
2.8142e-17
8.46712e-18
-5.78885e-17
-6.82034e-17
7.27325e-17
2.17157e-16
3.1027e-17
-4.52882e-16
-4.8557e-16
5.32323e-16
1.55707e-15
3.64028e-16
-2.95724e-15
-3.71857e-15
2.43305e-15
1.02313e-14
5.64035e-15
-1.49849e-14
-2.75074e-14
3.37332e-16
5.5379e-14
6.10448e-14
-4.01359e-14
-1.65129e-13
-1.13243e-13
1.85027e-13
4.35394e-13
1.71542e-13
-6.10213e-13
-1.06826e-12
-1.95606e-13
1.71619e-12
2.53117e-12
1.39081e-13
-4.36054e-12
-5.94861e-12
-1.54663e-13
1.02188e-11
1.40339e-11
1.45515e-12
-2.20295e-11
-3.3006e-11
-9.0403e-12
4.24398e-11
7.54629e-11
3.85712e-11
-6.73536e-11
-1.61023e-10
-1.2929e-10
6.49821e-11
3.0151e-10
3.542e-10
7.3439e-11
-4.4908e-10
-7.77723e-10
-5.50574e-10
1.83809e-10
1.6769e-09
1.24771e-09
