ordre_2
-2.95371e-11
6.3506e-11
2.70122e-10
-1.87051e-10
-1.25934e-09
-3.13779e-10
3.78894e-09
4.75779e-09
-4.99188e-09
-1.81671e-08
-1.22123e-08
2.3223e-08
6.11798e-08
5.25902e-08
-2.65043e-08
-1.44453e-07
-2.30912e-07
-2.2094e-07
-8.3134e-08
1.89008e-07
6.10072e-07
1.23711e-06
2.19498e-06
3.69835e-06
6.08283e-06
9.85626e-06
1.57778e-05
2.4972e-05
3.90865e-05
6.05058e-05
9.26371e-05
0.000140284
0.000210128
0.000311337
0.000456312
0.000661597
0.000948942
0.00134653
0.00189032
0.00262549
0.00360793
0.00490556
0.00659956
0.00878517
0.0115719
0.0150832
0.0194547
0.0248319
0.0313661
0.0392093
0.0485068
0.05939
0.0719666
0.0863108
0.102453
0.12037
0.139977
0.16112
0.183571
0.207027
0.231116
0.255399
0.279385
0.302545
0.324329
0.344192
0.361609
0.376107
0.387277
0.394801
0.398463
0.39816
0.393907
0.385835
0.374188
0.359304
0.341606
0.321578
0.299744
0.276644
0.252818
0.228778
0.204997
0.18189
0.159811
0.139042
0.119793
0.102204
0.0863494
0.0722456
0.059859
0.0491153
0.0399097
0.0321158
0.0255945
0.0201994
0.0157924
0.0122087
0.00942792
0.00687617
0.00632996
