ordre_2
-1.4013e-45
-2.8026e-45
-2.8026e-45
-1.4013e-45
0
1.4013e-45
1.4013e-45
0
-1.4013e-45
-2.8026e-45
-2.8026e-45
-1.4013e-45
0
1.4013e-45
1.4013e-45
2.8026e-45
1.4013e-45
0
-1.4013e-45
-2.8026e-45
-4.2039e-45
-5.60519e-45
-5.60519e-45
-4.2039e-45
-2.8026e-45
-1.4013e-45
-1.4013e-45
-0
-0
-1.4013e-45
-2.8026e-45
-4.2039e-45
-5.60519e-45
-7.00649e-45
-7.00649e-45
-5.60519e-45
-4.2039e-45
-2.8026e-45
-1.4013e-45
-1.4013e-45
-2.8026e-45
-4.2039e-45
-5.60519e-45
-7.00649e-45
-7.00649e-45
-8.40779e-45
-9.80909e-45
-1.12104e-44
-1.26117e-44
-1.4013e-44
-1.4013e-44
-1.4013e-44
-1.26117e-44
-1.12104e-44
-9.80909e-45
-8.40779e-45
-8.40779e-45
-7.00649e-45
-5.60519e-45
-4.2039e-45
-2.8026e-45
-2.8026e-45
-1.4013e-45
-7.00649e-45
-2.38221e-44
-2.24208e-44
8.40779e-45
1.68156e-44
-5.60519e-44
-1.12104e-43
5.74532e-44
3.0268e-43
-1.26117e-44
-7.94536e-43
-3.85357e-43
1.81328e-42
1.92538e-42
-3.61255e-42
-6.87757e-42
5.3964e-42
2.03441e-41
-2.4775e-42
-5.23707e-41
-2.27361e-41
1.16339e-40
1.21671e-40
-2.09867e-40
-4.22518e-40
2.33309e-40
1.19892e-39
2.62606e-40
-2.94049e-39
-2.70025e-39
6.32971e-39
1.06021e-38
-1.19319e-38
-3.01981e-38
1.92913e-38
6.38026e-38
-2.39833e-38
-6.86631e-38
