ordre_2
5.05719e-20
-1.10051e-19
-4.56364e-19
5.73161e-19
2.27828e-18
-1.95601e-18
-9.39646e-18
4.61634e-18
3.44361e-17
-3.83376e-18
-1.13774e-16
-3.39403e-17
3.35783e-16
2.58985e-16
-8.57796e-16
-1.19838e-15
1.74923e-15
4.34382e-15
-2.06729e-15
-1.29278e-14
-3.31257e-15
3.10203e-14
3.11317e-14
-5.3838e-14
-1.1903e-13
3.3381e-14
3.12283e-13
1.93059e-13
-5.50898e-13
-9.49454e-13
3.40137e-13
2.44033e-12
1.69627e-12
-3.53078e-12
-7.32413e-12
-4.61648e-13
1.46717e-11
1.74522e-11
-9.53182e-12
-4.59157e-11
-3.62693e-11
4.46546e-11
1.24906e-10
7.41605e-11
-1.36704e-10
-3.15829e-10
-1.7448e-10
3.27595e-10
7.60598e-10
4.97484e-10
-5.97604e-10
-1.70919e-09
-1.51237e-09
5.67047e-10
3.32333e-09
4.18823e-09
1.2411e-09
-4.60442e-09
-9.2788e-09
-8.0001e-09
8.51303e-10
1.33064e-08
2.11357e-08
1.67266e-08
-1.37662e-09
-2.60047e-08
-4.40002e-08
-4.28507e-08
-1.77111e-08
2.50765e-08
6.98713e-08
9.80053e-08
9.52938e-08
5.73575e-08
-9.24961e-09
-9.00027e-08
-1.67679e-07
-2.27591e-07
-2.60872e-07
-2.65062e-07
-2.42101e-07
-1.95111e-07
-1.23392e-07
-1.9197e-08
1.43888e-07
4.08704e-07
8.82419e-07
1.68129e-06
3.17113e-06
5.53098e-06
1.00594e-05
1.63771e-05
2.96214e-05
4.42004e-05
8.26558e-05
0.000107494
0.000223521
0.000225463
0.000604481
0.000346782
0.00169755
