ordre_2
-1.4013e-45
-2.8026e-45
-2.8026e-45
-1.4013e-45
-5.60519e-45
-9.80909e-45
7.00649e-45
2.66247e-44
-2.66247e-44
-1.00893e-43
7.28675e-44
3.44719e-43
-2.10195e-43
-1.1897e-42
5.19882e-43
3.95867e-42
-1.00473e-42
-1.27953e-41
7.35682e-43
4.01122e-41
6.08023e-42
-1.21919e-40
-4.63059e-41
3.5799e-40
2.27509e-40
-1.0103e-39
-9.431e-40
2.7182e-39
3.53579e-39
-6.87751e-39
-1.23226e-38
1.59562e-38
4.04228e-38
-3.20872e-38
-1.2547e-37
4.66765e-38
3.68744e-37
5.12582e-39
-1.0226e-36
-4.08288e-37
2.65341e-36
2.18888e-36
-6.3333e-36
-8.61012e-36
1.34125e-35
2.9055e-35
-2.29174e-35
-8.79623e-35
1.99205e-35
2.42058e-34
6.44437e-35
-6.03039e-34
-4.69989e-34
1.32896e-33
1.90499e-33
-2.4252e-33
-6.19007e-33
2.84126e-33
1.73396e-32
2.50482e-33
-4.24025e-32
-3.078e-32
8.83026e-32
1.29329e-31
-1.41786e-31
-4.07085e-31
9.80256e-32
1.06247e-30
4.35087e-31
-2.31218e-30
-2.56484e-30
3.90464e-30
8.79575e-30
-3.4305e-30
-2.34037e-29
-8.03126e-30
4.99781e-29
5.44047e-29
-7.88531e-29
-1.84769e-28
4.90099e-29
4.66452e-28
2.3659e-28
-8.99728e-28
-1.23896e-27
1.11672e-27
3.72018e-27
3.29726e-28
-8.16704e-27
-7.08577e-27
1.22628e-26
2.55552e-26
-4.0386e-27
-6.18051e-26
-5.07604e-26
1.10533e-25
2.1648e-25
-1.40806e-25
-5.25107e-25
1.11484e-25
5.93875e-25
