ordre_2
-1.23314e-43
2.67648e-43
1.10422e-42
-1.53722e-42
-5.51971e-42
6.42355e-42
2.31747e-41
-2.29771e-41
-8.90525e-41
7.34687e-41
3.23521e-40
-2.11057e-40
-1.12712e-39
5.30365e-40
3.79067e-39
-1.05544e-39
-1.23389e-38
9.2022e-40
3.88798e-38
5.59616e-39
-1.18388e-37
-4.5293e-38
3.47119e-37
2.25988e-37
-9.7423e-37
-9.41598e-37
2.59212e-36
3.52886e-36
-6.43001e-36
-1.22412e-35
1.43936e-35
3.97999e-35
-2.68451e-35
-1.2186e-34
3.0095e-35
3.51185e-34
5.36287e-35
-9.47321e-34
-5.35602e-34
2.36178e-33
2.46964e-33
-5.2998e-33
-9.02298e-33
1.00499e-32
2.87451e-32
-1.29135e-32
-8.21555e-32
-6.90088e-33
2.11314e-31
1.26963e-31
-4.80782e-31
-5.84493e-31
9.16415e-31
2.00103e-30
-1.20607e-30
-5.75902e-30
-3.04817e-31
1.42818e-29
9.32413e-30
-2.98771e-29
-4.15676e-29
4.76776e-29
1.32463e-28
-3.12312e-29
-3.43153e-28
-1.51699e-28
7.27068e-28
8.5985e-28
-1.14872e-27
-2.8534e-27
7.107e-28
7.25848e-27
3.58649e-27
-1.43956e-26
-1.90631e-26
1.91723e-26
5.87328e-26
8.85523e-28
-1.34297e-25
-1.07444e-25
2.20822e-25
4.20654e-25
-1.57729e-25
-1.07488e-24
-5.39517e-25
1.94888e-24
2.86062e-24
-1.9027e-24
-7.97217e-24
-2.58943e-24
1.50139e-23
1.84519e-23
-1.46111e-23
-5.31624e-23
-2.33366e-23
1.02777e-22
1.57685e-22
-1.35289e-22
-4.21544e-22
1.06495e-22
4.91705e-22
