ordre_2
-1.52258e-34
-2.75977e-34
1.34388e-33
1.71277e-33
-6.45468e-33
-8.10172e-33
2.54418e-32
3.43476e-32
-8.95899e-32
-1.36509e-31
2.89813e-31
5.16737e-31
-8.66931e-31
-1.8737e-30
2.37911e-30
6.51709e-30
-5.82575e-30
-2.17239e-29
1.17743e-29
6.92184e-29
-1.40507e-29
-2.09878e-28
-2.88665e-29
6.0129e-28
3.00813e-28
-1.60883e-27
-1.47975e-27
3.93798e-27
5.77377e-27
-8.45123e-27
-1.96403e-26
1.41678e-26
5.99653e-26
-9.32494e-27
-1.65189e-25
-5.90329e-26
4.05712e-25
3.71279e-25
-8.55195e-25
-1.43972e-24
1.37887e-24
4.48809e-24
-8.27855e-25
-1.18422e-23
-5.2808e-24
2.62034e-23
3.00285e-23
-4.48267e-23
-1.03645e-22
3.84252e-23
2.77663e-22
1.03792e-22
-5.89808e-22
-6.77972e-22
8.91365e-22
2.26672e-21
-3.46614e-22
-5.53803e-21
-3.57284e-21
9.86084e-21
1.61787e-20
-9.05842e-21
-4.41126e-20
-1.70403e-20
8.38668e-20
1.10812e-19
-8.74863e-20
-3.21371e-19
-9.9495e-20
6.06576e-19
7.76528e-19
-5.74268e-19
-2.20199e-18
-8.93086e-19
3.78139e-18
5.58373e-18
-2.35497e-18
-1.39505e-17
-9.27477e-18
1.91382e-17
3.87306e-17
1.63313e-18
-7.64485e-17
-8.48082e-17
6.12903e-17
2.35069e-16
1.36801e-16
-3.09813e-16
-6.1264e-16
-9.26019e-17
1.07938e-15
1.42747e-15
-4.39863e-16
-3.19554e-15
-2.83122e-15
2.23657e-15
8.32351e-15
7.14728e-15
-1.12065e-14
-2.31893e-14
6.64227e-15
