ordre_2
-4.23753e-42
5.68927e-43
3.78673e-41
-1.60449e-42
-1.86503e-40
-5.95552e-42
7.64753e-40
9.41869e-41
-2.84957e-39
-6.70512e-40
9.9647e-39
3.68997e-39
-3.31667e-38
-1.76058e-38
1.05698e-37
7.62721e-38
-3.22892e-37
-3.07129e-37
9.43083e-37
1.16479e-36
-2.61595e-36
-4.19267e-36
6.80212e-36
1.43849e-35
-1.61608e-35
-4.71302e-35
3.30714e-35
1.47426e-34
-4.78589e-35
-4.39266e-34
-1.48096e-35
1.24056e-33
4.95161e-34
-3.29129e-33
-2.65128e-33
8.07098e-33
1.05916e-32
-1.77101e-32
-3.645e-32
3.20983e-32
1.12731e-31
-3.45883e-32
-3.17309e-31
-5.9653e-32
8.10085e-31
5.60125e-31
-1.83719e-30
-2.41043e-30
3.49411e-30
8.09877e-30
-4.54785e-30
-2.32404e-29
-1.58653e-30
5.79608e-29
3.79437e-29
-1.22897e-28
-1.69131e-28
2.01762e-28
5.44617e-28
-1.52375e-28
-1.43423e-27
-5.63141e-28
3.11517e-27
3.4532e-27
-5.15942e-27
-1.18433e-26
4.0508e-27
3.10367e-26
1.2664e-26
-6.3978e-26
-7.67759e-26
9.23745e-26
2.48265e-25
-2.472e-26
-5.9178e-25
-4.05122e-25
1.03352e-24
1.74789e-24
-9.32443e-25
-4.70825e-24
-1.78564e-24
9.05144e-24
1.15929e-23
-1.02029e-23
-3.43639e-23
-7.52796e-24
6.87938e-23
7.77896e-23
-8.11127e-23
-2.41337e-22
-3.98426e-23
4.7092e-22
5.14406e-22
-4.60388e-22
-1.58576e-21
-7.10111e-22
3.19295e-21
4.47276e-21
-4.53905e-21
-9.74332e-21
3.5891e-21
