ordre_2
6.76755e-38
-1.47788e-37
-6.09634e-37
8.42107e-37
3.05065e-36
-3.46054e-36
-1.27972e-35
1.20504e-35
4.90688e-35
-3.68921e-35
-1.77425e-34
9.82932e-35
6.13032e-34
-2.11643e-34
-2.03491e-33
2.51905e-34
6.49676e-33
7.37846e-34
-1.99152e-32
-7.43353e-33
5.83581e-32
3.89385e-32
-1.62209e-31
-1.65116e-31
4.22008e-31
6.20547e-31
-1.00262e-30
-2.13515e-30
2.06082e-30
6.81356e-30
-3.09712e-30
-2.02323e-29
1.31044e-31
5.56845e-29
2.41738e-29
-1.40276e-28
-1.30305e-28
3.14392e-28
5.00584e-28
-5.84122e-28
-1.61733e-27
6.882e-28
4.58152e-27
7.07433e-28
-1.1415e-26
-8.27535e-27
2.43198e-26
3.52879e-26
-4.01708e-26
-1.13022e-25
2.99833e-26
2.9941e-25
1.18559e-25
-6.57633e-25
-7.26769e-25
1.10702e-24
2.5165e-24
-9.08509e-25
-6.66351e-24
-2.62249e-24
1.38692e-23
1.64298e-23
-2.01959e-23
-5.36678e-23
5.5212e-24
1.28222e-22
8.87395e-23
-2.21983e-22
-3.81957e-22
1.88516e-22
1.01687e-21
4.33712e-22
-1.89755e-21
-2.59779e-21
1.92352e-21
7.40251e-21
2.39731e-21
-1.39381e-20
-1.78923e-20
1.35293e-20
5.09407e-20
1.90858e-20
-8.99825e-20
-1.2669e-19
6.63343e-20
3.29554e-19
1.87952e-19
-4.93266e-19
-8.87841e-19
1.08085e-19
1.93945e-18
1.75561e-18
-2.09667e-18
-5.54581e-18
-2.02639e-18
8.54425e-18
1.54284e-17
-2.57284e-18
-3.85958e-17
-1.54259e-17
4.26262e-17
