ordre_2
-1.69873e-13
-7.52241e-12
-8.58244e-13
4.0606e-11
2.37609e-11
-1.41524e-10
-1.76864e-10
3.17581e-10
7.91801e-10
-1.62544e-10
-2.25919e-09
-2.01376e-09
3.11005e-09
8.4138e-09
4.05161e-09
-1.2184e-08
-2.56549e-08
-1.48683e-08
2.46484e-08
6.72419e-08
7.19144e-08
1.44205e-08
-9.11435e-08
-1.9847e-07
-2.5499e-07
-2.25327e-07
-9.6033e-08
1.38612e-07
4.99546e-07
1.0453e-06
1.892e-06
3.23602e-06
5.38717e-06
8.82015e-06
1.42518e-05
2.27521e-05
3.5899e-05
5.59902e-05
8.63273e-05
0.000131589
0.000198315
0.000295515
0.000435428
0.000634436
0.000914152
0.00130266
0.00183588
0.00255907
0.00352829
0.00481181
0.00649135
0.00866286
0.0114368
0.0149378
0.0193028
0.0246787
0.0312182
0.0390747
0.0483947
0.0593104
0.0719298
0.0863267
0.102531
0.120517
0.140198
0.161415
0.183938
0.207461
0.231604
0.255928
0.279935
0.303095
0.324858
0.344675
0.362026
0.376437
0.387505
0.394917
0.39846
0.39804
0.393675
0.385504
0.373773
0.358825
0.341084
0.321037
0.299204
0.276128
0.252341
0.228355
0.204637
0.181601
0.159594
0.138894
0.119714
0.102172
0.0864171
0.0721634
0.0605505
0.0469796
0.0486274
