ordre_2
1.22195e-25
2.21024e-25
-1.06719e-24
-1.39562e-24
5.00969e-24
6.73994e-24
-1.89886e-23
-2.90381e-23
6.2815e-23
1.15923e-22
-1.83985e-22
-4.33307e-22
4.66568e-22
1.51814e-21
-9.36272e-22
-4.96728e-21
9.2551e-22
1.50574e-20
3.64302e-21
-4.16803e-20
-2.95966e-20
1.02515e-19
1.3344e-19
-2.10739e-19
-4.75184e-19
2.96566e-19
1.42956e-18
8.29872e-20
-3.65101e-18
-2.54748e-18
7.58655e-18
1.15388e-17
-1.08371e-17
-3.61688e-17
-8.89604e-20
8.73226e-17
6.74559e-17
-1.53863e-16
-2.82493e-16
1.25237e-16
7.56805e-16
3.64451e-16
-1.39368e-15
-2.06453e-15
1.21574e-15
5.67876e-15
2.71928e-15
-9.67111e-15
-1.53138e-14
5.29361e-15
3.76398e-14
2.77252e-14
-4.89127e-14
-1.08912e-13
-1.80607e-14
1.99861e-13
2.58319e-13
-1.04746e-13
-6.27285e-13
-5.23365e-13
5.95948e-13
1.71134e-12
9.33901e-13
-2.07762e-12
-4.31171e-12
-1.56008e-12
5.92296e-12
1.04315e-11
2.87182e-12
-1.48521e-11
-2.4799e-11
-7.23219e-12
3.33146e-11
5.81633e-11
2.36859e-11
-6.53672e-11
-1.32275e-10
-8.02339e-11
1.02485e-10
2.80661e-10
2.46886e-10
-8.43471e-11
-5.19941e-10
-6.53844e-10
-1.84709e-10
7.30128e-10
1.41966e-09
1.11378e-09
-3.83368e-10
-2.28101e-09
-3.10122e-09
-1.67787e-09
1.78277e-09
5.36771e-09
6.34836e-09
3.12718e-09
-3.97143e-09
-1.05392e-08
-1.29145e-08
-1.06254e-08
1.25655e-08
