ordre_1
1.4013e-45
2.8026e-45
4.2039e-45
5.60519e-45
7.00649e-45
8.40779e-45
9.80909e-45
1.12104e-44
1.26117e-44
1.4013e-44
1.54143e-44
1.68156e-44
1.82169e-44
1.96182e-44
2.10195e-44
2.24208e-44
2.38221e-44
2.52234e-44
2.66247e-44
2.8026e-44
2.94273e-44
3.08286e-44
3.22299e-44
3.36312e-44
3.50325e-44
3.64338e-44
3.78351e-44
3.92364e-44
4.06377e-44
4.2039e-44
4.34403e-44
4.48416e-44
4.62428e-44
4.76441e-44
4.90454e-44
5.04467e-44
5.1848e-44
5.32493e-44
5.46506e-44
5.60519e-44
5.74532e-44
5.88545e-44
6.02558e-44
6.16571e-44
6.30584e-44
6.44597e-44
6.5861e-44
6.72623e-44
6.86636e-44
7.00649e-44
7.14662e-44
7.28675e-44
7.42688e-44
7.56701e-44
7.70714e-44
7.84727e-44
8.26766e-44
1.14906e-43
2.81661e-43
1.10422e-42
5.03206e-42
2.34241e-41
1.07806e-40
4.87515e-40
2.16366e-39
9.42369e-39
4.02865e-38
1.69081e-37
6.96817e-37
2.82048e-36
1.12149e-35
4.38148e-35
1.68222e-34
6.34837e-34
2.35526e-33
8.59185e-33
3.08236e-32
1.08768e-31
3.77578e-31
1.28966e-30
4.3348e-30
1.43403e-29
4.66986e-29
1.49717e-28
4.72627e-28
1.46929e-27
4.49883e-27
1.35691e-26
4.03194e-26
1.18046e-25
3.40573e-25
9.68385e-25
2.71405e-24
7.49842e-24
2.04247e-23
5.48562e-23
1.45288e-22
3.79502e-22
9.77754e-22
2.48499e-21
6.2308e-21
