ordre_2
-1.5846e-20
-2.85873e-20
1.36562e-19
1.84292e-19
-6.22127e-19
-9.0878e-19
2.23282e-18
3.95121e-18
-6.71014e-18
-1.5591e-17
1.64379e-17
5.60116e-17
-2.75789e-17
-1.81887e-16
-5.10467e-18
5.24796e-16
2.95299e-16
-1.29816e-15
-1.57806e-15
2.52013e-15
5.8157e-15
-2.64671e-15
-1.67951e-14
-5.55792e-15
3.7646e-14
4.31122e-14
-5.62411e-14
-1.49825e-13
3.39244e-15
3.50678e-13
3.11818e-13
-4.99874e-13
-1.17514e-12
-5.95209e-14
2.48914e-12
2.70183e-12
-2.40053e-12
-8.23226e-12
-4.15845e-12
1.20361e-11
2.22078e-11
2.25277e-12
-4.07277e-11
-5.40471e-11
1.04705e-11
1.14962e-10
1.28492e-10
-4.2759e-11
-2.89685e-10
-3.15201e-10
7.87598e-11
6.59641e-10
7.98367e-10
2.53402e-11
-1.30382e-09
-1.96972e-09
-8.17782e-10
1.94231e-09
4.29681e-09
3.64149e-09
-9.34978e-10
-7.09505e-09
-1.00779e-08
-5.89458e-09
5.13406e-09
1.72447e-08
2.1902e-08
1.30741e-08
-8.10502e-09
-3.24483e-08
-4.65971e-08
-3.9791e-08
-9.89737e-09
3.45269e-08
7.71846e-08
1.00462e-07
9.2252e-08
5.02277e-08
-1.7855e-08
-9.74563e-08
-1.72251e-07
-2.28978e-07
-2.5979e-07
-2.63488e-07
-2.41184e-07
-1.99306e-07
-1.30775e-07
-4.64396e-08
1.17628e-07
3.06647e-07
8.35727e-07
1.32498e-06
3.2119e-06
4.25921e-06
1.09442e-05
1.17001e-05
3.51398e-05
2.67664e-05
0.000108821
4.34066e-05
0.000330174
