ordre_2
6.33387e-42
-4.19549e-41
-5.806e-41
2.45997e-40
3.00322e-40
-1.064e-39
-1.31978e-39
4.01545e-39
5.35739e-39
-1.39028e-38
-2.06751e-38
4.50191e-38
7.67405e-38
-1.37158e-37
-2.7527e-37
3.92068e-37
9.55789e-37
-1.03831e-36
-3.21232e-36
2.47058e-36
1.04383e-35
-4.86818e-36
-3.2723e-35
5.56912e-36
9.86348e-35
1.28117e-35
-2.84423e-34
-1.27563e-34
7.78514e-34
6.29611e-34
-1.99705e-33
-2.50198e-33
4.69123e-33
8.78872e-33
-9.60279e-33
-2.81714e-32
1.47799e-32
8.33138e-32
-4.0861e-33
-2.27275e-31
-9.22203e-32
5.65825e-31
5.14235e-31
-1.25062e-30
-1.97516e-30
2.28471e-30
6.33452e-30
-2.61149e-30
-1.7778e-29
-2.96665e-30
4.38866e-29
3.23436e-29
-9.27547e-29
-1.35864e-28
1.52395e-28
4.3187e-28
-1.14493e-28
-1.14168e-27
-4.39967e-28
2.52098e-27
2.71897e-27
-4.33607e-27
-9.4956e-27
3.99549e-27
2.55513e-26
8.31715e-27
-5.48973e-26
-5.91102e-26
8.64636e-26
2.02442e-25
-5.11202e-26
-5.09642e-25
-2.70963e-25
9.65927e-25
1.37779e-24
-1.11785e-24
-4.03073e-24
-7.29943e-25
8.49803e-24
8.67244e-24
-1.17619e-23
-2.92489e-23
1.12257e-24
6.54724e-23
5.46266e-23
-9.49104e-23
-2.04072e-22
2.24891e-23
4.64617e-22
3.71858e-22
-6.58372e-22
-1.37182e-21
7.82125e-23
2.86195e-21
2.89823e-21
-3.21544e-21
-1.06107e-20
-1.36185e-21
2.31983e-20
1.1188e-20
-2.47207e-20
