ordre_1
-1.96506e-07
-1.69751e-07
2.67771e-08
1.96956e-07
1.73989e-07
-1.23044e-09
-8.56793e-08
2.01121e-07
1.02754e-06
2.45358e-06
4.56709e-06
7.63117e-06
1.21654e-05
1.89835e-05
2.92551e-05
4.46298e-05
6.7429e-05
0.0001009
0.000149543
0.000219518
0.000319154
0.000459579
0.000655464
0.000925906
0.00129543
0.00179512
0.00246377
0.00334918
0.00450928
0.00601322
0.00794215
0.0103896
0.0134615
0.0172751
0.0219572
0.0276418
0.0344658
0.0425641
0.0520632
0.0630741
0.075684
0.0899478
0.105879
0.123442
0.142544
0.163031
0.184682
0.207211
0.230269
0.253449
0.2763
0.298336
0.319055
0.337954
0.354557
0.368424
0.379179
0.386523
0.390248
0.390248
0.386523
0.379179
0.368424
0.354557
0.337954
0.319054
0.298336
0.2763
0.253449
0.230269
0.207211
0.184682
0.163031
0.142544
0.123442
0.105879
0.0899478
0.075684
0.0630741
0.0520632
0.0425641
0.0344658
0.0276418
0.0219572
0.0172751
0.0134615
0.0103896
0.00794215
0.00601322
0.00450928
0.00334918
0.00246377
0.00179511
0.00129543
0.000925906
0.000655464
0.000459579
0.000319154
0.000219518
0.000149543
0.0001009
