ordre_2
-1.4013e-45
-2.8026e-45
-2.8026e-45
-1.4013e-45
0
1.4013e-45
1.4013e-45
0
-1.4013e-45
-2.8026e-45
-2.8026e-45
-1.4013e-45
0
1.4013e-45
1.4013e-45
2.8026e-45
1.4013e-45
0
-1.4013e-45
-2.8026e-45
-4.2039e-45
-5.60519e-45
-5.60519e-45
-4.2039e-45
-2.8026e-45
-1.4013e-45
-1.4013e-45
-0
-0
-1.4013e-45
-2.8026e-45
-4.2039e-45
-5.60519e-45
-7.00649e-45
-7.00649e-45
-5.60519e-45
-4.2039e-45
-8.40779e-45
-1.54143e-44
-1.12104e-44
7.00649e-45
9.80909e-45
-3.08286e-44
-4.2039e-44
7.00649e-44
1.37327e-43
-1.45735e-43
-4.41409e-43
2.11596e-43
1.27658e-42
-7.42688e-44
-3.49344e-42
-1.25416e-42
8.85621e-42
7.14242e-42
-2.0536e-41
-2.8082e-41
4.18428e-41
9.33531e-41
-6.68896e-41
-2.76601e-40
4.2692e-41
7.42023e-40
2.54516e-40
-1.79514e-39
-1.56692e-39
3.81535e-39
6.00741e-39
-6.58727e-39
-1.88375e-38
6.54114e-39
5.13004e-38
1.19483e-38
-1.22351e-37
-9.9522e-38
2.4836e-37
3.92798e-37
-3.84281e-37
-1.20354e-36
2.19178e-37
3.10614e-36
1.38144e-36
-6.78087e-36
-7.60369e-36
1.17723e-35
2.56884e-35
-1.18901e-35
-6.82002e-35
-1.78169e-35
1.46509e-34
1.51643e-34
-2.36526e-34
-5.72305e-34
1.80777e-34
1.65213e-33
4.78986e-34
-3.94212e-33
-2.46731e-33
7.45918e-33
5.21468e-33
-7.59925e-33
