ordre_2
1.13929e-33
6.17324e-33
-9.85024e-33
-3.70836e-32
4.52773e-32
1.66823e-31
-1.65786e-31
-6.63931e-31
5.19108e-31
2.45535e-30
-1.38326e-30
-8.59845e-30
2.86473e-30
2.87167e-29
-2.54535e-30
-9.15751e-29
-1.60076e-29
2.78058e-28
1.29696e-28
-7.98584e-28
-6.42368e-28
2.14334e-27
2.62598e-27
-5.25741e-27
-9.52396e-27
1.1242e-26
3.1445e-26
-1.82976e-26
-9.52834e-26
7.84623e-27
2.64277e-25
1.04092e-25
-6.61529e-25
-6.10442e-25
1.44323e-24
2.37362e-24
-2.49512e-24
-7.5629e-24
2.14947e-24
2.06697e-23
6.81392e-24
-4.82353e-23
-4.71078e-23
9.0793e-23
1.75807e-22
-1.0826e-22
-5.04232e-22
-8.14299e-23
1.16517e-21
1.02375e-21
-2.04894e-21
-3.94196e-21
1.89689e-21
1.07051e-20
3.83774e-21
-2.18411e-20
-2.62587e-20
2.88552e-20
8.35584e-20
4.21129e-21
-1.84683e-19
-1.67687e-19
2.65446e-19
6.04831e-19
-4.42326e-20
-1.3627e-18
-1.15166e-18
1.87719e-18
4.23681e-18
1.68816e-20
-8.98046e-18
-8.77551e-18
1.02073e-17
2.84748e-17
7.50482e-18
-5.10782e-17
-6.79705e-17
3.33797e-17
1.7284e-16
1.16429e-16
-2.21185e-16
-4.71725e-16
-7.88606e-17
8.41118e-16
1.0941e-15
-4.02362e-16
-2.5753e-15
-2.18297e-15
2.38991e-15
6.93482e-15
3.71165e-15
-8.64347e-15
-1.74325e-14
-4.59794e-15
2.59582e-14
3.93434e-14
7.39357e-15
-7.03055e-14
-1.134e-13
5.03986e-14
1.66785e-13
