ordre_2
-1.96511e-39
-1.06721e-38
1.71233e-38
6.4097e-38
-8.00576e-38
-2.88487e-37
3.01953e-37
1.15073e-36
-9.93886e-37
-4.27856e-36
2.89603e-36
1.51348e-35
-7.27416e-36
-5.13911e-35
1.40397e-35
1.68074e-34
-8.85643e-36
-5.29494e-34
-9.77714e-35
1.60303e-33
7.15083e-34
-4.64121e-33
-3.45704e-33
1.27445e-32
1.40927e-32
-3.27235e-32
-5.16802e-32
7.65039e-32
1.74803e-31
-1.53369e-31
-5.50851e-31
2.16053e-31
1.62042e-30
6.75203e-32
-4.42937e-30
-2.10319e-30
1.11074e-29
1.0743e-29
-2.48396e-29
-4.05697e-29
4.61938e-29
1.30288e-28
-5.49328e-29
-3.69231e-28
-5.35712e-29
9.25928e-28
6.50269e-28
-2.003e-27
-2.80691e-27
3.43059e-27
9.11787e-27
-3.07181e-27
-2.46398e-26
-7.83376e-27
5.58524e-26
5.54478e-26
-1.0005e-25
-2.01805e-25
1.05196e-25
5.58653e-25
1.38501e-25
-1.23444e-24
-1.21705e-24
2.02838e-24
4.36158e-24
-1.47642e-24
-1.12773e-23
-5.25592e-24
2.1912e-23
2.93553e-23
-2.65999e-23
-8.82483e-23
-1.20401e-23
1.88758e-22
1.8512e-22
-2.64191e-22
-6.37375e-22
3.14625e-23
1.42923e-21
1.19698e-21
-2.04259e-21
-4.44387e-21
3.50316e-22
9.8693e-21
8.4412e-21
-1.30278e-20
-3.02616e-20
-1.73186e-21
6.20709e-20
6.45548e-20
-6.68761e-20
-1.9814e-19
-5.78871e-20
3.30578e-19
4.70481e-19
-1.31298e-19
-1.25168e-18
-1.01133e-18
2.12974e-18
2.89416e-18
-1.9054e-18
