ordre_2
-1.4013e-45
-2.8026e-45
-2.8026e-45
-1.4013e-45
0
1.4013e-45
1.4013e-45
0
-1.4013e-45
-2.8026e-45
-2.8026e-45
-1.4013e-45
0
1.4013e-45
1.4013e-45
2.8026e-45
1.4013e-45
0
-1.4013e-45
-2.8026e-45
-4.2039e-45
-5.60519e-45
-4.2039e-45
4.2039e-45
1.68156e-44
-4.2039e-45
-4.2039e-44
5.60519e-45
1.20512e-43
1.68156e-44
-3.53127e-43
-1.56945e-43
9.69699e-43
7.32879e-43
-2.56157e-42
-2.89368e-42
6.35629e-42
1.02757e-41
-1.44642e-41
-3.38287e-41
2.84772e-41
1.04388e-40
-4.04415e-41
-3.03324e-40
-5.57437e-42
8.28065e-40
3.47018e-40
-2.10684e-39
-1.8164e-39
4.90562e-39
6.99656e-39
-1.00365e-38
-2.31342e-38
1.60863e-38
6.86215e-38
-1.00165e-38
-1.84883e-37
-6.38448e-38
4.50068e-37
3.91831e-37
-9.64202e-37
-1.50895e-36
1.68335e-36
4.75815e-36
-1.72041e-36
-1.30319e-35
-2.88487e-36
3.12533e-35
2.50898e-35
-6.37971e-35
-1.00017e-34
9.94403e-35
3.07762e-34
-5.87902e-35
-7.94113e-34
-3.49502e-34
1.72142e-33
1.94735e-33
-2.92137e-33
-6.61993e-33
2.664e-33
1.77295e-32
5.60437e-33
-3.87479e-32
-3.99186e-32
6.49871e-32
1.38663e-31
-5.63774e-32
-3.58347e-31
-1.30589e-31
7.12472e-31
8.78187e-31
-9.40121e-31
-3.00751e-30
-2.71743e-32
7.89116e-30
4.60612e-30
-1.67121e-29
-1.46425e-29
2.54047e-29
1.8097e-29
