ordre_1
4.32692e-17
1.58541e-15
2.83449e-14
3.29653e-13
2.80554e-12
1.86389e-11
1.00719e-10
4.5555e-10
1.76199e-09
5.9276e-09
1.75919e-08
4.66346e-08
1.11703e-07
2.44458e-07
4.94258e-07
9.33688e-07
1.66678e-06
2.84311e-06
4.6816e-06
7.50724e-06
1.18032e-05
1.82812e-05
2.79746e-05
4.2361e-05
6.35254e-05
9.43729e-05
0.000138905
0.000202572
0.000292709
0.000419071
0.00059448
0.000835573
0.00116367
0.00160573
0.00219542
0.00297413
0.00399211
0.00530941
0.00699666
0.00913558
0.0118191
0.0151507
0.0192436
0.0242181
0.0301994
0.0373129
0.0456798
0.0554107
0.066599
0.0793132
0.0935899
0.109425
0.126768
0.145516
0.165507
0.18652
0.208278
0.230445
0.252637
0.274431
0.295377
0.315012
0.332877
0.348537
0.361593
0.371705
0.378602
0.382099
0.382099
0.378602
0.371705
0.361593
0.348536
0.332877
0.315012
0.295377
0.274431
0.252637
0.230445
0.208278
0.18652
0.165507
0.145516
0.126768
0.109425
0.0935899
0.0793132
0.066599
0.0554107
0.0456798
0.0373129
0.0301994
0.0242181
0.0192435
0.0151507
0.0118191
0.00913558
0.00699665
0.00530941
0.00399211
0.00297413
