ordre_1
1.4013e-45
2.8026e-45
4.2039e-45
5.60519e-45
7.00649e-45
8.40779e-45
9.80909e-45
1.12104e-44
1.26117e-44
1.4013e-44
1.54143e-44
1.68156e-44
1.82169e-44
1.96182e-44
2.10195e-44
2.24208e-44
2.38221e-44
2.52234e-44
2.66247e-44
2.8026e-44
2.94273e-44
3.08286e-44
3.22299e-44
3.36312e-44
3.50325e-44
3.64338e-44
3.78351e-44
3.92364e-44
4.06377e-44
4.2039e-44
4.34403e-44
4.48416e-44
4.62428e-44
4.76441e-44
4.90454e-44
5.04467e-44
5.1848e-44
5.32493e-44
5.46506e-44
5.60519e-44
5.74532e-44
5.88545e-44
6.02558e-44
6.16571e-44
6.30584e-44
6.44597e-44
6.5861e-44
6.72623e-44
6.86636e-44
7.00649e-44
7.14662e-44
7.28675e-44
7.42688e-44
7.56701e-44
7.70714e-44
7.84727e-44
7.9874e-44
8.12753e-44
8.26766e-44
8.40779e-44
8.54792e-44
8.68805e-44
8.82818e-44
8.96831e-44
9.10844e-44
1.09301e-43
1.97583e-43
6.08164e-43
2.45928e-42
1.0605e-41
4.58183e-41
1.95391e-40
8.19873e-40
3.3831e-39
1.37282e-38
5.47901e-38
2.15107e-37
8.3088e-37
3.15811e-36
1.18138e-35
4.35001e-35
1.57687e-34
5.62822e-34
1.97823e-33
6.84818e-33
2.3352e-32
7.84483e-32
2.59662e-31
8.46944e-31
2.72256e-30
8.62638e-30
2.69439e-29
8.2971e-29
2.51926e-28
7.54314e-28
2.22747e-27
6.48779e-27
1.86404e-26
5.28366e-26
1.47767e-25
4.07785e-25
