ordre_2
4.28056e-16
7.68435e-16
-3.59447e-15
-5.14321e-15
1.53825e-14
2.60514e-14
-4.8593e-14
-1.12233e-13
1.10853e-13
4.15524e-13
-1.09588e-13
-1.29758e-12
-5.25085e-13
3.24572e-12
3.80402e-12
-5.5734e-12
-1.43134e-11
1.57647e-12
3.62985e-11
3.05119e-11
-5.43493e-11
-1.24947e-10
-1.20046e-11
2.58313e-10
3.19718e-10
-1.61455e-10
-8.47268e-10
-7.37099e-10
7.06938e-10
2.3449e-09
1.85837e-09
-1.71753e-09
-5.79493e-09
-5.44339e-09
1.86879e-09
1.20775e-08
1.5784e-08
5.556e-09
-1.61284e-08
-3.55388e-08
-3.55755e-08
-8.05705e-09
3.83847e-08
8.07777e-08
9.34091e-08
6.1325e-08
-1.21367e-08
-1.07235e-07
-1.96803e-07
-2.56614e-07
-2.71878e-07
-2.37502e-07
-1.52828e-07
-1.30716e-08
2.00702e-07
5.32817e-07
1.06711e-06
1.94718e-06
3.40722e-06
5.81907e-06
9.7626e-06
1.61286e-05
2.6265e-05
4.21805e-05
6.68215e-05
0.000104443
0.000161096
0.000245252
0.000368588
0.000546935
0.000801419
0.00115977
0.00165778
0.00234091
0.00326586
0.00450209
0.00613311
0.00825741
0.0109887
0.0144553
0.0187989
0.024171
0.0307293
0.0386315
0.0480281
0.0590536
0.071817
0.0863906
0.102801
0.121015
0.140941
0.162397
0.185179
0.208842
0.233386
0.257136
0.28335
0.299977
0.341323
0.302311
0.492755
