ordre_2
-1.68156e-44
-3.08286e-44
1.48538e-43
1.86373e-43
-7.13261e-43
-8.632e-43
2.86566e-42
3.61255e-42
-1.03878e-41
-1.42246e-41
3.50493e-41
5.37286e-41
-1.1147e-40
-1.96103e-40
3.35283e-40
6.94008e-40
-9.499e-40
-2.38407e-39
2.50239e-39
7.94798e-39
-5.94978e-39
-2.56863e-38
1.18175e-38
8.03166e-38
-1.42148e-38
-2.42258e-37
-2.66062e-38
7.018e-37
2.89887e-37
-1.93968e-36
-1.45918e-36
5.06115e-36
5.88009e-36
-1.2241e-35
-2.0962e-35
2.64573e-35
6.84082e-35
-4.65221e-35
-2.07037e-34
4.26617e-35
5.82504e-34
1.34002e-34
-1.51453e-33
-1.03828e-33
3.57738e-33
4.43377e-33
-7.3728e-33
-1.52759e-32
1.18126e-32
4.58939e-32
-7.21037e-33
-1.22704e-31
-4.65847e-32
2.90043e-31
2.7853e-31
-5.83065e-31
-1.03723e-30
8.74063e-31
3.11954e-30
-3.33394e-31
-7.97774e-30
-4.05778e-30
1.71997e-29
2.08259e-29
-2.88573e-29
-6.95305e-29
2.45133e-29
1.84645e-28
6.53168e-29
-3.98804e-28
-4.31823e-28
6.47641e-28
1.48297e-27
-4.66681e-28
-3.82756e-27
-1.71631e-27
7.65928e-27
9.74204e-27
-1.03409e-26
-3.03967e-26
1.80316e-28
6.96072e-26
5.47676e-26
-1.13792e-25
-2.16328e-25
7.87798e-26
5.53009e-25
2.82775e-25
-1.00121e-24
-1.45178e-24
9.63993e-25
3.90887e-24
1.48483e-24
-6.96279e-24
-1.0583e-23
6.17558e-24
3.25541e-23
7.76398e-24
-6.78881e-23
-3.4069e-23
7.14771e-23
