ordre_1
9.16262e-39
9.95432e-37
5.35939e-35
1.90654e-33
5.04109e-32
1.05671e-30
1.82912e-29
2.689e-28
3.42714e-27
3.84662e-26
3.8495e-25
3.46933e-24
2.83914e-23
2.12437e-22
1.46196e-21
9.30039e-21
5.49348e-20
3.02454e-19
1.55749e-18
7.52459e-18
3.42e-17
1.46602e-16
5.94034e-16
2.28005e-15
8.30566e-15
2.87655e-14
9.4877e-14
2.98483e-13
8.9699e-13
2.57857e-12
7.10036e-12
1.87526e-11
4.7564e-11
1.16006e-10
2.72405e-10
6.16641e-10
1.34737e-09
2.84545e-09
5.81581e-09
1.15205e-08
2.21496e-08
4.13953e-08
7.53197e-08
1.33642e-07
2.31624e-07
3.92794e-07
6.52871e-07
1.06537e-06
1.70956e-06
2.70175e-06
4.21108e-06
6.48144e-06
9.86166e-06
1.48464e-05
2.21313e-05
3.26854e-05
4.78465e-05
6.94434e-05
9.99524e-05
0.000142693
0.00020207
0.000283868
0.000395609
0.000546966
0.000750248
0.00102095
0.00137835
0.00184618
0.00245328
0.00323431
0.00423037
0.00548955
0.00706738
0.00902701
0.0114392
0.0143817
0.0179387
0.0221993
0.0272555
0.0331999
0.0401225
0.0481069
0.0572264
0.0675391
0.0790833
0.0918723
0.10589
0.121087
0.137377
0.154632
0.172687
0.191334
0.210329
0.229392
0.248217
0.266477
0.283832
0.299942
0.314476
0.327124
0.337608
