ordre_1
1.4013e-45
2.8026e-45
4.2039e-45
5.60519e-45
7.00649e-45
8.40779e-45
9.80909e-45
1.12104e-44
1.26117e-44
5.32493e-44
7.07656e-43
1.04957e-41
1.43307e-40
1.79669e-39
2.07935e-38
2.23271e-37
2.23412e-36
2.09141e-35
1.83791e-34
1.52087e-33
1.18833e-32
8.78881e-32
6.16667e-31
4.11325e-30
2.61302e-29
1.58369e-28
9.1717e-28
5.08295e-27
2.69932e-26
1.37534e-25
6.7312e-25
3.16792e-24
1.43516e-23
6.26454e-23
2.63713e-22
1.07152e-21
4.20573e-21
1.59584e-20
5.85814e-20
2.08185e-19
7.16713e-19
2.39177e-18
7.74169e-18
2.43189e-17
7.41799e-17
2.19835e-16
6.33288e-16
1.77428e-15
4.83695e-15
1.28369e-14
3.31816e-14
8.35765e-14
2.05221e-13
4.91488e-13
1.14857e-12
2.62032e-12
5.83861e-12
1.27124e-11
2.70591e-11
5.63361e-11
1.14779e-10
2.28963e-10
4.47435e-10
8.57028e-10
1.60993e-09
2.96775e-09
5.37177e-09
9.55332e-09
1.67041e-08
2.87349e-08
4.8665e-08
8.11973e-08
1.33564e-07
2.16751e-07
3.47262e-07
5.49626e-07
8.59948e-07
1.33088e-06
2.03851e-06
3.09191e-06
4.64608e-06
6.91949e-06
1.02177e-05
1.49642e-05
2.1742e-05
3.13458e-05
4.48509e-05
6.36997e-05
8.98096e-05
0.000125709
0.000174699
0.000241057
0.000330269
0.000449307
0.000606954
0.00081416
0.00108445
0.00143436
0.00188389
0.00245701
0.00318208
