ordre_2
3.6698e-15
-7.95596e-15
-3.32019e-14
3.68112e-14
1.64337e-13
-9.05881e-14
-6.49443e-13
8.53755e-15
2.13681e-12
1.20972e-12
-5.64201e-12
-7.33677e-12
1.03298e-11
2.78295e-11
-3.83667e-12
-7.38368e-11
-5.89025e-11
1.19416e-10
2.58691e-10
4.03451e-12
-5.67299e-10
-6.61423e-10
4.02727e-10
1.85407e-09
1.56386e-09
-1.55829e-09
-5.10326e-09
-4.24727e-09
3.16578e-09
1.22408e-08
1.31117e-08
-3.39673e-10
-2.23168e-08
-3.59998e-08
-2.49097e-08
1.32311e-08
6.11513e-08
9.00528e-08
7.58857e-08
1.31487e-08
-8.19887e-08
-1.79741e-07
-2.49707e-07
-2.70964e-07
-2.34544e-07
-1.38223e-07
2.3537e-08
2.7158e-07
6.54972e-07
1.26629e-06
2.26277e-06
3.89825e-06
6.57177e-06
1.08999e-05
1.78218e-05
2.87478e-05
4.57652e-05
7.19182e-05
0.000111579
0.000170935
0.000258606
0.000386422
0.00057037
0.000831713
0.00119828
0.00170592
0.00240001
0.00333707
0.00458625
0.00623056
0.0083678
0.0111108
0.0145868
0.0189361
0.0243091
0.0308622
0.0387517
0.0481271
0.0591225
0.0718463
0.0863715
0.102725
0.120878
0.140735
0.162132
0.184828
0.208506
0.232778
0.257193
0.281247
0.304405
0.326105
0.345822
0.362968
0.377305
0.38768
0.396298
0.394752
0.409575
0.355345
0.50393
