ordre_2
-1.4013e-45
-2.8026e-45
-2.8026e-45
-1.4013e-45
0
1.4013e-45
1.4013e-45
0
-1.4013e-45
-2.8026e-45
-2.8026e-45
-1.4013e-45
0
1.4013e-45
1.4013e-45
2.8026e-45
1.4013e-45
0
-1.4013e-45
-2.8026e-45
-4.2039e-45
-5.60519e-45
-5.60519e-45
-4.2039e-45
-2.8026e-45
-1.4013e-45
-8.40779e-45
-1.54143e-44
-7.00649e-45
2.10195e-44
4.2039e-45
-6.72623e-44
-3.64338e-44
1.86373e-43
1.59748e-43
-4.77843e-43
-6.01157e-43
1.16028e-42
2.07813e-42
-2.56998e-42
-6.71642e-42
4.78684e-42
2.03791e-41
-5.74532e-42
-5.83431e-41
-6.66738e-42
1.5693e-40
8.09432e-41
-3.92851e-40
-3.82138e-40
8.96164e-40
1.41163e-39
-1.77604e-39
-4.55241e-39
2.64513e-39
1.3257e-38
-7.45299e-40
-3.51516e-38
-1.50828e-38
8.41864e-38
8.12269e-38
-1.76664e-37
-3.00362e-37
2.97176e-37
9.26484e-37
-2.60916e-37
-2.49812e-36
-7.17148e-37
5.90869e-36
5.15297e-36
-1.18677e-35
-1.97816e-35
1.79428e-35
5.98094e-35
-8.39314e-36
-1.52592e-34
-7.3475e-35
3.27635e-34
3.86573e-34
-5.49164e-34
-1.29527e-33
4.79676e-34
3.45305e-33
1.14259e-33
-7.54735e-33
-7.76668e-33
1.26864e-32
2.67085e-32
-1.08972e-32
-6.8854e-32
-2.72615e-32
1.38307e-31
1.82817e-31
-1.95647e-31
-6.33547e-31
8.65916e-32
1.65956e-30
4.70594e-31
-3.30872e-30
-1.37527e-30
3.45393e-30
