ordre_2
-2.30839e-36
-1.25228e-35
2.00395e-35
7.52192e-35
-9.29353e-35
-3.38474e-34
3.45651e-34
1.34876e-33
-1.11162e-33
-5.0027e-33
3.1113e-33
1.76157e-32
-7.20752e-33
-5.93666e-32
1.09118e-32
1.91945e-31
1.0955e-32
-5.94708e-31
-1.89983e-31
1.75844e-30
1.08109e-30
-4.92385e-30
-4.75081e-30
1.28831e-29
1.82122e-29
-3.07225e-29
-6.33987e-29
6.32172e-29
2.03555e-28
-9.4577e-29
-6.05266e-28
9.06836e-31
1.65983e-27
7.52231e-28
-4.13947e-27
-4.00622e-27
9.08727e-27
1.52112e-26
-1.61232e-26
-4.83904e-26
1.58827e-26
1.34102e-25
3.47252e-26
-3.23241e-25
-2.7829e-25
6.5093e-25
1.09772e-24
-9.44238e-25
-3.32855e-24
1.84573e-25
8.30495e-24
5.10432e-24
-1.67185e-23
-2.39062e-23
2.33903e-23
7.38746e-23
-2.02076e-24
-1.76215e-22
-1.27047e-22
3.15831e-22
5.38856e-22
-3.10047e-22
-1.48601e-21
-4.83383e-22
2.99083e-21
3.56156e-21
-3.76322e-21
-1.11669e-20
-1.1799e-21
2.37393e-20
2.3451e-20
-3.12454e-20
-7.92842e-20
-4.29583e-21
1.67278e-19
1.64911e-19
-2.02308e-19
-5.43059e-19
-9.43675e-20
1.05071e-18
1.22933e-18
-9.67338e-19
-3.51582e-18
-1.56729e-18
5.60569e-18
8.97881e-18
-2.01376e-18
-2.01992e-17
-1.747e-17
2.15404e-17
5.84126e-17
2.0601e-17
-9.28488e-17
-1.38786e-16
1.86761e-17
2.79794e-16
3.35412e-16
-2.09558e-16
-1.01854e-15
-2.26705e-16
1.19142e-15
