ordre_2
6.92301e-38
-9.25844e-39
-6.1791e-37
2.16365e-38
3.03634e-36
1.48236e-37
-1.24019e-35
-1.89473e-36
4.59321e-35
1.29099e-35
-1.5919e-34
-6.94436e-35
5.23089e-34
3.25519e-34
-1.63703e-33
-1.38626e-33
4.8748e-33
5.47907e-33
-1.37305e-32
-2.03381e-32
3.61137e-32
7.13643e-32
-8.6415e-32
-2.37416e-31
1.7702e-31
7.48992e-31
-2.5237e-31
-2.23495e-30
-1.06762e-31
6.27011e-30
2.76128e-30
-1.6352e-29
-1.44494e-29
3.87908e-29
5.65466e-29
-7.98539e-29
-1.89631e-28
1.24357e-28
5.6635e-28
-4.82061e-29
-1.51807e-27
-6.63039e-28
3.60579e-27
3.67552e-27
-7.26153e-27
-1.35271e-26
1.07256e-26
4.06072e-26
-2.76743e-27
-1.03578e-25
-5.73219e-26
2.20982e-25
2.83402e-25
-3.57919e-25
-9.30067e-25
2.43166e-25
2.41607e-24
1.09524e-24
-5.01051e-24
-6.19933e-24
7.36473e-24
2.00478e-23
-2.27726e-24
-4.85145e-23
-3.20123e-23
8.71444e-23
1.42386e-22
-8.54653e-23
-3.93276e-22
-1.28956e-22
7.79134e-22
9.43804e-22
-9.35794e-22
-2.90036e-21
-4.56848e-22
5.97354e-21
6.31619e-21
-7.31802e-21
-2.03372e-20
-2.93024e-21
4.08933e-20
4.46649e-20
-4.44934e-20
-1.37053e-19
-3.89523e-20
2.48547e-19
3.26205e-19
-1.88488e-19
-8.64366e-19
-4.94307e-19
1.27566e-18
2.30609e-18
-2.20923e-19
-4.69231e-18
-4.6675e-18
3.71974e-18
1.5097e-17
8.6805e-18
-2.79835e-17
-3.13712e-17
2.61849e-17
