ordre_2
5.73416e-31
-1.25132e-30
-5.16708e-30
7.00941e-30
2.58536e-29
-2.78886e-29
-1.08246e-28
9.18497e-29
4.12748e-28
-2.54629e-28
-1.47547e-27
5.51972e-28
4.99793e-27
-5.82491e-28
-1.60796e-26
-2.58432e-27
4.89952e-26
2.29301e-26
-1.40316e-25
-1.1592e-25
3.72292e-25
4.76079e-25
-8.90113e-25
-1.71856e-24
1.80042e-24
5.5996e-24
-2.48795e-24
-1.65799e-23
-1.16055e-24
4.43259e-23
2.57291e-23
-1.04584e-22
-1.24494e-22
2.05175e-22
4.40881e-22
-2.72156e-22
-1.29309e-21
-1.01251e-22
3.20184e-21
2.3115e-21
-6.45006e-21
-1.00413e-20
8.94158e-21
3.07161e-20
2.9042e-22
-7.35705e-20
-5.52449e-20
1.32556e-19
2.31919e-19
-1.28185e-19
-6.40297e-19
-2.23154e-19
1.28212e-18
1.58041e-18
-1.55225e-18
-4.88616e-18
-8.24416e-19
1.00833e-17
1.09179e-17
-1.20266e-17
-3.4865e-17
-6.91109e-18
6.80681e-17
8.05571e-17
-6.49034e-17
-2.33582e-16
-9.94659e-17
3.82794e-16
5.99217e-16
-1.58036e-16
-1.38434e-15
-1.15875e-15
1.52523e-15
3.97425e-15
1.36852e-15
-6.28857e-15
-9.76827e-15
1.07043e-15
2.00718e-14
2.13095e-14
-1.31552e-14
-5.5921e-14
-4.23376e-14
5.31313e-14
1.43454e-13
7.9107e-14
-1.64039e-13
-3.50149e-13
-1.47503e-13
4.40021e-13
8.29316e-13
3.03958e-13
-1.06182e-12
-1.95557e-12
-7.07571e-13
2.35355e-12
4.26535e-12
2.6151e-12
-4.98056e-12
-1.1976e-11
8.77737e-13
