ordre_1
1.4013e-45
2.8026e-45
4.2039e-45
6.72623e-44
2.33596e-42
6.57377e-41
1.53165e-39
3.03781e-38
5.23535e-37
7.96414e-36
1.08272e-34
1.32871e-33
1.48411e-32
1.51926e-31
1.43382e-30
1.25388e-29
1.02055e-28
7.76098e-28
5.5334e-27
3.71014e-26
2.34585e-25
1.40216e-24
7.94059e-24
4.26928e-23
2.1833e-22
1.06383e-21
4.94672e-21
2.19829e-20
9.34899e-20
3.80983e-19
1.48943e-18
5.59232e-18
2.0187e-17
7.01279e-17
2.34667e-16
7.5708e-16
2.35683e-15
7.0854e-15
2.05868e-14
5.78537e-14
1.57365e-13
4.14605e-13
1.0588e-12
2.62269e-12
6.30573e-12
1.47258e-11
3.34253e-11
7.37958e-11
1.58583e-10
3.31947e-10
6.77315e-10
1.34821e-09
2.62011e-09
4.97548e-09
9.24011e-09
1.67971e-08
2.99165e-08
5.22537e-08
8.95939e-08
1.50948e-07
2.50148e-07
4.08154e-07
6.56343e-07
1.04119e-06
1.63087e-06
2.52441e-06
3.86446e-06
5.85475e-06
8.78376e-06
1.30566e-05
1.92376e-05
2.81054e-05
4.0726e-05
5.85454e-05
8.35072e-05
0.0001182
0.00016604
0.000231493
0.000320339
0.000439989
0.000599852
0.000811748
0.00109038
0.00145384
0.00192415
0.00252782
0.0032964
0.004267
0.00548269
0.00699284
0.00885328
0.0111262
0.0138797
0.0171872
0.0211263
0.0257772
0.0312206
0.0375356
0.0447961
0.053068
0.0624054
