ordre_2
-1.4013e-45
-2.8026e-45
-2.8026e-45
-1.4013e-45
0
1.4013e-45
1.4013e-45
0
-1.4013e-45
-2.8026e-45
-2.8026e-45
-1.4013e-45
0
1.4013e-45
1.4013e-45
2.8026e-45
1.4013e-45
0
-1.4013e-45
-2.8026e-45
-4.2039e-45
-5.60519e-45
-5.60519e-45
-4.2039e-45
-2.8026e-45
-1.4013e-45
-1.4013e-45
-0
-0
-1.4013e-45
-2.8026e-45
-4.2039e-45
-5.60519e-45
-7.00649e-45
-7.00649e-45
-5.60519e-45
-4.2039e-45
-2.8026e-45
-2.8026e-45
-9.80909e-45
-1.68156e-44
-9.80909e-45
1.26117e-44
2.8026e-45
-4.90454e-44
-3.36312e-44
1.20512e-43
1.34525e-43
-2.84464e-43
-4.86251e-43
5.68927e-43
1.53722e-42
-9.08041e-43
-4.52059e-42
5.05869e-43
1.22922e-41
4.04975e-42
-3.08202e-41
-2.46979e-41
6.98996e-41
9.76509e-41
-1.36684e-40
-3.20886e-40
1.98633e-40
9.30929e-40
-4.48037e-41
-2.42206e-39
-1.13842e-39
5.60573e-39
5.88415e-39
-1.10995e-38
-2.09692e-38
1.64986e-38
6.20318e-38
-6.36578e-39
-1.58842e-37
-7.62878e-38
3.50174e-37
3.98085e-37
-6.27104e-37
-1.36712e-36
7.08711e-37
3.80463e-36
6.11057e-37
-8.89266e-36
-6.98719e-36
1.68463e-35
2.7288e-35
-2.12116e-35
-7.87343e-35
-8.52056e-36
1.85432e-34
1.68734e-34
-3.59801e-34
-6.95001e-34
5.53409e-34
1.9974e-33
-6.08736e-34
-4.21922e-33
3.7743e-34
4.53396e-33
