ordre_1
2.29065e-39
2.53439e-37
1.38985e-35
5.0368e-34
1.35694e-32
2.8986e-31
5.11376e-30
7.66348e-29
9.95809e-28
1.13974e-26
1.16327e-25
1.06942e-24
8.92874e-24
6.81722e-23
4.78805e-22
3.10918e-21
1.87494e-20
1.05406e-19
5.54334e-19
2.73551e-18
1.27017e-17
5.56316e-17
2.30359e-16
9.0368e-16
3.36495e-15
1.19142e-14
4.01784e-14
1.29251e-13
3.97208e-13
1.16776e-12
3.28862e-12
8.88296e-12
2.30424e-11
5.74717e-11
1.37995e-10
3.19364e-10
7.13264e-10
1.53921e-09
3.21352e-09
6.49939e-09
1.27516e-08
2.43038e-08
4.5065e-08
8.14193e-08
1.43557e-07
2.47421e-07
4.17521e-07
6.90976e-07
1.12329e-06
1.79656e-06
2.83104e-06
4.40134e-06
6.7589e-06
1.02628e-05
1.54215e-05
2.29486e-05
3.38372e-05
4.94554e-05
7.16714e-05
0.00010301
0.000146852
0.000207675
0.000291354
0.000405513
0.000559947
0.000767102
0.00104262
0.00140596
0.001881
0.00249676
0.00328807
0.00429615
0.00556921
0.00716283
0.00914014
0.0115718
0.0145353
0.0181146
0.0223982
0.0274775
0.0334444
0.0403879
0.0483907
0.0575247
0.067847
0.0793945
0.0921796
0.106185
0.12136
0.137618
0.154832
0.172835
0.191421
0.210346
0.229333
0.248076
0.266251
0.28352
0.299548
0.314005
0.326583
