ordre_1
2.01488e-26
1.36287e-24
4.54544e-23
9.9654e-22
1.61552e-20
2.06542e-19
2.16905e-18
1.92437e-17
1.47227e-16
9.86694e-16
5.86475e-15
3.12284e-14
1.50209e-13
6.57268e-13
2.63217e-12
9.69849e-12
3.30332e-11
1.04447e-10
3.07772e-10
8.48264e-10
2.19437e-09
5.34599e-09
1.23065e-08
2.68591e-08
5.57683e-08
1.10552e-07
2.10002e-07
3.83727e-07
6.77116e-07
1.15842e-06
1.92899e-06
3.1381e-06
5.00444e-06
7.84672e-06
1.21265e-05
1.85071e-05
2.79328e-05
4.17342e-05
6.17664e-05
9.0587e-05
0.000131684
0.00018976
0.000271088
0.00038394
0.000539101
0.000750471
0.00103576
0.00141723
0.00192258
0.00258576
0.0034479
0.00455811
0.00597417
0.00776309
0.0100013
0.0127745
0.0161769
0.0203102
0.0252812
0.0311997
0.0381743
0.0463083
0.0556949
0.0664112
0.078512
0.092024
0.106939
0.123209
0.14074
0.159391
0.178971
0.199239
0.219905
0.240641
0.261082
0.280838
0.299507
0.316688
0.331994
0.345064
0.355585
0.363296
0.368002
0.369585
0.368002
0.363296
0.355585
0.345064
0.331993
0.316688
0.299507
0.280838
0.261082
0.240641
0.219905
0.199239
0.178971
0.159391
0.14074
0.123209
0.106939
