ordre_2
-2.10195e-44
-1.6227e-42
1.30321e-43
9.62272e-42
-8.54792e-44
-4.24888e-41
-3.00438e-42
1.65244e-40
2.79797e-41
-5.95798e-40
-1.72295e-40
2.03438e-39
8.79309e-40
-6.6416e-39
-3.99604e-39
2.08055e-38
1.67125e-38
-6.2517e-38
-6.54777e-38
1.79499e-37
2.42808e-37
-4.88418e-37
-8.57373e-37
1.23995e-36
2.89211e-36
-2.84573e-36
-9.32985e-36
5.46084e-36
2.87606e-35
-6.38079e-36
-8.44766e-35
-1.10252e-35
2.35096e-34
1.17006e-34
-6.13751e-34
-5.6241e-34
1.47587e-33
2.14729e-33
-3.14872e-33
-7.19083e-33
5.40237e-33
2.18009e-32
-4.57234e-33
-6.03471e-32
-1.65027e-32
1.51613e-31
1.18368e-31
-3.3756e-31
-4.81973e-31
6.24025e-31
1.57749e-30
-7.49608e-31
-4.45164e-30
-5.87191e-31
1.0958e-29
7.83634e-30
-2.29334e-29
-3.33394e-29
3.68871e-29
1.05474e-28
-2.50647e-29
-2.75325e-28
-1.16094e-28
5.95362e-28
6.76433e-28
-9.84543e-28
-2.29836e-27
7.73628e-28
6.02498e-27
2.4267e-27
-1.25153e-26
-1.47987e-26
1.849e-26
4.83131e-26
-6.66935e-27
-1.16983e-25
-7.4676e-26
2.10603e-25
3.36641e-25
-2.12037e-25
-9.34117e-25
-2.79647e-25
1.8698e-24
2.178e-24
-2.33541e-24
-6.83068e-24
-6.97262e-25
1.45443e-23
1.41466e-23
-1.96422e-23
-4.73858e-23
8.32998e-26
9.83557e-23
9.59148e-23
-1.13956e-22
-3.50862e-22
-6.10567e-23
8.22523e-22
5.87884e-22
-1.28012e-21
-8.61855e-22
