ordre_1
2.45957e-30
1.98341e-28
7.90325e-27
2.0746e-25
4.03563e-24
6.20471e-23
7.8534e-22
8.41619e-21
7.795e-20
6.33822e-19
4.58074e-18
2.97209e-17
1.74555e-16
9.34461e-16
4.58692e-15
2.07509e-14
8.69083e-14
3.38313e-13
1.22845e-12
4.17432e-12
1.33133e-11
3.99628e-11
1.13193e-10
3.03285e-10
7.70521e-10
1.86054e-09
4.27984e-09
9.40098e-09
1.97662e-08
3.98799e-08
7.74082e-08
1.4494e-07
2.62522e-07
4.61279e-07
7.88578e-07
1.31542e-06
2.14706e-06
3.43817e-06
5.41446e-06
8.40295e-06
1.2874e-05
1.94983e-05
2.92239e-05
4.33776e-05
6.37968e-05
9.30005e-05
0.000134405
0.000192593
0.000273648
0.000385554
0.000538678
0.000746327
0.00102538
0.00139702
0.00188748
0.00252883
0.00335986
0.00442676
0.0057838
0.00749385
0.00962858
0.0122683
0.0155015
0.0194235
0.0241352
0.0297399
0.0363411
0.0440378
0.0529203
0.063065
0.0745289
0.0873438
0.10151
0.116993
0.133715
0.151556
0.170349
0.189879
0.209888
0.230077
0.25011
0.269626
0.288249
0.305595
0.321292
0.334986
0.346361
0.355145
0.361124
0.364151
0.364151
0.361124
0.355145
0.346361
0.334986
0.321292
0.305595
0.288248
0.269626
0.25011
0.230077
