ordre_2
-1.4013e-45
-2.8026e-45
-2.8026e-45
-1.4013e-45
0
1.4013e-45
1.4013e-45
0
-1.4013e-45
-2.8026e-45
-2.8026e-45
-1.4013e-45
0
-2.8026e-45
-1.12104e-44
-4.2039e-45
1.96182e-44
1.4013e-44
-6.30584e-44
-6.16571e-44
1.70958e-43
2.10195e-43
-4.94658e-43
-7.60905e-43
1.30321e-42
2.5882e-42
-3.2412e-42
-8.51569e-42
7.27694e-42
2.69526e-41
-1.35478e-41
-8.21161e-41
1.42764e-41
2.40055e-40
3.58859e-41
-6.70283e-40
-3.2702e-40
1.7736e-39
1.54327e-39
-4.38727e-39
-5.91062e-39
9.88591e-39
2.00975e-38
-1.91313e-38
-6.25735e-38
2.61547e-38
1.80325e-37
6.95689e-39
-4.80889e-37
-2.33068e-37
1.1743e-36
1.16106e-36
-2.55489e-36
-4.27776e-36
4.61157e-36
1.34494e-35
-5.22277e-36
-3.75079e-35
-6.00428e-36
9.32518e-35
6.53073e-35
-2.02426e-34
-2.77616e-34
3.57337e-34
9.03116e-34
-3.7881e-34
-2.48259e-33
-5.21658e-34
5.85945e-33
4.84626e-33
-1.14837e-32
-1.90635e-32
1.61313e-32
5.6837e-32
-2.58387e-33
-1.39481e-31
-8.57963e-32
2.78307e-31
3.93476e-31
-3.95372e-31
-1.20969e-30
8.90865e-32
2.92701e-30
1.89056e-30
-5.54284e-30
-8.46409e-30
6.84453e-30
2.45552e-29
2.20802e-30
-5.36194e-29
-4.63048e-29
8.15526e-29
1.77292e-28
-3.3091e-29
-4.78031e-28
-2.99149e-28
1.02978e-27
1.23019e-27
-1.75376e-27
-2.47334e-27
1.66699e-27
