ordre_1
1.4013e-45
2.8026e-45
4.2039e-45
5.60519e-45
7.00649e-45
8.40779e-45
9.80909e-45
1.12104e-44
1.26117e-44
1.4013e-44
1.54143e-44
1.68156e-44
1.82169e-44
1.96182e-44
2.10195e-44
2.24208e-44
2.38221e-44
2.52234e-44
2.66247e-44
2.8026e-44
2.94273e-44
3.08286e-44
3.22299e-44
3.36312e-44
3.50325e-44
3.64338e-44
3.78351e-44
3.92364e-44
4.06377e-44
4.2039e-44
4.34403e-44
4.48416e-44
4.62428e-44
4.76441e-44
4.90454e-44
5.04467e-44
5.1848e-44
5.32493e-44
5.46506e-44
5.60519e-44
5.74532e-44
5.88545e-44
6.02558e-44
6.16571e-44
6.30584e-44
6.44597e-44
6.5861e-44
6.72623e-44
6.86636e-44
7.00649e-44
7.14662e-44
7.28675e-44
7.42688e-44
7.84727e-44
1.02295e-43
2.38221e-43
9.1785e-43
4.27676e-42
2.04716e-41
9.68998e-41
4.50325e-40
2.05217e-39
9.17011e-39
4.01874e-38
1.72767e-37
7.28764e-37
3.01696e-36
1.22604e-35
4.89198e-35
1.91691e-34
7.3781e-34
2.78996e-33
1.03668e-32
3.78587e-32
1.35906e-31
4.79673e-31
1.66477e-30
5.68255e-30
1.90801e-29
6.30284e-29
2.0487e-28
6.55347e-28
2.06339e-27
6.39546e-27
1.95166e-26
5.86461e-26
1.73554e-25
5.05885e-25
1.4526e-24
4.10935e-24
1.14549e-23
3.14665e-23
8.5193e-23
2.27357e-22
5.98156e-22
1.55158e-21
3.96858e-21
1.00104e-20
2.49041e-20
6.11144e-20
1.47951e-19
