ordre_1
5.72664e-40
6.45051e-38
3.60192e-36
1.32933e-34
3.64766e-33
7.93755e-32
1.42676e-30
2.1788e-29
2.88548e-28
3.3664e-27
3.50294e-26
3.28369e-25
2.79598e-24
2.17748e-23
1.5602e-22
1.03374e-21
6.36164e-21
3.65035e-20
1.95974e-19
9.87395e-19
4.68175e-18
2.09426e-17
8.85811e-17
3.55008e-16
1.35067e-15
4.88695e-15
1.6843e-14
5.53804e-14
1.73972e-13
5.22856e-13
1.50534e-12
4.15699e-12
1.10242e-11
2.81098e-11
6.89953e-11
1.63207e-10
3.72497e-10
8.21275e-10
1.7513e-09
3.61641e-09
7.24098e-09
1.40766e-08
2.6606e-08
4.89633e-08
8.78652e-08
1.53989e-07
2.6398e-07
4.4336e-07
7.30691e-07
1.18353e-06
1.88686e-06
2.96499e-06
4.59815e-06
7.04549e-06
1.06765e-05
1.60136e-05
2.3789e-05
3.50196e-05
5.11049e-05
7.39521e-05
0.000106136
0.000151097
0.000213389
0.000298974
0.000415582
0.000573127
0.000784194
0.00106458
0.00143388
0.00191618
0.00254065
0.00334226
0.00436239
0.00564935
0.00725875
0.00925372
0.0117047
0.0146892
0.0182907
0.0225971
0.0276994
0.0336886
0.0406527
0.0486735
0.0578218
0.0681533
0.0797039
0.0924847
0.106478
0.121631
0.137857
0.15503
0.172981
0.191506
0.210362
0.229272
0.247934
0.266024
0.28321
0.299155
0.313535
