ordre_2
-5.40316e-22
6.92174e-23
4.77388e-21
1.66817e-22
-2.29191e-20
-4.77963e-21
8.97314e-20
3.88585e-20
-3.09588e-19
-2.231e-19
9.57399e-19
1.05044e-18
-2.62382e-18
-4.27837e-18
6.08863e-18
1.53921e-17
-1.03209e-17
-4.90899e-17
3.0002e-18
1.3721e-16
7.13007e-17
-3.24609e-16
-3.92411e-16
5.89296e-16
1.40753e-15
-5.06996e-16
-3.89011e-15
-1.66049e-15
8.20708e-15
1.05287e-14
-1.091e-14
-3.39263e-14
-3.97801e-15
7.43155e-14
7.65542e-14
-9.52529e-14
-2.60285e-13
-4.51698e-14
5.18142e-13
6.23834e-13
-4.47455e-13
-1.77817e-12
-9.97162e-13
2.53455e-12
4.85847e-12
4.88915e-13
-9.02657e-12
-1.16336e-11
3.43425e-12
2.64133e-11
2.63377e-11
-1.60727e-11
-6.92279e-11
-6.07179e-11
4.48355e-11
1.68454e-10
1.49621e-10
-8.81097e-11
-3.81315e-10
-3.88811e-10
8.68321e-11
7.75232e-10
9.95638e-10
2.15031e-10
-1.284e-09
-2.29942e-09
-1.51648e-09
1.22628e-09
4.27517e-09
4.94369e-09
1.5134e-09
-4.91586e-09
-1.03303e-08
-1.00138e-08
-1.92231e-09
1.10334e-08
2.16495e-08
2.21192e-08
8.82382e-09
-1.46142e-08
-3.80107e-08
-4.89959e-08
-3.89239e-08
-7.47405e-09
3.65291e-08
7.78961e-08
1.01187e-07
9.51755e-08
5.86312e-08
-4.1723e-09
-7.68157e-08
-1.52876e-07
-2.05384e-07
-2.53899e-07
-2.46387e-07
-2.72795e-07
-1.84128e-07
-2.44934e-07
-2.37774e-08
-2.05957e-07
3.01654e-07
