ordre_1
2.11276e-20
1.00653e-18
2.35177e-17
3.59269e-16
4.03641e-15
3.55717e-14
2.56128e-13
1.54987e-12
8.04675e-12
3.6422e-11
1.45571e-10
5.19213e-10
1.66766e-09
4.86222e-09
1.29627e-08
3.18186e-08
7.23948e-08
1.53707e-07
3.06629e-07
5.78803e-07
1.04131e-06
1.79845e-06
3.00284e-06
4.8784e-06
7.75443e-06
1.2114e-05
1.86604e-05
2.84064e-05
4.27922e-05
6.38412e-05
9.4362e-05
0.000138207
0.000200603
0.000288556
0.000411353
0.000581154
0.000813697
0.00112909
0.00155271
0.00211616
0.00285826
0.00382607
0.00507577
0.00667343
0.0086955
0.011229
0.0143709
0.0182275
0.0229125
0.0285442
0.0352424
0.0431234
0.0522954
0.0628516
0.0748638
0.0883751
0.103393
0.119883
0.137761
0.156891
0.177082
0.198088
0.219606
0.241288
0.262743
0.283552
0.303277
0.321479
0.337731
0.351637
0.362847
0.371073
0.376098
0.377787
0.376098
0.371073
0.362847
0.351637
0.337731
0.321479
0.303277
0.283552
0.262743
0.241288
0.219606
0.198088
0.177082
0.156891
0.137761
0.119883
0.103393
0.0883751
0.0748638
0.0628516
0.0522954
0.0431234
0.0352424
0.0285442
0.0229125
0.0182275
0.0143709
