ordre_2
-1.4013e-45
-2.8026e-45
-2.8026e-45
-1.4013e-45
0
1.4013e-45
1.4013e-45
0
-1.4013e-45
-2.8026e-45
-2.8026e-45
-1.4013e-45
0
1.4013e-45
1.4013e-45
2.8026e-45
1.4013e-45
0
-1.4013e-45
-2.8026e-45
-4.2039e-45
-5.60519e-45
-5.60519e-45
-4.2039e-45
-2.8026e-45
-1.4013e-45
-1.4013e-45
-0
-0
-1.4013e-45
-2.8026e-45
-4.2039e-45
-5.60519e-45
-7.00649e-45
-7.00649e-45
-5.60519e-45
-4.2039e-45
-2.8026e-45
-1.4013e-45
-1.4013e-45
-2.8026e-45
-4.2039e-45
-5.60519e-45
-7.00649e-45
-7.00649e-45
-8.40779e-45
-9.80909e-45
-1.12104e-44
-1.26117e-44
-1.4013e-44
-1.4013e-44
-1.4013e-44
-1.26117e-44
-1.12104e-44
-9.80909e-45
-8.40779e-45
-8.40779e-45
-7.00649e-45
-5.60519e-45
-4.2039e-45
-2.8026e-45
-2.8026e-45
-4.2039e-45
-5.60519e-45
-7.00649e-45
-8.40779e-45
-7.00649e-45
0
7.00649e-45
-4.2039e-45
-2.66247e-44
-1.96182e-44
3.22299e-44
2.52234e-44
-1.16308e-43
-1.73761e-43
1.65353e-43
5.00264e-43
-1.80768e-43
-1.39009e-42
-2.95674e-43
3.3463e-42
2.53075e-42
-6.98127e-42
-1.00964e-41
1.13659e-41
3.11312e-41
-8.48907e-42
-8.15247e-41
-3.435e-41
1.84345e-40
2.18321e-40
-3.55096e-40
-8.02868e-40
5.53915e-40
2.3151e-39
-6.13522e-40
-5.37313e-39
2.91823e-40
8.7352e-39
1.54081e-40
