ordre_2
-5.4344e-29
-3.9694e-27
2.33447e-28
2.3347e-26
1.28822e-27
-1.01331e-25
-1.98176e-26
3.82915e-25
1.42913e-25
-1.32011e-24
-7.84442e-25
4.21333e-24
3.66669e-24
-1.24443e-23
-1.52685e-23
3.35709e-23
5.78555e-23
-8.00202e-23
-2.01392e-22
1.54296e-22
6.45219e-22
-1.61668e-22
-1.89313e-21
-4.34878e-22
5.01622e-21
3.71584e-21
-1.16345e-20
-1.62288e-20
2.18397e-20
5.51981e-20
-2.42376e-20
-1.57201e-19
-3.63584e-20
3.75132e-19
3.38746e-19
-7.05399e-19
-1.32537e-18
7.87063e-19
3.78958e-18
9.17785e-19
-8.35324e-18
-8.64512e-18
1.27849e-17
3.04568e-17
-4.49042e-18
-7.35862e-17
-5.26438e-17
1.2022e-16
2.24251e-16
-6.49363e-17
-5.53475e-16
-3.73556e-16
8.46564e-16
1.61773e-15
-2.27229e-16
-3.65167e-15
-3.19731e-15
4.3499e-15
1.11211e-14
2.7502e-15
-1.97279e-14
-2.68518e-14
1.02074e-14
6.47582e-14
5.2504e-14
-6.72723e-14
-1.79502e-13
-7.91452e-14
2.50545e-13
4.49062e-13
6.89249e-14
-7.56377e-13
-1.06063e-12
7.17898e-14
2.03012e-12
2.45497e-12
-4.96875e-13
-5.03299e-12
-5.72854e-12
1.25792e-12
1.16877e-11
1.3628e-11
-1.48689e-12
-2.53003e-11
-3.26798e-11
-3.37958e-12
4.96898e-11
7.6609e-11
2.89079e-11
-8.26845e-11
-1.68125e-10
-1.15908e-10
9.44387e-11
3.23982e-10
3.48112e-10
1.78327e-11
-5.00733e-10
-7.66965e-10
-6.27828e-10
5.7807e-10
1.61246e-09
