ordre_1
1.4013e-45
2.8026e-45
4.2039e-45
5.60519e-45
7.00649e-45
8.40779e-45
1.82169e-44
2.71852e-43
5.21423e-42
8.96803e-41
1.38021e-39
1.91906e-38
2.43054e-37
2.82356e-36
3.02647e-35
3.00835e-34
2.78543e-33
2.41167e-32
1.95928e-31
1.49816e-30
1.08116e-29
7.38203e-29
4.77951e-28
2.94035e-27
1.72201e-26
9.61692e-26
5.12961e-25
2.61706e-24
1.27883e-23
5.9927e-23
2.69622e-22
1.16597e-21
4.85136e-21
1.94403e-20
7.50931e-20
2.79853e-19
1.00704e-18
3.50173e-18
1.1775e-17
3.83166e-17
1.2074e-16
3.68671e-16
1.09149e-15
3.13511e-15
8.74169e-15
2.36753e-14
6.23157e-14
1.59491e-13
3.97148e-13
9.62668e-13
2.2727e-12
5.22859e-12
1.17284e-11
2.5665e-11
5.48197e-11
1.1436e-10
2.33132e-10
4.64717e-10
9.0636e-10
1.73069e-09
3.2377e-09
5.93814e-09
1.0685e-08
1.88767e-08
3.27673e-08
5.59314e-08
9.39541e-08
1.55442e-07
2.53489e-07
4.07788e-07
6.47631e-07
1.01616e-06
1.5763e-06
2.41905e-06
3.67486e-06
5.52916e-06
8.24336e-06
1.2183e-05
1.78549e-05
2.59562e-05
3.7437e-05
5.35821e-05
7.61129e-05
0.000107316
0.0001502
0.000208691
0.000287862
0.000394207
0.00053596
0.000723462
0.000969569
0.0012901
0.00170434
0.00223549
0.00291125
0.00376423
0.0048324
0.00615943
0.0077949
0.00979431
0.0122189
