ordre_2
-1.4013e-45
-2.8026e-45
-2.8026e-45
-1.4013e-45
0
1.4013e-45
1.4013e-45
0
-1.4013e-45
-2.8026e-45
-2.8026e-45
-1.4013e-45
0
1.4013e-45
1.4013e-45
2.8026e-45
1.4013e-45
0
-1.4013e-45
-2.8026e-45
-4.2039e-45
-5.60519e-45
-5.60519e-45
-4.2039e-45
-2.8026e-45
-1.4013e-45
-1.4013e-45
-0
-0
-1.4013e-45
-2.8026e-45
-4.2039e-45
-5.60519e-45
-7.00649e-45
-7.00649e-45
-5.60519e-45
-5.60519e-45
-1.12104e-44
-1.54143e-44
-4.2039e-45
1.26117e-44
-0
-4.34403e-44
-1.54143e-44
1.12104e-43
7.70714e-44
-2.88667e-43
-3.37713e-43
6.44597e-43
1.16308e-42
-1.2948e-42
-3.68401e-42
1.95761e-42
1.07199e-41
-6.53005e-43
-2.88976e-41
-1.10534e-41
7.16512e-41
6.19976e-41
-1.59881e-40
-2.3817e-40
3.04136e-40
7.68768e-40
-4.11163e-40
-2.19681e-39
-5.32423e-41
5.62547e-39
3.07031e-39
-1.2761e-38
-1.4657e-38
2.44748e-38
5.05482e-38
-3.36892e-38
-1.46077e-37
1.27397e-39
3.65587e-37
2.10467e-37
-7.82822e-37
-9.91284e-37
1.33213e-36
3.26552e-36
-1.25962e-36
-8.81263e-36
-2.40768e-36
1.99456e-35
1.82723e-35
-3.60364e-35
-6.62804e-35
3.98102e-35
1.82556e-34
4.26952e-35
-4.09302e-34
-4.35517e-34
7.37429e-34
1.67181e-33
-9.73947e-34
-4.66015e-33
6.54241e-34
9.68345e-33
3.89963e-34
-1.03273e-32
