ordre_2
3.97459e-32
2.15192e-31
-3.42694e-31
-1.29276e-30
1.56565e-30
5.81429e-30
-5.67069e-30
-2.31184e-29
1.7419e-29
8.53101e-29
-4.47193e-29
-2.9754e-28
8.40319e-29
9.87121e-28
-2.46081e-29
-3.11594e-27
-7.92315e-28
9.32e-27
5.28833e-27
-2.61834e-26
-2.45827e-26
6.79836e-26
9.65634e-26
-1.5806e-25
-3.38367e-25
3.05111e-25
1.07797e-24
-3.65369e-25
-3.13301e-24
-4.9265e-25
8.2373e-24
5.47806e-24
-1.91059e-23
-2.46735e-23
3.66379e-23
8.48627e-23
-4.5896e-23
-2.44991e-22
-3.09246e-23
6.0114e-22
4.57449e-22
-1.20561e-21
-1.92892e-21
1.67133e-21
5.86532e-21
4.41692e-23
-1.41237e-20
-1.03691e-20
2.59631e-20
4.40876e-20
-2.72345e-20
-1.24177e-19
-3.52363e-20
2.57829e-19
2.91719e-19
-3.44125e-19
-9.49994e-19
-4.10261e-20
2.0847e-18
1.93009e-18
-2.8672e-18
-6.82776e-18
-4.05532e-20
1.47255e-17
1.3994e-17
-1.8053e-17
-4.71829e-17
-8.22548e-18
9.069e-17
1.08288e-16
-7.74988e-17
-3.02419e-16
-1.56462e-16
4.49376e-16
7.94154e-16
-4.64169e-17
-1.63322e-15
-1.704e-15
1.3211e-15
4.81625e-15
2.8945e-15
-5.98812e-15
-1.24848e-14
-3.1605e-15
1.9941e-14
2.97021e-14
-1.63346e-15
-5.72842e-14
-6.70468e-14
2.24826e-14
1.50094e-13
1.48823e-13
-8.25746e-14
-3.76162e-13
-3.24508e-13
2.2864e-13
8.36699e-13
8.78808e-13
-5.44993e-13
-2.51302e-12
-3.89493e-13
