ordre_2
1.31413e-17
-1.61781e-18
-1.15071e-16
-1.11663e-17
5.40109e-16
1.88681e-16
-2.01986e-15
-1.37921e-15
6.39518e-15
7.25726e-15
-1.68677e-14
-3.07382e-14
3.34485e-14
1.08298e-13
-2.7291e-14
-3.15668e-13
-1.44987e-13
7.23983e-13
9.25388e-13
-1.08521e-12
-3.18854e-12
-1.37907e-13
7.44695e-12
7.27999e-12
-9.98757e-12
-2.63352e-11
-5.16783e-12
5.15353e-11
6.74777e-11
-3.16698e-11
-1.75296e-10
-1.44445e-10
1.71768e-10
4.96292e-10
3.05229e-10
-5.36344e-10
-1.28296e-09
-7.7515e-10
1.21801e-09
3.0993e-09
2.3871e-09
-1.75099e-09
-6.63966e-09
-7.30234e-09
-6.40471e-10
1.06282e-08
1.81848e-08
1.34848e-08
-5.08364e-09
-2.87768e-08
-4.216e-08
-3.22226e-08
2.72338e-09
5.01246e-08
8.82193e-08
9.61386e-08
6.34842e-08
-5.37365e-09
-9.36959e-08
-1.79373e-07
-2.42649e-07
-2.71151e-07
-2.60649e-07
-2.11892e-07
-1.24818e-07
8.63964e-09
2.12911e-07
5.39257e-07
1.08065e-06
1.99476e-06
3.53993e-06
6.13027e-06
1.04174e-05
1.74085e-05
2.86343e-05
4.63833e-05
7.40228e-05
0.000116426
0.000180529
0.000276036
0.0004163
0.00061939
0.000909353
0.00131764
0.0018847
0.00266156
0.00371162
0.00511171
0.00695435
0.00934524
0.0124123
0.0162781
0.0211338
0.0270174
0.0344261
0.0425801
0.0542032
0.0623943
0.0861832
0.0750975
0.162496
