ordre_1
1.4013e-45
2.8026e-45
4.2039e-45
5.60519e-45
7.00649e-45
8.40779e-45
9.80909e-45
1.12104e-44
1.26117e-44
1.4013e-44
1.54143e-44
1.68156e-44
1.82169e-44
1.96182e-44
2.10195e-44
2.24208e-44
2.38221e-44
2.52234e-44
2.66247e-44
2.8026e-44
2.94273e-44
3.08286e-44
3.22299e-44
4.48416e-44
1.58347e-43
1.12945e-42
8.87723e-42
6.79826e-41
5.00817e-40
3.54651e-39
2.41643e-38
1.58585e-37
1.00347e-36
6.12811e-36
3.61505e-35
2.06176e-34
1.13775e-33
6.07947e-33
3.14782e-32
1.58041e-31
7.69892e-31
3.64125e-30
1.67297e-29
7.47101e-29
3.24457e-28
1.371e-27
5.6394e-27
2.25913e-26
8.81774e-26
3.35478e-25
1.24462e-24
4.50454e-24
1.59098e-23
5.48583e-23
1.84728e-22
6.07691e-22
1.95361e-21
6.13953e-21
1.88673e-20
5.67144e-20
1.66806e-19
4.80163e-19
1.35315e-18
3.73425e-18
1.00943e-17
2.6735e-17
6.93945e-17
1.76573e-16
4.40544e-16
1.07802e-15
2.58788e-15
6.09612e-15
1.40949e-14
3.19945e-14
7.1319e-14
1.56157e-13
3.35936e-13
7.10235e-13
1.47609e-12
3.01654e-12
6.06327e-12
1.19903e-11
2.33351e-11
4.47063e-11
8.43423e-11
1.56739e-10
2.87014e-10
5.18051e-10
9.22009e-10
1.61862e-09
2.80392e-09
4.79462e-09
8.09618e-09
1.35055e-08
2.22649e-08
3.62891e-08
5.84996e-08
9.33081e-08
1.47314e-07
2.30298e-07
3.5663e-07
