ordre_2
-1.6372e-37
3.57517e-37
1.47484e-36
-2.03568e-36
-7.38019e-36
8.35419e-36
3.09572e-35
-2.90261e-35
-1.18676e-34
8.85292e-35
4.28933e-34
-2.34255e-34
-1.48094e-33
4.96467e-34
4.91014e-33
-5.4713e-34
-1.56494e-32
-2.01429e-33
4.78535e-32
1.87573e-32
-1.39739e-31
-9.65647e-32
3.86489e-31
4.05758e-31
-9.98186e-31
-1.51451e-30
2.34403e-30
5.17795e-30
-4.71306e-30
-1.64123e-29
6.6493e-30
4.83544e-29
2.06391e-30
-1.31785e-28
-6.44264e-29
3.27585e-28
3.27367e-28
-7.19267e-28
-1.22566e-27
1.28401e-27
3.88581e-27
-1.30661e-27
-1.08056e-26
-2.57131e-27
2.63285e-26
2.1663e-26
-5.42613e-26
-8.70822e-26
8.35721e-26
2.69387e-25
-3.8385e-26
-6.90934e-25
-3.55403e-25
1.4557e-24
1.84479e-24
-2.26376e-24
-6.01646e-24
1.18099e-24
1.51887e-23
8.23835e-24
-2.976e-23
-4.15993e-23
3.79361e-23
1.25822e-22
1.04114e-23
-2.81111e-22
-2.48841e-22
4.38119e-22
9.23327e-22
-2.19537e-22
-2.25484e-21
-1.43112e-21
3.77082e-21
6.44914e-21
-2.59566e-21
-1.64157e-20
-9.16527e-21
2.71702e-20
4.47933e-20
-1.64688e-20
-1.1102e-19
-7.0751e-20
1.66383e-19
3.10269e-19
-4.36808e-20
-6.88123e-19
-5.97471e-19
8.10227e-19
2.05508e-18
4.69501e-19
-3.71978e-18
-4.80015e-18
2.4898e-18
1.1834e-17
8.16301e-18
-1.32804e-17
-3.49625e-17
-1.03294e-17
7.32481e-17
6.01997e-17
-7.3622e-17
