ordre_2
-7.30076e-43
9.80909e-44
6.51324e-42
-2.83062e-43
-3.20743e-41
-9.40271e-43
1.31597e-40
1.56035e-41
-4.90795e-40
-1.12009e-40
1.71856e-39
6.1889e-40
-5.73098e-39
-2.96162e-39
1.83125e-38
1.28656e-38
-5.61484e-38
-5.19565e-38
1.64838e-37
1.9769e-37
-4.60577e-37
-7.14301e-37
1.21062e-36
2.46189e-36
-2.92675e-36
-8.11039e-36
6.19135e-36
2.55406e-35
-9.85105e-36
-7.67389e-35
2.31538e-36
2.19048e-34
7.17762e-35
-5.89422e-34
-4.23391e-34
1.47451e-33
1.75774e-33
-3.33853e-33
-6.20545e-33
6.43173e-33
1.96231e-32
-8.54274e-33
-5.65252e-32
-3.63592e-33
1.48343e-31
8.1865e-32
-3.49415e-31
-3.91236e-31
7.08227e-31
1.38672e-30
-1.08527e-30
-4.15353e-30
4.72088e-31
1.08384e-29
5.01851e-30
-2.4414e-29
-2.70603e-29
4.4754e-29
9.46883e-29
-5.21662e-29
-2.66423e-28
-4.20397e-29
6.24258e-28
5.12536e-28
-1.17182e-27
-2.02843e-27
1.42787e-27
5.84395e-27
7.03202e-28
-1.33641e-26
-1.12889e-26
2.32021e-26
4.3569e-26
-2.15626e-26
-1.1748e-25
-3.99907e-26
2.39597e-25
2.79204e-25
-3.26342e-25
-8.95998e-25
1.52649e-26
2.03228e-24
1.64173e-24
-3.1685e-24
-6.32807e-24
1.613e-24
1.54147e-23
9.86399e-24
-2.54023e-23
-4.3622e-23
1.69058e-23
1.06698e-22
6.21859e-23
-1.61031e-22
-3.05798e-22
4.60234e-23
8.13533e-22
5.35387e-22
-1.52102e-21
-1.47729e-21
1.49834e-21
