ordre_2
5.59276e-36
3.03354e-35
-4.85259e-35
-1.82215e-34
2.24785e-34
8.19909e-34
-8.34355e-34
-3.26669e-33
2.67423e-33
1.21121e-32
-7.43962e-33
-4.26204e-32
1.70124e-32
1.43473e-31
-2.45769e-32
-4.63082e-31
-3.35667e-32
1.43119e-30
4.84518e-31
-4.21665e-30
-2.69467e-30
1.17466e-29
1.17151e-29
-3.05014e-29
-4.45651e-29
7.18556e-29
1.54052e-28
-1.44481e-28
-4.90971e-28
2.02199e-28
1.4474e-27
7.36639e-29
-3.92646e-27
-2.00968e-27
9.64696e-27
1.00756e-26
-2.06833e-26
-3.72338e-26
3.49487e-26
1.16048e-25
-2.73126e-26
-3.14994e-25
-1.09868e-25
7.39721e-25
7.19114e-25
-1.42876e-24
-2.68752e-24
1.86566e-24
7.85943e-24
5.46213e-25
-1.88921e-23
-1.41335e-23
3.60231e-23
5.92883e-23
-4.40626e-23
-1.73111e-22
-2.28593e-23
3.90744e-22
3.49574e-22
-6.41639e-22
-1.31048e-21
4.41915e-22
3.35807e-21
1.72356e-21
-6.19264e-21
-9.05841e-21
6.22424e-21
2.554e-20
8.35302e-21
-4.9022e-20
-6.19273e-20
5.12932e-20
1.81183e-19
5.61116e-20
-3.36972e-19
-4.37422e-19
2.99528e-19
1.21335e-18
5.51281e-19
-1.99584e-18
-3.1312e-18
9.8544e-19
7.44664e-18
5.61567e-18
-9.36266e-18
-2.11618e-17
-3.436e-18
3.87024e-17
4.8506e-17
-2.38912e-17
-1.22668e-16
-8.81544e-17
1.44171e-16
3.24363e-16
9.42399e-17
-4.80664e-16
-8.33453e-16
-2.15352e-17
1.97024e-15
1.34067e-15
-2.05708e-15
