ordre_1
1.4013e-45
2.8026e-45
4.2039e-45
5.60519e-45
7.00649e-45
8.40779e-45
9.80909e-45
1.12104e-44
1.26117e-44
1.4013e-44
1.54143e-44
1.68156e-44
1.82169e-44
1.96182e-44
2.10195e-44
2.24208e-44
2.38221e-44
2.52234e-44
2.66247e-44
2.8026e-44
2.94273e-44
3.08286e-44
3.22299e-44
3.36312e-44
3.50325e-44
3.64338e-44
3.78351e-44
3.92364e-44
4.06377e-44
6.16571e-44
2.14399e-43
1.33964e-42
9.16029e-42
6.15646e-41
4.00829e-40
2.52501e-39
1.53977e-38
9.09602e-38
5.20899e-37
2.89374e-36
1.56044e-35
8.17301e-35
4.16023e-34
2.05918e-33
9.91615e-33
4.64815e-32
2.12186e-31
9.4374e-31
4.09146e-30
1.72973e-29
7.13395e-29
2.87145e-28
1.12838e-27
4.3306e-27
1.62379e-26
5.95045e-26
2.13179e-25
7.46882e-25
2.55977e-24
8.58463e-24
2.81796e-23
9.05649e-23
2.85046e-22
8.78841e-22
2.65496e-21
7.86074e-21
2.28156e-20
6.49332e-20
1.81245e-19
4.96284e-19
1.33338e-18
3.51587e-18
9.1004e-18
2.31275e-17
5.77206e-17
1.415e-16
3.40796e-16
8.06559e-16
1.87617e-15
4.29033e-15
9.64679e-15
2.13324e-14
4.64037e-14
9.93147e-14
2.09179e-13
4.33671e-13
8.85192e-13
1.7793e-12
3.52289e-12
6.87209e-12
1.32107e-11
2.50334e-11
4.67719e-11
8.61859e-11
1.56673e-10
2.81049e-10
4.97651e-10
8.70071e-10
1.50246e-09
2.56336e-09
4.32224e-09
