u_np1_2nd_order
-2.16413e-08
4.45849e-07
1.29576e-06
2.3475e-06
3.84992e-06
6.2035e-06
9.8954e-06
1.56258e-05
2.44269e-05
3.78016e-05
5.79121e-05
8.78308e-05
0.00013187
0.000196004
0.000288407
0.000420119
0.000605847
0.000864928
0.00122243
0.0017104
0.0023692
0.00324889
0.00441063
0.00592787
0.00788734
0.0103896
0.0135488
0.017492
0.0223572
0.0282901
0.0354398
0.043953
0.0539668
0.0656006
0.0789464
0.0940591
0.110947
0.129561
0.149789
0.171448
0.194283
0.217965
0.242096
0.266219
0.289829
0.31239
0.333353
0.35218
0.368367
0.381462
0.39109
0.396971
0.398931
0.396912
0.390975
0.381296
0.368159
0.35194
0.33309
0.312117
0.289557
0.265958
0.241855
0.217751
0.194102
0.171303
0.14968
0.129488
0.110907
0.0940497
0.0789628
0.065638
0.0540202
0.0440175
0.0355111
0.0283643
0.0224311
0.017563
0.013615
0.0104498
0.00794095
0.00597458
0.00445056
0.00328243
0.0023969
0.00173292
0.00124045
0.000879137
0.000616891
0.000428584
0.000294807
0.000200779
0.000135386
9.03868e-05
5.97468e-05
3.91022e-05
2.53376e-05
1.62556e-05
1.03322e-05
6.42115e-06
4.5379e-06
