ordre_2
-1.4013e-45
-2.8026e-45
-2.8026e-45
-1.4013e-45
0
1.4013e-45
1.4013e-45
-0
4.2039e-45
8.40779e-45
-7.00649e-45
-2.94273e-44
1.12104e-44
8.26766e-44
-3.92364e-44
-2.84464e-43
7.9874e-44
9.23456e-43
-8.12753e-44
-2.9091e-42
-3.41917e-43
8.88283e-42
3.00999e-42
-2.62463e-41
-1.53568e-41
7.47158e-41
6.49292e-41
-2.03474e-40
-2.46983e-40
5.23818e-40
8.71556e-40
-1.24869e-39
-2.89434e-39
2.63911e-39
9.1029e-39
-4.38011e-39
-2.71575e-38
2.58088e-39
7.669e-38
2.1561e-38
-2.03663e-37
-1.39167e-37
5.01982e-37
5.85005e-37
-1.11809e-36
-2.05843e-36
2.11295e-36
6.45471e-36
-2.71784e-36
-1.84075e-35
-1.45073e-36
4.78253e-35
2.70766e-35
-1.11637e-34
-1.26701e-34
2.24705e-34
4.44175e-34
-3.43482e-34
-1.32278e-33
1.55991e-34
3.45024e-33
1.54212e-33
-7.82809e-33
-8.40026e-33
1.46803e-32
2.96782e-32
-1.86097e-32
-8.4834e-32
-6.56081e-33
2.04333e-31
1.45707e-31
-4.04692e-31
-6.17314e-31
5.73199e-31
1.87102e-30
-1.16356e-31
-4.55913e-30
-2.86445e-30
8.83323e-30
1.3002e-29
-1.15346e-29
-3.88647e-29
-1.45379e-30
8.97679e-29
7.05592e-29
-1.56125e-28
-2.81215e-28
1.48442e-28
7.51014e-28
2.37977e-28
-1.46953e-27
-1.73531e-27
1.73732e-27
5.66798e-27
1.06504e-27
-1.36845e-26
-1.26237e-26
2.62106e-26
3.69562e-26
-3.64538e-26
-4.46154e-26
