ordre_2
-9.77297e-37
-7.49072e-35
5.39745e-36
4.4322e-34
6.04518e-36
-1.94581e-33
-2.23508e-34
7.49543e-33
1.80918e-33
-2.6636e-32
-1.0554e-32
8.90428e-32
5.19458e-32
-2.82019e-31
-2.2851e-31
8.46305e-31
9.2358e-31
-2.39201e-30
-3.48068e-30
6.28039e-30
1.23285e-29
-1.48804e-29
-4.11867e-29
2.96529e-29
1.298e-28
-3.81598e-29
-3.84662e-28
-4.16578e-29
1.06399e-27
5.57765e-28
-2.7074e-27
-2.72664e-27
6.15592e-27
1.02637e-26
-1.16687e-26
-3.31991e-26
1.42959e-26
9.50806e-26
1.27452e-26
-2.41119e-25
-1.66466e-25
5.2707e-25
7.3082e-25
-9.1043e-25
-2.39714e-24
8.1786e-25
6.50549e-24
2.11727e-24
-1.47003e-23
-1.49282e-23
2.58558e-23
5.39714e-23
-2.48313e-23
-1.47187e-22
-4.66866e-23
3.15297e-22
3.44485e-22
-4.80331e-22
-1.17207e-21
2.04313e-22
2.86716e-21
1.82358e-21
-5.0683e-21
-8.30708e-21
4.52605e-21
2.24787e-20
9.11144e-21
-4.20484e-20
-5.70077e-20
4.17897e-20
1.62153e-19
5.66268e-20
-2.98477e-19
-3.99611e-19
2.62132e-19
1.09965e-18
5.0401e-19
-1.82364e-18
-2.84883e-18
9.64616e-19
6.86771e-18
4.98316e-18
-8.95874e-18
-1.94338e-17
-2.16283e-18
3.69062e-17
4.36286e-17
-2.66096e-17
-1.15278e-16
-7.44854e-17
1.4439e-16
3.08446e-16
5.9797e-17
-5.21162e-16
-6.89787e-16
1.16394e-16
1.5125e-15
1.82851e-15
-1.58104e-15
-4.76624e-15
5.53696e-16
