ordre_1
1.4013e-45
2.8026e-45
4.2039e-45
5.60519e-45
7.00649e-45
8.40779e-45
9.80909e-45
1.12104e-44
1.26117e-44
1.4013e-44
1.54143e-44
1.68156e-44
1.82169e-44
1.96182e-44
2.10195e-44
2.24208e-44
2.38221e-44
2.52234e-44
2.66247e-44
2.8026e-44
2.94273e-44
3.08286e-44
3.22299e-44
3.36312e-44
3.50325e-44
3.64338e-44
3.78351e-44
4.2039e-44
8.82818e-44
4.51218e-43
3.10388e-42
2.17622e-41
1.48348e-40
9.77341e-40
6.22271e-39
3.83177e-38
2.28375e-37
1.31841e-36
7.3777e-36
4.00454e-35
2.10972e-34
1.07945e-33
5.36711e-33
2.59465e-32
1.22024e-31
5.58546e-31
2.48961e-30
1.08109e-29
4.57549e-29
1.8882e-28
7.60098e-28
2.98585e-27
1.14501e-26
4.28793e-26
1.56869e-25
5.60817e-25
1.95993e-24
6.69784e-24
2.23888e-23
7.32252e-23
2.34393e-22
7.34523e-22
2.25402e-21
6.77513e-21
1.99524e-20
5.75833e-20
1.62904e-19
4.51857e-19
1.22916e-18
3.27983e-18
8.58678e-18
2.20619e-17
5.56396e-17
1.37768e-16
3.3499e-16
8.00068e-16
1.87728e-15
4.32843e-15
9.80902e-15
2.18529e-14
4.78716e-14
1.0314e-13
2.18601e-13
4.55883e-13
9.35694e-13
1.89058e-12
3.76134e-12
7.37028e-12
1.42276e-11
2.70642e-11
5.07455e-11
9.38113e-11
1.71039e-10
3.07639e-10
5.46047e-10
9.56738e-10
1.65528e-09
2.82881e-09
4.77679e-09
7.97291e-09
1.31581e-08
