ordre_2
-6.07498e-37
4.02689e-36
5.58679e-36
-2.35112e-35
-2.90649e-35
1.00919e-34
1.28557e-34
-3.76374e-34
-5.24728e-34
1.28058e-33
2.03097e-33
-4.04298e-33
-7.5316e-33
1.18686e-32
2.68596e-32
-3.20632e-32
-9.21798e-32
7.73683e-32
3.04102e-31
-1.53578e-31
-9.61961e-31
1.73966e-31
2.90572e-30
4.25194e-31
-8.32713e-30
-4.1241e-30
2.24061e-29
2.00948e-29
-5.55964e-29
-7.85028e-29
1.22767e-28
2.69137e-28
-2.20605e-28
-8.33681e-28
2.16136e-28
2.34984e-27
5.55798e-28
-5.98264e-27
-4.50384e-27
1.34025e-26
1.889e-26
-2.45947e-26
-6.24494e-26
2.78551e-26
1.7562e-25
3.27064e-26
-4.23903e-25
-3.41627e-25
8.4559e-25
1.38535e-24
-1.19294e-24
-4.18711e-24
1.13184e-25
1.0249e-23
6.81147e-24
-1.98452e-23
-3.04399e-23
2.51256e-23
9.04606e-23
8.4253e-24
-2.05262e-22
-1.77287e-22
3.37065e-22
6.7445e-22
-2.32218e-22
-1.72521e-21
-8.91397e-22
3.14824e-21
4.65337e-21
-3.05392e-21
-1.29686e-20
-4.59473e-21
2.4427e-20
3.19069e-20
-2.42251e-20
-9.1203e-20
-3.23102e-20
1.65022e-19
2.24959e-19
-1.3455e-19
-6.04247e-19
-3.07906e-19
9.57169e-19
1.59329e-18
-3.74766e-19
-3.65386e-18
-2.9783e-18
4.33196e-18
1.0565e-17
2.48157e-18
-1.86793e-17
-2.49332e-17
1.06295e-17
5.90324e-17
4.48289e-17
-5.77167e-17
-1.70141e-16
-8.16112e-17
3.24264e-16
3.54398e-16
-3.02537e-16
