ordre_2
-8.15314e-19
1.01831e-19
7.16219e-18
5.35705e-19
-3.38977e-17
-1.01349e-17
1.28988e-16
7.64869e-17
-4.22343e-16
-4.14783e-16
1.18888e-15
1.82711e-15
-2.72603e-15
-6.80946e-15
4.12267e-15
2.16179e-14
1.93232e-15
-5.72414e-14
-4.40892e-14
1.17608e-13
2.00165e-13
-1.40146e-13
-6.06689e-13
-1.67329e-13
1.30174e-12
1.55851e-12
-1.56164e-12
-5.02885e-12
-1.45449e-12
9.58989e-12
1.31222e-11
-6.43389e-12
-3.45989e-11
-2.55506e-11
4.10698e-11
9.95879e-11
3.87282e-11
-1.46186e-10
-2.579e-10
-5.45405e-11
4.08622e-10
6.44862e-10
1.37953e-10
-9.57007e-10
-1.59009e-09
-6.25236e-10
1.79644e-09
3.71215e-09
2.62163e-09
-2.03684e-09
-7.37651e-09
-8.41908e-09
-1.98263e-09
9.71824e-09
1.90312e-08
1.73229e-08
1.37253e-09
-2.27733e-08
-4.16633e-08
-4.14962e-08
-1.63599e-08
2.72365e-08
7.22222e-08
9.82001e-08
9.02157e-08
4.47844e-08
-2.92446e-08
-1.14652e-07
-1.92229e-07
-2.46606e-07
-2.69418e-07
-2.59097e-07
-2.17798e-07
-1.46522e-07
-3.92552e-08
1.23865e-07
3.85595e-07
8.25312e-07
1.58087e-06
2.88267e-06
5.1058e-06
8.84743e-06
1.50428e-05
2.51263e-05
4.12758e-05
6.66988e-05
0.000106147
0.000166229
0.000256792
0.000390005
0.000586307
0.000862785
0.00126853
0.00179817
0.00261995
0.00350179
0.00526033
0.00616193
0.010778
0.00845106
0.0250686
