ordre_2
-2.51965e-31
-1.87383e-29
1.19582e-30
1.10463e-28
4.36288e-30
-4.81553e-28
-7.95169e-29
1.83342e-27
5.92962e-28
-6.39725e-27
-3.32042e-27
2.08031e-26
1.58092e-26
-6.32373e-26
-6.72044e-26
1.78489e-25
2.61122e-25
-4.5908e-25
-9.38189e-25
1.03003e-24
3.13134e-24
-1.77738e-24
-9.70088e-24
9.84443e-25
2.77149e-23
9.76449e-24
-7.19421e-23
-6.14777e-23
1.64389e-22
2.49898e-22
-3.05585e-22
-8.27423e-22
3.36429e-22
2.34579e-21
5.21634e-22
-5.68697e-21
-4.86629e-21
1.12273e-20
1.94991e-20
-1.48449e-20
-5.81655e-20
-4.26411e-21
1.38131e-19
1.10639e-19
-2.48367e-19
-4.50348e-19
2.38729e-19
1.24118e-18
4.36262e-19
-2.50911e-18
-3.07349e-18
3.1238e-18
9.61149e-18
1.3401e-18
-2.02249e-17
-2.10827e-17
2.52469e-17
6.92892e-17
1.02064e-17
-1.39356e-16
-1.56053e-16
1.43258e-16
4.70625e-16
1.72262e-16
-8.03081e-16
-1.18207e-15
4.14488e-16
2.84407e-15
2.19893e-15
-3.33581e-15
-8.03357e-15
-2.27643e-15
1.32613e-14
1.94495e-14
-3.49828e-15
-4.15404e-14
-4.18371e-14
2.96044e-14
1.14341e-13
8.22551e-14
-1.12929e-13
-2.9105e-13
-1.5372e-13
3.3869e-13
7.07238e-13
2.93192e-13
-8.8692e-13
-1.67458e-12
-6.33032e-13
2.09865e-12
3.89866e-12
1.62886e-12
-4.45916e-12
-8.97868e-12
-4.68834e-12
8.6123e-12
1.88333e-11
1.53651e-11
-1.16141e-11
-5.17523e-11
-1.35223e-11
