ordre_2
-1.4013e-45
-2.8026e-45
-2.8026e-45
-1.4013e-45
0
1.4013e-45
1.4013e-45
0
-1.4013e-45
-2.8026e-45
-2.8026e-45
-1.4013e-45
0
1.4013e-45
1.4013e-45
2.8026e-45
1.4013e-45
0
-1.4013e-45
-2.8026e-45
-4.2039e-45
-5.60519e-45
-5.60519e-45
-4.2039e-45
-2.8026e-45
-1.4013e-45
-1.4013e-45
-0
-0
-1.4013e-45
-2.8026e-45
-4.2039e-45
-5.60519e-45
-7.00649e-45
-7.00649e-45
-0
1.26117e-44
4.2039e-45
-2.8026e-44
-1.82169e-44
6.44597e-44
6.02558e-44
-1.7236e-43
-2.4803e-43
3.69943e-43
8.08549e-43
-7.21669e-43
-2.50132e-42
9.89317e-43
7.20267e-42
2.42425e-43
-1.93463e-41
-8.77213e-42
4.81444e-41
4.43847e-41
-1.08603e-40
-1.66645e-40
2.11092e-40
5.37217e-40
-3.01247e-40
-1.55055e-39
3.25914e-41
4.04778e-39
1.94043e-39
-9.46989e-39
-9.86866e-39
1.91482e-38
3.53671e-38
-2.98555e-38
-1.06083e-37
1.72821e-38
2.7744e-37
1.12854e-37
-6.31312e-37
-6.4641e-37
1.19399e-36
2.311e-36
-1.56633e-36
-6.65449e-36
-2.45893e-37
1.62043e-35
1.07987e-35
-3.28646e-35
-4.72007e-35
4.98571e-35
1.4528e-34
-2.58339e-35
-3.58455e-34
-1.8103e-34
7.02936e-34
9.51301e-34
-9.32952e-34
-3.13588e-33
-5.02691e-35
8.30427e-33
5.14573e-33
-1.85143e-32
-1.86497e-32
3.32752e-32
3.62262e-32
-3.29382e-32
