ordre_2
1.06856e-35
1.93717e-35
-9.4396e-35
-1.20054e-34
4.5421e-34
5.66822e-34
-1.79571e-33
-2.39897e-33
6.35256e-33
9.52462e-33
-2.06915e-32
-3.60583e-32
6.25386e-32
1.30958e-31
-1.74423e-31
-4.57048e-31
4.39102e-31
1.532e-30
-9.40223e-31
-4.92147e-30
1.38369e-30
1.50951e-29
7.4867e-31
-4.39436e-29
-1.74043e-29
1.20264e-28
9.4529e-29
-3.04446e-28
-3.87238e-28
6.91005e-28
1.36672e-27
-1.30583e-27
-4.32411e-27
1.54949e-27
1.24021e-26
1.88508e-27
-3.20881e-26
-2.14069e-26
7.31644e-26
9.5176e-26
-1.37831e-25
-3.22957e-25
1.68716e-25
9.2237e-25
1.22596e-25
-2.25023e-24
-1.70347e-24
4.52865e-24
7.13622e-24
-6.47216e-24
-2.1794e-23
9.56055e-25
5.34221e-23
3.52154e-23
-1.02748e-22
-1.58341e-22
1.26599e-22
4.67443e-22
5.85016e-23
-1.04326e-21
-9.50925e-22
1.64854e-21
3.50314e-21
-9.0008e-22
-8.67953e-21
-5.23632e-21
1.50107e-20
2.45615e-20
-1.19182e-20
-6.46489e-20
-3.14723e-20
1.12638e-19
1.71063e-19
-8.51669e-20
-4.46705e-19
-2.39949e-19
7.19571e-19
1.20136e-18
-3.39949e-19
-2.84587e-18
-2.12834e-18
3.74189e-18
8.18278e-18
7.49257e-19
-1.58815e-17
-1.81399e-17
1.28101e-17
4.9929e-17
2.83856e-17
-6.79479e-17
-1.31401e-16
-1.0902e-17
2.4562e-16
2.87646e-16
-1.3217e-16
-6.84006e-16
-6.55235e-16
6.84194e-16
2.31174e-15
1.61131e-16
-2.82334e-15
