ordre_2
-8.48197e-30
1.119e-30
7.5459e-29
-9.48602e-31
-3.68132e-28
-3.68942e-29
1.48485e-27
3.60633e-28
-5.39009e-27
-2.26812e-27
1.81176e-26
1.15924e-26
-5.68822e-26
-5.18682e-26
1.66439e-25
2.10022e-25
-4.4819e-25
-7.82369e-25
1.07817e-24
2.70171e-24
-2.14936e-24
-8.66245e-24
2.64092e-24
2.56894e-23
3.85929e-24
-6.97144e-23
-4.35005e-23
1.69209e-22
2.02949e-22
-3.48704e-22
-7.26601e-22
5.19831e-22
2.19579e-21
-7.1328e-23
-5.69604e-21
-3.3082e-21
1.23575e-20
1.62677e-20
-2.01259e-20
-5.38362e-20
1.24056e-20
1.40041e-19
7.05093e-20
-2.84886e-19
-3.81094e-19
3.84319e-19
1.19427e-18
4.73158e-20
-2.72922e-18
-2.34473e-18
4.27981e-18
8.94472e-18
-1.9315e-18
-2.16907e-17
-1.50017e-17
3.42712e-17
6.42624e-17
-1.47045e-17
-1.52606e-16
-1.14615e-16
2.13569e-16
4.52544e-16
3.16168e-18
-9.403e-16
-9.69583e-16
9.27697e-16
2.95432e-15
1.26008e-15
-4.59389e-15
-7.52365e-15
8.35085e-16
1.57735e-14
1.61456e-14
-1.22875e-14
-4.5362e-14
-2.92629e-14
5.20087e-14
1.17273e-13
4.31962e-14
-1.6651e-13
-2.84332e-13
-4.55544e-14
4.63056e-13
6.67514e-13
1.55809e-14
-1.17584e-12
-1.55451e-12
4.01544e-14
2.78207e-12
3.64095e-12
7.76729e-14
-6.13253e-12
-8.55464e-12
-1.44313e-12
1.26636e-11
1.95316e-11
6.99734e-12
-1.96232e-11
-4.97114e-11
-2.56028e-11
5.86057e-11
