ordre_1
2.76923e-15
8.48506e-14
1.26343e-12
1.2189e-11
8.57305e-11
4.69115e-10
2.08211e-09
7.7207e-09
2.44688e-08
6.75374e-08
1.65076e-07
3.62945e-07
7.28963e-07
1.35825e-06
2.38384e-06
3.99786e-06
6.48684e-06
1.02827e-05
1.60303e-05
2.46744e-05
3.75754e-05
5.66626e-05
8.46385e-05
0.000125246
0.000183611
0.000266671
0.000383701
0.000546956
0.000772424
0.00108069
0.00149793
0.00205697
0.00279838
0.00377165
0.00503617
0.00666217
0.00873127
0.0113367
0.0145828
0.0185841
0.0234634
0.0293486
0.0363691
0.0446505
0.0543085
0.0654423
0.0781264
0.0924031
0.108274
0.125693
0.144561
0.164717
0.185941
0.207952
0.23041
0.252925
0.275063
0.296362
0.316347
0.334547
0.35051
0.363828
0.374147
0.381188
0.384758
0.384758
0.381188
0.374147
0.363828
0.35051
0.334547
0.316347
0.296362
0.275063
0.252925
0.23041
0.207952
0.185941
0.164717
0.144561
0.125693
0.108274
0.0924031
0.0781264
0.0654422
0.0543085
0.0446505
0.0363691
0.0293486
0.0234634
0.0185841
0.0145828
0.0113367
0.00873127
0.00666217
0.00503617
0.00377164
0.00279838
0.00205697
0.00149793
0.00108069
