ordre_2
-8.7557e-17
-4.62519e-16
6.91745e-16
2.77972e-15
-2.54128e-15
-1.22681e-14
5.43331e-15
4.58052e-14
1.6319e-15
-1.47106e-13
-8.22985e-14
3.94208e-13
4.79892e-13
-7.9755e-13
-1.86975e-12
7.53455e-13
5.45289e-12
2.53549e-12
-1.13674e-11
-1.63167e-11
1.17642e-11
4.93038e-11
2.29244e-11
-8.58144e-11
-1.42704e-10
2.4024e-11
3.26432e-10
3.38108e-10
-2.43736e-10
-9.72981e-10
-7.83232e-10
8.09553e-10
2.55534e-09
2.07202e-09
-1.62995e-09
-6.01017e-09
-6.12165e-09
8.74654e-10
1.15175e-08
1.67835e-08
8.6405e-09
-1.21488e-08
-3.36655e-08
-3.90436e-08
-1.77765e-08
2.55959e-08
7.16269e-08
9.51754e-08
7.81002e-08
1.81318e-08
-7.03997e-08
-1.63247e-07
-2.35882e-07
-2.71029e-07
-2.61063e-07
-2.05002e-07
-1.01755e-07
5.85335e-08
3.04262e-07
6.94144e-07
1.33341e-06
2.39813e-06
4.17263e-06
7.10639e-06
1.18985e-05
1.96194e-05
3.18824e-05
5.10801e-05
8.07054e-05
0.000125778
0.000193401
0.000293462
0.000439504
0.000649776
0.000948466
0.00136711
0.00194614
0.0027365
0.00380119
0.0052168
0.00707452
0.00948088
0.0125575
0.0164403
0.0212769
0.0272233
0.0344387
0.0430785
0.0532874
0.065187
0.0788741
0.094384
0.11176
0.130799
0.151794
0.173246
0.198727
0.216486
0.259422
0.230538
0.406003
