ordre_2
-1.4013e-45
-2.8026e-45
-2.8026e-45
-1.4013e-45
0
1.4013e-45
1.4013e-45
0
-1.4013e-45
-2.8026e-45
-2.8026e-45
-1.4013e-45
0
1.4013e-45
1.4013e-45
2.8026e-45
1.4013e-45
0
-1.4013e-45
-2.8026e-45
-4.2039e-45
-5.60519e-45
-5.60519e-45
-4.2039e-45
-2.8026e-45
-1.4013e-45
-1.4013e-45
-0
-0
-1.4013e-45
-2.8026e-45
-4.2039e-45
-5.60519e-45
-7.00649e-45
-7.00649e-45
-5.60519e-45
-4.2039e-45
-2.8026e-45
-1.4013e-45
-1.4013e-45
-2.8026e-45
-4.2039e-45
-5.60519e-45
-7.00649e-45
-7.00649e-45
-8.40779e-45
-9.80909e-45
-1.12104e-44
-1.26117e-44
-1.4013e-44
-1.4013e-44
-1.54143e-44
-1.68156e-44
-5.60519e-45
9.80909e-45
-1.4013e-45
-3.22299e-44
-8.40779e-45
7.9874e-44
4.34403e-44
-2.10195e-43
-2.35418e-43
4.17587e-43
7.84727e-43
-7.44089e-43
-2.41584e-42
7.69313e-43
6.64075e-42
1.2906e-42
-1.65101e-41
-1.17233e-41
3.62964e-41
4.88997e-41
-6.66261e-41
-1.5992e-40
8.18344e-41
4.49195e-40
4.44534e-41
-1.10599e-39
-7.42555e-40
2.34948e-39
3.21167e-39
-4.00122e-39
-1.02613e-38
3.86246e-39
2.71887e-38
7.06464e-39
-6.04116e-38
-5.646e-38
1.05899e-37
2.1603e-37
-1.07422e-37
-6.46431e-37
-1.47906e-37
1.65226e-36
1.19049e-36
-3.65356e-36
-3.77467e-36
6.59095e-36
7.02171e-36
-6.55763e-36
