ordre_2
-3.33721e-22
2.22616e-21
3.14646e-21
-1.25833e-20
-1.7004e-20
5.08213e-20
7.7833e-20
-1.71148e-19
-3.22485e-19
4.92175e-19
1.22782e-18
-1.15996e-18
-4.29662e-18
1.83635e-18
1.37183e-17
8.3087e-19
-3.9344e-17
-2.23467e-17
9.8248e-17
1.16526e-16
-1.98541e-16
-4.32624e-16
2.48824e-16
1.28838e-15
2.42802e-16
-3.08679e-15
-2.86493e-15
5.4407e-15
1.12084e-14
-4.07262e-15
-2.99522e-14
-1.58818e-14
5.54863e-14
8.59401e-14
-4.65869e-14
-2.35627e-13
-1.23671e-13
3.92239e-13
6.60642e-13
-1.57534e-13
-1.55614e-12
-1.33553e-12
1.74621e-12
4.65655e-12
1.75806e-12
-7.23214e-12
-1.19368e-11
-1.85553e-13
2.27108e-11
2.83577e-11
-7.12836e-12
-6.17401e-11
-6.66942e-11
2.46229e-11
1.52516e-10
1.62217e-10
-4.56027e-11
-3.4486e-10
-4.06959e-10
5.00694e-12
6.90081e-10
1.00113e-09
3.50746e-10
-1.098e-09
-2.22887e-09
-1.68155e-09
8.82414e-10
3.99393e-09
4.99527e-09
1.97428e-09
-4.27887e-09
-9.95394e-09
-1.02546e-08
-2.78124e-09
9.97693e-09
2.10268e-08
2.24025e-08
1.00222e-08
-1.29987e-08
-3.675e-08
-4.87361e-08
-3.98925e-08
-9.32129e-09
3.4431e-08
7.64377e-08
1.00584e-07
9.6116e-08
5.9598e-08
-1.26238e-09
-7.72891e-08
-1.47773e-07
-2.12568e-07
-2.40064e-07
-2.72328e-07
-2.28203e-07
-2.62712e-07
-1.10866e-07
-2.41673e-07
1.53159e-07
-2.32088e-07
7.96442e-07
