ordre_1
1.4013e-45
2.8026e-45
4.2039e-45
5.60519e-45
4.62428e-44
1.26397e-42
3.06646e-41
6.34404e-40
1.14083e-38
1.81135e-37
2.57095e-36
3.29491e-35
3.84449e-34
4.11237e-33
4.05662e-32
3.70906e-31
3.15725e-30
2.5118e-29
1.87407e-28
1.31533e-27
8.70819e-27
5.45176e-26
3.2347e-25
1.82267e-24
9.77165e-24
4.99295e-23
2.43535e-22
1.13557e-21
5.06881e-21
2.16861e-20
8.90334e-20
3.51155e-19
1.33189e-18
4.86283e-18
1.71064e-17
5.80304e-17
1.89996e-16
6.00852e-16
1.83678e-15
5.43166e-15
1.55489e-14
4.31174e-14
1.15901e-13
3.02192e-13
7.64752e-13
1.87965e-12
4.48979e-12
1.0429e-11
2.35724e-11
5.18786e-11
1.11245e-10
2.32581e-10
4.74422e-10
9.44846e-10
1.83858e-09
3.4983e-09
6.51373e-09
1.18783e-08
2.12325e-08
3.72347e-08
6.41186e-08
1.08519e-07
1.80684e-07
2.96228e-07
4.78653e-07
7.62946e-07
1.20066e-06
1.86702e-06
2.87084e-06
4.36816e-06
6.58083e-06
9.82169e-06
1.45282e-05
2.13069e-05
3.09916e-05
4.47189e-05
6.40237e-05
9.09613e-05
0.000128258
0.000179497
0.000249344
0.000343817
0.000470602
0.000639417
0.000862435
0.00115474
0.00153482
0.00202511
0.00265254
0.00344903
0.004452
0.00570474
0.00725674
0.00916374
0.0114876
0.014296
0.0176614
0.0216602
0.0263712
0.0318733
0.0382432
