ordre_1
1.4013e-45
2.8026e-45
4.2039e-45
5.60519e-45
7.00649e-45
8.40779e-45
9.80909e-45
1.12104e-44
1.26117e-44
1.4013e-44
1.54143e-44
1.68156e-44
1.82169e-44
1.96182e-44
2.10195e-44
2.24208e-44
2.38221e-44
5.04467e-44
3.237e-43
3.07165e-42
2.90335e-41
2.6139e-40
2.23606e-39
1.82039e-38
1.41295e-37
1.04741e-36
7.42706e-36
5.04503e-35
3.28734e-34
2.05734e-33
1.2381e-32
7.17248e-32
4.00396e-31
2.15593e-30
1.12071e-29
5.6291e-29
2.7341e-28
1.28514e-27
5.85e-27
2.58063e-26
1.10393e-25
4.58213e-25
1.84653e-24
7.22856e-24
2.75032e-23
1.01759e-22
3.66292e-22
1.28338e-21
4.37873e-21
1.45545e-20
4.71497e-20
1.48927e-19
4.58823e-19
1.3793e-18
4.04742e-18
1.15972e-17
3.24594e-17
8.87734e-17
2.37316e-16
6.20323e-16
1.58596e-15
3.96729e-15
9.71307e-15
2.32819e-14
5.46535e-14
1.25687e-13
2.83253e-13
6.2576e-13
1.3556e-12
2.88065e-12
6.00657e-12
1.22939e-11
2.47077e-11
4.87764e-11
9.462e-11
1.80434e-10
3.38365e-10
6.24256e-10
1.13352e-09
2.02665e-09
3.56944e-09
6.19576e-09
1.06039e-08
1.79028e-08
2.98313e-08
4.90832e-08
7.97843e-08
1.28185e-07
2.03659e-07
3.20125e-07
4.98063e-07
7.67338e-07
1.17113e-06
1.77137e-06
2.65612e-06
3.94969e-06
5.82611e-06
8.52716e-06
1.23861e-05
1.78589e-05
2.5564e-05
