ordre_1
3.84308e-32
3.32966e-30
1.42659e-28
4.02975e-27
8.44209e-26
1.39897e-24
1.91004e-23
2.20981e-22
2.21141e-21
1.94442e-20
1.52084e-19
1.06879e-18
6.8045e-18
3.95188e-17
2.1061e-16
1.03523e-15
4.71419e-15
1.99665e-14
7.89306e-14
2.9215e-13
1.01539e-12
3.32255e-12
1.02609e-11
2.99762e-11
8.30213e-11
2.18442e-10
5.4715e-10
1.3073e-09
2.98549e-09
6.53004e-09
1.37083e-08
2.76791e-08
5.38759e-08
1.01326e-07
1.84579e-07
3.26483e-07
5.62168e-07
9.4473e-07
1.55339e-06
2.50512e-06
3.97123e-06
6.20071e-06
9.55273e-06
1.45413e-05
2.18958e-05
3.26413e-05
4.82052e-05
7.05542e-05
0.000102371
0.000147275
0.000210101
0.000297234
0.00041702
0.000580243
0.000800688
0.00109577
0.00148723
0.00200191
0.00267248
0.00353828
0.00464597
0.0060502
0.00781397
0.0100088
0.0127147
0.0160191
0.0200162
0.0248049
0.0304865
0.0371611
0.0449246
0.0538633
0.0640497
0.0755363
0.0883507
0.10249
0.117914
0.134546
0.152261
0.170894
0.190231
0.210016
0.229955
0.249719
0.268955
0.287293
0.304362
0.319797
0.333255
0.344429
0.353054
0.358923
0.361895
0.361895
0.358923
0.353054
0.344429
0.333255
0.319797
0.304362
0.287293
