ordre_1
1.4013e-45
2.8026e-45
4.2039e-45
5.60519e-45
7.00649e-45
8.40779e-45
9.80909e-45
1.12104e-44
1.26117e-44
1.4013e-44
1.54143e-44
1.68156e-44
1.82169e-44
1.96182e-44
2.10195e-44
2.24208e-44
2.38221e-44
2.52234e-44
2.66247e-44
2.8026e-44
2.94273e-44
3.08286e-44
3.22299e-44
3.36312e-44
3.50325e-44
3.64338e-44
3.78351e-44
3.92364e-44
4.06377e-44
4.2039e-44
4.34403e-44
4.48416e-44
4.62428e-44
4.76441e-44
4.90454e-44
5.04467e-44
5.1848e-44
5.32493e-44
5.46506e-44
5.60519e-44
5.74532e-44
5.88545e-44
7.14662e-44
1.68156e-43
7.24471e-43
3.8844e-42
2.12899e-41
1.1471e-40
6.03804e-40
3.10241e-39
1.5563e-38
7.62476e-38
3.64972e-37
1.70745e-36
7.80988e-36
3.49374e-35
1.52907e-34
6.54919e-34
2.74601e-33
1.12745e-32
4.53413e-32
1.78652e-31
6.89846e-31
2.61118e-30
9.69102e-30
3.52737e-29
1.25946e-28
4.41226e-28
1.51698e-27
5.11955e-27
1.69631e-26
5.51934e-26
1.76385e-25
5.53747e-25
1.70811e-24
5.17794e-24
1.5428e-23
4.51904e-23
1.3015e-22
3.68617e-22
1.02685e-21
2.81394e-21
7.58689e-21
2.0129e-20
5.25599e-20
1.35092e-19
3.41831e-19
8.51654e-19
2.08954e-18
5.04937e-18
1.20195e-17
2.81876e-17
6.51358e-17
1.48331e-16
3.32935e-16
7.36655e-16
1.60698e-15
3.45672e-15
7.33311e-15
1.53444e-14
3.16751e-14
