ordre_2
-1.72431e-23
-1.18077e-21
4.75113e-23
6.88615e-21
7.79311e-22
-2.93782e-20
-9.04966e-21
1.07676e-19
6.0122e-20
-3.52686e-19
-3.10371e-19
1.03506e-18
1.35829e-18
-2.65765e-18
-5.21543e-18
5.55053e-18
1.77819e-17
-7.04617e-18
-5.36873e-17
-9.82573e-18
1.40813e-16
1.10305e-16
-3.04749e-16
-4.84657e-16
4.61972e-16
1.55308e-15
-4.92044e-17
-3.88848e-15
-2.84273e-15
7.1757e-15
1.25903e-14
-6.4885e-15
-3.4908e-14
-1.55843e-14
6.55648e-14
9.53476e-14
-5.62852e-14
-2.63997e-13
-1.37167e-13
4.30089e-13
7.32867e-13
-1.37505e-13
-1.67072e-12
-1.53463e-12
1.69664e-12
5.00046e-12
2.36909e-12
-7.06607e-12
-1.30042e-11
-2.11575e-12
2.21431e-11
3.15897e-11
-1.21226e-12
-5.97012e-11
-7.56554e-11
7.39575e-12
1.44652e-10
1.83762e-10
1.39894e-12
-3.14676e-10
-4.47837e-10
-1.11684e-10
5.84455e-10
1.04317e-09
5.98702e-10
-7.81326e-10
-2.14512e-09
-2.07207e-09
1.18948e-10
3.3855e-09
5.21123e-09
3.27978e-09
-2.44394e-09
-8.86295e-09
-1.11576e-08
-5.92667e-09
5.89241e-09
1.84681e-08
2.37092e-08
1.58794e-08
-4.41692e-09
-2.93508e-08
-4.68522e-08
-4.61849e-08
-2.32202e-08
1.68695e-08
6.13603e-08
9.40123e-08
1.02106e-07
7.84604e-08
2.7782e-08
-4.37665e-08
-1.15564e-07
-1.86707e-07
-2.25548e-07
-2.64594e-07
-2.41503e-07
-2.61014e-07
-1.69313e-07
-2.0454e-07
-4.80864e-08
