ordre_1
1.4013e-45
2.8026e-45
4.2039e-45
5.60519e-45
7.00649e-45
8.40779e-45
9.80909e-45
1.12104e-44
1.26117e-44
1.4013e-44
1.54143e-44
1.68156e-44
1.82169e-44
1.96182e-44
2.10195e-44
2.24208e-44
2.38221e-44
2.52234e-44
2.66247e-44
2.8026e-44
2.94273e-44
3.08286e-44
3.22299e-44
3.36312e-44
3.50325e-44
3.64338e-44
3.78351e-44
3.92364e-44
4.62428e-44
1.09301e-43
5.95552e-43
4.06377e-42
2.79237e-41
1.86347e-40
1.20269e-39
7.50828e-39
4.53717e-38
2.65589e-37
1.50705e-36
8.29526e-36
4.43199e-35
2.29985e-34
1.1598e-33
5.68714e-33
2.71305e-32
1.25978e-31
5.69658e-31
2.50967e-30
1.07769e-29
4.51259e-29
1.84329e-28
7.34795e-28
2.85959e-27
1.08684e-26
4.03554e-26
1.46439e-25
5.19484e-25
1.80212e-24
6.11537e-24
2.03056e-23
6.59916e-23
2.09971e-22
6.54249e-22
1.99689e-21
5.97179e-21
1.75025e-20
5.02857e-20
1.41659e-19
3.91378e-19
1.06072e-18
2.8207e-18
7.36136e-18
1.88582e-17
4.74324e-17
1.17159e-16
2.84248e-16
6.77528e-16
1.58693e-15
3.65328e-15
8.26782e-15
1.83982e-14
4.02653e-14
8.66859e-14
1.83622e-13
3.82786e-13
7.85489e-13
1.58701e-12
3.15772e-12
6.18912e-12
1.19524e-11
2.27489e-11
4.26835e-11
7.89716e-11
1.44117e-10
2.59486e-10
4.61104e-10
8.08908e-10
1.40136e-09
2.39822e-09
4.05562e-09
6.7795e-09
