ordre_2
-1.4013e-45
-2.8026e-45
-2.8026e-45
-1.4013e-45
0
1.4013e-45
1.4013e-45
1.4013e-45
7.00649e-45
1.4013e-45
-2.24208e-44
-9.80909e-45
6.30584e-44
2.8026e-44
-2.07392e-43
-1.24716e-43
6.50202e-43
5.10073e-43
-1.96042e-42
-1.98003e-42
5.67806e-42
7.29936e-42
-1.57212e-41
-2.57685e-41
4.11463e-41
8.73569e-41
-9.97164e-41
-2.84834e-40
2.13889e-40
8.92899e-40
-3.57334e-40
-2.68716e-39
1.84243e-40
7.73763e-39
2.0401e-39
-2.11927e-38
-1.31427e-38
5.46599e-38
5.66975e-38
-1.30376e-37
-2.06746e-37
2.77179e-37
6.77386e-37
-4.77139e-37
-2.03813e-36
4.16476e-37
5.66452e-36
1.40721e-36
-1.44704e-35
-1.04305e-35
3.33642e-35
4.3477e-35
-6.63165e-35
-1.46529e-34
9.8603e-35
4.3042e-34
-3.00243e-35
-1.12274e-33
-5.27532e-34
2.57612e-33
2.77025e-33
-4.96136e-33
-9.82093e-33
6.77076e-33
2.85561e-32
1.39151e-34
-7.08315e-32
-4.37041e-32
1.4746e-31
1.99953e-31
-2.33434e-31
-6.37684e-31
1.50641e-31
1.64201e-30
7.34426e-31
-3.44647e-30
-4.11334e-30
5.36968e-30
1.35149e-29
-3.13742e-30
-3.40593e-29
-1.73275e-29
6.69478e-29
9.02292e-29
-8.84042e-29
-2.76755e-28
-3.93139e-30
6.33961e-28
4.86521e-28
-1.04793e-27
-1.89317e-27
7.30135e-28
4.85406e-27
2.87063e-27
-9.2319e-27
-1.54687e-26
1.24654e-26
4.43543e-26
-9.66688e-27
-7.8692e-26
1.95543e-27
