ordre_2
-1.4013e-45
-2.8026e-45
-2.8026e-45
-1.4013e-45
0
1.4013e-45
1.4013e-45
0
-1.4013e-45
-2.8026e-45
-2.8026e-45
-4.2039e-45
2.8026e-45
1.54143e-44
-9.80909e-45
-5.32493e-44
1.12104e-44
1.56945e-43
-2.10195e-44
-5.08671e-43
-4.90454e-44
1.54843e-42
4.83448e-43
-4.59766e-42
-2.54616e-42
1.31554e-41
1.09049e-41
-3.60834e-41
-4.1875e-41
9.38646e-41
1.48976e-40
-2.27334e-40
-4.98649e-40
4.9389e-40
1.58129e-39
-8.74262e-40
-4.76176e-39
7.87505e-40
1.35964e-38
2.80745e-39
-3.66131e-38
-2.18358e-38
9.195e-38
9.66662e-38
-2.10637e-37
-3.50302e-37
4.18841e-37
1.12423e-36
-6.21701e-37
-3.27872e-36
1.38956e-37
8.7358e-36
3.80751e-36
-2.10673e-35
-2.0363e-35
4.46011e-35
7.5575e-35
-7.59671e-35
-2.34471e-34
6.91793e-35
6.36187e-34
1.74913e-34
-1.51398e-33
-1.30085e-33
3.05825e-33
5.04373e-33
-4.64898e-33
-1.53285e-32
2.2048e-33
3.91888e-32
1.90077e-32
-8.40149e-32
-1.00104e-31
1.39604e-31
3.34026e-31
-1.15968e-31
-8.81295e-31
-3.18751e-31
1.88525e-30
2.06417e-30
-3.01648e-30
-7.01871e-30
2.0502e-30
1.80028e-29
8.40259e-30
-3.59973e-29
-4.60988e-29
4.9296e-29
1.41458e-28
-4.71085e-30
-3.17036e-28
-2.50368e-28
4.95289e-28
1.05116e-27
-2.72671e-28
-2.95471e-27
-1.3304e-27
6.42808e-27
5.14823e-27
-9.85951e-27
-6.66747e-27
