ordre_2
2.8652e-15
5.13544e-15
-2.38569e-14
-3.47682e-14
9.99079e-14
1.77057e-13
-3.00485e-13
-7.55799e-13
6.00127e-13
2.71345e-12
-1.2669e-13
-7.94462e-12
-5.35625e-12
1.73895e-11
2.82323e-11
-1.99455e-11
-8.80317e-11
-3.59813e-11
1.70529e-10
2.60232e-10
-9.69641e-11
-6.75122e-10
-5.86251e-10
6.85042e-10
2.04505e-09
1.30045e-09
-2.20295e-09
-5.48295e-09
-3.71306e-09
4.45762e-09
1.31918e-08
1.25594e-08
-2.44749e-09
-2.45986e-08
-3.659e-08
-2.29309e-08
1.6905e-08
6.44474e-08
9.10791e-08
7.40773e-08
9.43513e-09
-8.59369e-08
-1.82543e-07
-2.50934e-07
-2.7119e-07
-2.34997e-07
-1.40387e-07
1.80836e-08
2.61018e-07
6.36826e-07
1.23683e-06
2.21629e-06
3.82622e-06
6.46174e-06
1.07342e-05
1.75759e-05
2.8388e-05
4.52469e-05
7.11829e-05
0.000110552
0.000169521
0.00025669
0.000383866
0.000567016
0.000827383
0.00119278
0.00169905
0.00239158
0.00332692
0.00457426
0.00621669
0.00835208
0.0110934
0.0145681
0.0189166
0.0242895
0.0308432
0.0387345
0.048113
0.0591126
0.071842
0.0863742
0.102736
0.120897
0.140764
0.162171
0.184876
0.208561
0.23284
0.25726
0.281318
0.30447
0.326184
0.345837
0.363165
0.376863
0.389277
0.391232
0.411012
0.357979
0.517317
