ordre_1
1.4013e-45
2.8026e-45
4.2039e-45
5.60519e-45
7.00649e-45
8.40779e-45
9.80909e-45
1.12104e-44
1.26117e-44
1.4013e-44
1.54143e-44
1.68156e-44
1.82169e-44
1.96182e-44
2.10195e-44
2.52234e-44
7.14662e-44
6.10966e-43
6.17832e-42
6.03763e-41
5.58848e-40
4.90154e-39
4.08225e-38
3.23502e-37
2.44385e-36
1.76295e-35
1.21636e-34
8.0384e-34
5.09511e-33
3.10141e-32
1.81507e-31
1.02243e-30
5.54906e-30
2.9045e-29
1.4675e-28
7.16327e-28
3.38077e-27
1.5439e-26
6.82709e-26
2.92521e-25
1.21525e-24
4.89807e-24
1.91642e-23
7.2829e-23
2.68966e-22
9.65808e-22
3.37363e-21
1.14689e-20
3.79629e-20
1.22405e-19
3.84614e-19
1.17818e-18
3.51993e-18
1.02602e-17
2.91902e-17
8.10846e-17
2.19996e-16
5.832e-16
1.51111e-15
3.82822e-15
9.48562e-15
2.29958e-14
5.45619e-14
1.26745e-13
2.88351e-13
6.42692e-13
1.40386e-12
3.00631e-12
6.31371e-12
1.30086e-11
2.63048e-11
5.22221e-11
1.01826e-10
1.95086e-10
3.67392e-10
6.80385e-10
1.23963e-09
2.22301e-09
3.92555e-09
6.82939e-09
1.17111e-08
1.98047e-08
3.30454e-08
5.4432e-08
8.85563e-08
1.42374e-07
2.26313e-07
3.5585e-07
5.5375e-07
8.53191e-07
1.30212e-06
1.96925e-06
2.95227e-06
4.38895e-06
6.47205e-06
9.46918e-06
1.37489e-05
1.98151e-05
2.83505e-05
4.02737e-05
5.68099e-05
