ordre_2
-1.61407e-11
-5.24016e-10
-1.37352e-10
2.59363e-09
2.66649e-09
-6.43026e-09
-1.51929e-08
-7.32756e-10
3.76501e-08
5.72586e-08
8.85574e-09
-1.02894e-07
-2.07323e-07
-2.16939e-07
-8.05627e-08
2.11712e-07
6.67709e-07
1.33984e-06
2.35627e-06
3.94174e-06
6.44597e-06
1.0394e-05
1.6566e-05
2.61136e-05
4.07187e-05
6.28092e-05
9.58442e-05
0.000144689
0.000216096
0.000319308
0.000466808
0.000675217
0.000966354
0.00136845
0.00191747
0.00265858
0.00364756
0.00495217
0.00665333
0.0088459
0.011639
0.0151553
0.0195301
0.024908
0.0314396
0.0392762
0.0485627
0.0594299
0.0719853
0.0863034
0.102415
0.120298
0.139869
0.160974
0.183389
0.206812
0.230874
0.255136
0.279111
0.30227
0.324065
0.343949
0.3614
0.37594
0.387161
0.394741
0.398463
0.398218
0.394021
0.386
0.374394
0.359543
0.341867
0.321849
0.300014
0.276904
0.253058
0.228992
0.205178
0.182036
0.159921
0.139117
0.119834
0.102215
0.0863351
0.0722105
0.0598078
0.0490527
0.0398402
0.0320431
0.0255216
0.02013
0.0157234
0.0121624
0.00931678
0.00706766
0.00531064
0.00394744
0.00292507
0.00206347
0.00179476
