ordre_2
6.9938e-20
4.44133e-18
-7.66353e-20
-2.56246e-17
-4.72817e-18
1.06817e-16
4.76823e-17
-3.7463e-16
-2.96097e-16
1.1332e-15
1.42821e-15
-2.8751e-15
-5.73304e-15
5.45581e-15
1.95435e-14
-3.72422e-15
-5.60886e-14
-2.70137e-14
1.29397e-13
1.63845e-13
-2.04924e-13
-5.70742e-13
3.46038e-14
1.40521e-12
1.15659e-12
-2.21987e-12
-4.74051e-12
4.01384e-13
1.09168e-11
1.03597e-11
-1.24946e-11
-3.54799e-11
-1.35241e-11
5.72742e-11
9.42839e-11
-9.6339e-13
-1.85682e-10
-2.30382e-10
5.81628e-11
5.0648e-10
5.66353e-10
-1.50819e-10
-1.22001e-09
-1.4507e-09
3.74609e-11
2.53163e-09
3.6885e-09
1.36205e-09
-3.93572e-09
-8.31308e-09
-6.89849e-09
1.91058e-09
1.37213e-08
1.97778e-08
1.26664e-08
-7.5651e-09
-3.14156e-08
-4.41195e-08
-3.39477e-08
2.85625e-10
4.70307e-08
8.64618e-08
9.91296e-08
7.42912e-08
1.40304e-08
-6.81727e-08
-1.52988e-07
-2.21919e-07
-2.62264e-07
-2.68796e-07
-2.42053e-07
-1.84144e-07
-9.31205e-08
4.35476e-08
2.56904e-07
6.07681e-07
1.20377e-06
2.2279e-06
3.9804e-06
6.94348e-06
1.18766e-05
1.99545e-05
3.29656e-05
5.35816e-05
8.57386e-05
0.000135092
0.000209745
0.000320774
0.000483977
0.000718959
0.00105622
0.00152327
0.00218745
0.00304887
0.00432614
0.00572336
0.00830877
0.00976615
0.016273
0.0131139
0.0365578
