ordre_2
1.98366e-39
1.53732e-37
-1.15327e-38
-9.10822e-37
-3.93614e-39
4.00855e-36
3.87765e-37
-1.55033e-35
-3.28366e-36
5.54317e-35
1.95245e-35
-1.86987e-34
-9.7418e-35
6.00009e-34
4.34085e-34
-1.83459e-33
-1.77908e-33
5.32794e-33
6.81413e-33
-1.45694e-32
-2.46087e-32
3.68598e-32
8.41898e-32
-8.31266e-32
-2.7329e-31
1.51433e-31
8.40877e-31
-1.35823e-31
-2.44269e-30
-5.40361e-31
6.64604e-30
4.178e-30
-1.66857e-29
-1.85984e-29
3.75262e-29
6.74016e-29
-7.04252e-29
-2.14292e-28
8.46361e-29
6.10886e-28
8.53656e-29
-1.55966e-27
-1.04645e-27
3.48467e-27
4.61964e-27
-6.35342e-27
-1.54349e-26
7.12993e-27
4.32329e-26
8.25923e-27
-1.02975e-25
-8.51217e-26
2.00402e-25
3.39461e-25
-2.66701e-25
-1.0054e-24
-3.82768e-26
2.39693e-24
1.77416e-24
-4.45499e-24
-7.43194e-24
5.07249e-24
2.12374e-23
4.15256e-24
-4.62356e-23
-4.54261e-23
7.08491e-23
1.6044e-22
-3.2403e-23
-3.9051e-22
-2.49126e-22
6.69371e-22
1.12289e-21
-5.28909e-22
-2.94382e-21
-1.41085e-21
5.2057e-21
7.73571e-21
-4.3044e-21
-2.06476e-20
-9.82749e-21
3.50042e-20
5.39537e-20
-2.27978e-20
-1.35663e-19
-8.38913e-20
2.00457e-19
3.73317e-19
-3.94219e-20
-8.13261e-19
-7.45588e-19
9.11312e-19
2.40462e-18
6.82786e-19
-3.8602e-18
-5.97853e-18
1.01701e-18
1.57761e-17
1.1092e-17
-2.45238e-17
-1.88605e-17
