ordre_1
6.86636e-44
8.78334e-42
5.47503e-40
2.25772e-38
6.92821e-37
1.68751e-35
3.39824e-34
5.81912e-33
8.6495e-32
1.13363e-30
1.32641e-29
1.39943e-28
1.34238e-27
1.17886e-26
9.53375e-26
7.13653e-25
4.96648e-24
3.22575e-23
1.96211e-22
1.12113e-21
6.03415e-21
3.06677e-20
1.47512e-19
6.72885e-19
2.91636e-18
1.20303e-17
4.73089e-17
1.77617e-16
6.37535e-16
2.19062e-15
7.21443e-15
2.2799e-14
6.92127e-14
2.02056e-13
5.67822e-13
1.53758e-12
4.01571e-12
1.0125e-11
2.46686e-11
5.81312e-11
1.32616e-10
2.93165e-10
6.28603e-10
1.30862e-09
2.64769e-09
5.21184e-09
9.9921e-09
1.86792e-08
3.40883e-08
6.08032e-08
1.06137e-07
1.81547e-07
3.04686e-07
5.02371e-07
8.14825e-07
1.3017e-06
2.05057e-06
3.18885e-06
4.90028e-06
7.44762e-06
1.12034e-05
1.66916e-05
2.46421e-05
3.60637e-05
5.23371e-05
7.53348e-05
0.000107572
0.000152397
0.000214219
0.000298791
0.000413543
0.000567973
0.000774096
0.00104695
0.00140516
0.00187151
0.00247359
0.00324442
0.00422296
0.00545469
0.00699193
0.00889403
0.0112273
0.0140646
0.0174847
0.0215707
0.0264089
0.0320858
0.0386862
0.046289
0.0549642
0.0647684
0.0757404
0.0878969
0.101228
0.115694
0.131222
0.147701
0.164985
0.182889
0.201195
