ordre_1
2.6724e-07
1.96284e-06
3.20013e-06
5.16556e-06
8.25534e-06
1.30623e-05
2.04631e-05
3.17388e-05
4.87391e-05
7.41024e-05
0.000111546
0.000166243
0.000245301
0.000358364
0.000518341
0.000742292
0.00105245
0.00147739
0.00205333
0.00282545
0.00384933
0.00519219
0.00693399
0.00916819
0.012002
0.0155556
0.0199614
0.0253608
0.0319008
0.0397291
0.0489873
0.0598034
0.072283
0.0864996
0.102485
0.120219
0.139623
0.160548
0.182777
0.206019
0.229911
0.254028
0.277888
0.300973
0.322739
0.342645
0.360168
0.374829
0.386215
0.393998
0.397947
0.397947
0.393998
0.386215
0.374829
0.360168
0.342645
0.322739
0.300973
0.277888
0.254028
0.229911
0.206019
0.182777
0.160548
0.139623
0.120219
0.102485
0.0864996
0.072283
0.0598034
0.0489873
0.0397291
0.0319008
0.0253608
0.0199614
0.0155556
0.012002
0.00916819
0.00693399
0.00519219
0.00384933
0.00282545
0.00205333
0.00147739
0.00105245
0.000742292
0.000518341
0.000358364
0.000245301
0.000166243
0.000111546
7.41023e-05
4.87391e-05
3.17388e-05
2.04631e-05
1.30623e-05
8.25533e-06
5.16556e-06
3.20012e-06
1.96284e-06
