ordre_2
-1.46669e-24
9.76566e-24
1.37297e-23
-5.57228e-23
-7.3447e-23
2.29203e-22
3.33656e-22
-7.97032e-22
-1.38207e-21
2.42533e-21
5.31794e-21
-6.37788e-21
-1.90725e-20
1.34506e-20
6.3561e-20
-1.58845e-20
-1.95242e-19
-3.83627e-20
5.44467e-19
3.69487e-19
-1.33865e-18
-1.71979e-18
2.71357e-18
6.16516e-18
-3.59871e-18
-1.83926e-17
-2.22214e-18
4.57964e-17
3.63579e-17
-8.99064e-17
-1.54316e-16
1.08074e-16
4.56592e-16
9.23113e-17
-1.01448e-15
-1.04068e-15
1.50265e-15
3.68146e-15
-2.35362e-16
-8.54384e-15
-7.22617e-15
1.22684e-14
2.74752e-14
-2.21647e-16
-5.94266e-14
-5.89796e-14
6.55174e-14
1.91374e-13
6.60228e-14
-3.22099e-13
-4.85424e-13
1.10936e-13
1.09318e-12
1.03003e-12
-9.44576e-13
-3.10861e-12
-1.89871e-12
3.61256e-12
8.01317e-12
3.23322e-12
-1.0733e-11
-1.96355e-11
-5.95023e-12
2.74745e-11
4.70446e-11
1.47584e-11
-6.20768e-11
-1.10884e-10
-4.78989e-11
1.20763e-10
2.52284e-10
1.61763e-10
-1.80863e-10
-5.29906e-10
-4.94024e-10
1.08196e-10
9.47998e-10
1.28049e-09
5.02609e-10
-1.19056e-09
-2.64313e-09
-2.40178e-09
1.05706e-10
3.7357e-09
5.95072e-09
4.3755e-09
-1.30003e-09
-8.43065e-09
-1.24352e-08
-9.42387e-09
1.02228e-09
1.47339e-08
2.43895e-08
2.32598e-08
8.68576e-09
-1.48615e-08
-3.87479e-08
-5.13574e-08
-4.1034e-08
-2.80527e-08
5.64872e-08
