ordre_2
1.1839e-38
-1.5847e-39
-1.05691e-37
3.85888e-39
5.19601e-37
2.35848e-38
-2.12401e-36
-3.11725e-37
7.87639e-36
2.14054e-36
-2.73486e-35
-1.15633e-35
9.0108e-35
5.43898e-35
-2.8308e-34
-2.32419e-34
8.47562e-34
9.22106e-34
-2.40608e-33
-3.43802e-33
6.4032e-33
1.21279e-32
-1.56169e-32
-4.061e-32
3.3181e-32
1.2915e-31
-5.2583e-32
-3.89311e-31
9.97218e-33
1.10672e-30
3.95726e-31
-2.93845e-30
-2.29242e-30
7.15619e-30
9.35951e-30
-1.53986e-29
-3.23296e-29
2.65439e-29
9.92218e-29
-2.25841e-29
-2.74101e-28
-7.95892e-29
6.76928e-28
5.65836e-28
-1.44858e-27
-2.25732e-27
2.44492e-27
7.15829e-27
-2.02299e-27
-1.92685e-26
-6.58546e-27
4.40688e-26
4.39794e-26
-8.09167e-26
-1.60585e-25
9.22967e-26
4.52702e-25
8.38763e-26
-1.03334e-24
-9.24403e-25
1.80948e-24
3.49878e-24
-1.71904e-24
-9.50017e-24
-3.11294e-24
1.97495e-23
2.24436e-23
-2.8e-23
-7.36494e-23
4.92167e-24
1.71337e-22
1.29545e-22
-2.77921e-22
-5.2376e-22
1.73957e-22
1.31133e-21
7.56725e-22
-2.21497e-21
-3.62388e-21
1.56143e-21
9.26625e-21
5.14216e-21
-1.5112e-20
-2.51264e-20
8.34445e-21
6.10212e-20
4.14045e-20
-8.72139e-20
-1.72933e-19
9.7479e-21
3.69831e-19
3.45396e-19
-4.01744e-19
-1.0792e-18
-3.88356e-19
1.74243e-18
3.05495e-18
-8.94141e-19
-7.86143e-18
-2.13149e-18
8.85101e-18
