ordre_1
1.4013e-45
2.8026e-45
4.2039e-45
5.60519e-45
7.00649e-45
8.40779e-45
9.80909e-45
1.12104e-44
1.26117e-44
1.4013e-44
1.54143e-44
1.68156e-44
1.82169e-44
1.96182e-44
2.10195e-44
2.24208e-44
2.38221e-44
2.52234e-44
2.66247e-44
2.8026e-44
2.94273e-44
3.08286e-44
3.22299e-44
3.36312e-44
3.50325e-44
3.64338e-44
3.78351e-44
3.92364e-44
4.06377e-44
4.2039e-44
4.34403e-44
4.48416e-44
4.62428e-44
4.76441e-44
4.90454e-44
5.04467e-44
5.1848e-44
5.32493e-44
5.46506e-44
5.60519e-44
5.74532e-44
5.88545e-44
6.02558e-44
6.16571e-44
6.30584e-44
6.44597e-44
6.5861e-44
6.72623e-44
6.86636e-44
7.00649e-44
7.14662e-44
7.28675e-44
7.42688e-44
7.56701e-44
7.70714e-44
7.84727e-44
7.9874e-44
8.12753e-44
8.26766e-44
8.40779e-44
8.54792e-44
8.68805e-44
8.82818e-44
8.96831e-44
9.10844e-44
9.24857e-44
1.02295e-43
1.56945e-43
4.13383e-43
1.56105e-42
6.60152e-42
2.8295e-41
1.20076e-40
5.01802e-40
2.06295e-39
8.34227e-39
3.31868e-38
1.29896e-37
5.00322e-37
1.89667e-36
7.07765e-36
2.60021e-35
9.40615e-35
3.35091e-34
1.17577e-33
4.06395e-33
1.38388e-32
4.64336e-32
1.53534e-31
5.00341e-31
1.60721e-30
5.08951e-30
1.58901e-29
4.89189e-29
1.48515e-28
4.44694e-28
1.31339e-27
3.8266e-27
1.09993e-26
3.11959e-26
8.73077e-26
