ordre_1
1.4013e-45
2.8026e-45
4.2039e-45
5.60519e-45
7.00649e-45
8.40779e-45
9.80909e-45
1.12104e-44
1.26117e-44
1.4013e-44
1.54143e-44
1.68156e-44
1.82169e-44
1.96182e-44
2.10195e-44
2.24208e-44
2.38221e-44
2.52234e-44
2.66247e-44
2.8026e-44
2.94273e-44
3.08286e-44
3.22299e-44
3.36312e-44
3.50325e-44
3.64338e-44
3.78351e-44
3.92364e-44
4.06377e-44
4.2039e-44
4.34403e-44
4.48416e-44
4.62428e-44
4.76441e-44
5.46506e-44
1.12104e-43
5.14277e-43
3.08005e-42
1.89722e-41
1.14399e-40
6.70744e-40
3.82185e-39
2.11714e-38
1.14081e-37
5.98266e-37
3.05499e-36
1.51974e-35
7.36839e-35
3.48348e-34
1.60647e-33
7.22984e-33
3.17651e-32
1.36301e-31
5.71389e-31
2.34098e-30
9.37658e-30
3.6729e-29
1.40743e-28
5.27751e-28
1.93705e-27
6.96117e-27
2.45004e-26
8.44748e-26
2.854e-25
9.45067e-25
3.06801e-24
9.76645e-24
3.04932e-23
9.34008e-23
2.80721e-22
8.28067e-22
2.39781e-21
6.81723e-21
1.90341e-20
5.22004e-20
1.40641e-19
3.72334e-19
9.68753e-19
2.47762e-18
6.22981e-18
1.54033e-17
3.74563e-17
8.95963e-17
2.10855e-16
4.88295e-16
1.11292e-15
2.49693e-15
5.51549e-15
1.19972e-14
2.5702e-14
5.42414e-14
1.12785e-13
2.31104e-13
4.66755e-13
9.29347e-13
1.82458e-12
3.53294e-12
6.74818e-12
1.27178e-11
2.36541e-11
4.34284e-11
