ordre_2
2.10195e-44
1.14906e-43
-1.82169e-43
-6.82432e-43
8.61799e-43
3.06884e-42
-3.30566e-42
-1.22445e-41
1.1188e-41
4.56459e-41
-3.40866e-41
-1.62266e-40
9.28122e-41
5.55574e-40
-2.15279e-40
-1.84013e-39
3.5385e-40
5.9039e-39
9.13591e-41
-1.83371e-38
-4.39364e-39
5.50016e-38
2.67798e-38
-1.58632e-37
-1.22027e-37
4.36846e-37
4.84075e-37
-1.13543e-36
-1.75441e-36
2.72836e-36
5.92795e-36
-5.8059e-36
-1.88395e-35
9.71093e-36
5.64612e-35
-5.98574e-36
-1.59221e-34
-4.61792e-35
4.1935e-34
2.99711e-34
-1.01534e-33
-1.25139e-33
2.1853e-33
4.34573e-33
-3.8345e-33
-1.33593e-32
3.73744e-33
3.7023e-32
8.65996e-33
-9.22513e-32
-7.02231e-32
2.01699e-31
2.88935e-31
-3.59774e-31
-9.37043e-31
3.86742e-31
2.59297e-30
5.33076e-31
-6.19151e-30
-5.04378e-30
1.23342e-29
2.01108e-29
-1.78287e-29
-6.0727e-29
4.49209e-30
1.50856e-28
8.89464e-29
-3.04764e-28
-4.21025e-28
4.40411e-28
1.31135e-27
-1.21295e-28
-3.18945e-27
-2.01938e-27
6.00794e-27
9.16624e-27
-7.12436e-27
-2.66486e-26
-3.94061e-27
5.8242e-26
5.4533e-26
-8.9684e-26
-1.95374e-25
4.46433e-26
4.76759e-25
2.95005e-25
-8.24348e-25
-1.35358e-24
7.03965e-25
3.5702e-24
1.46476e-24
-6.32239e-24
-8.77681e-24
4.96345e-24
2.49693e-23
1.39218e-23
-5.05488e-23
-7.09925e-23
7.59231e-23
1.49315e-22
-6.43118e-23
