ordre_2
9.88056e-42
7.71923e-40
-5.95566e-41
-4.5778e-39
1.09273e-41
2.01824e-38
1.68873e-39
-7.82773e-38
-1.49128e-38
2.81074e-37
9.01133e-38
-9.5405e-37
-4.54491e-37
3.08864e-36
2.04477e-36
-9.56284e-36
-8.46531e-36
2.82695e-35
3.27955e-35
-7.93167e-35
-1.20042e-34
2.08666e-34
4.17387e-34
-5.0252e-34
-1.38199e-33
1.04922e-33
4.35808e-33
-1.59763e-33
-1.30608e-32
-3.54976e-35
3.70133e-32
1.3933e-32
-9.82757e-32
-7.7652e-32
2.40345e-31
3.1388e-31
-5.23016e-31
-1.08313e-30
9.27788e-31
3.34033e-30
-9.09904e-31
-9.32674e-30
-2.17825e-30
2.34648e-29
1.77371e-29
-5.18721e-29
-7.36635e-29
9.37528e-29
2.4103e-28
-1.03404e-28
-6.71955e-28
-1.31476e-28
1.61273e-27
1.30505e-27
-3.2163e-27
-5.24736e-27
4.60555e-27
1.58609e-26
-8.69708e-28
-3.91706e-26
-2.43259e-26
7.77595e-26
1.12354e-25
-1.06562e-25
-3.43099e-25
3.84774e-27
8.10712e-25
5.93158e-25
-1.44513e-24
-2.47851e-24
1.42866e-24
6.81876e-24
2.11653e-24
-1.38548e-23
-1.6013e-23
1.81974e-23
5.1075e-23
2.01279e-24
-1.12129e-22
-1.00414e-22
1.60881e-22
3.61386e-22
-3.33725e-23
-8.16753e-22
-6.62925e-22
1.15704e-21
2.49197e-21
-1.54264e-22
-5.48795e-21
-4.84331e-21
7.08967e-21
1.66855e-20
1.38197e-21
-3.18648e-20
-3.70869e-20
2.62842e-20
1.19329e-19
5.05184e-20
-2.38996e-19
-1.93024e-19
2.41337e-19
