ordre_1
1.4013e-45
2.8026e-45
4.2039e-45
5.60519e-45
7.00649e-45
8.40779e-45
9.80909e-45
1.12104e-44
1.26117e-44
1.4013e-44
1.54143e-44
1.68156e-44
1.82169e-44
1.96182e-44
2.10195e-44
2.24208e-44
2.38221e-44
2.52234e-44
2.66247e-44
2.8026e-44
2.94273e-44
3.08286e-44
3.22299e-44
3.36312e-44
3.50325e-44
3.64338e-44
3.78351e-44
3.92364e-44
4.06377e-44
4.2039e-44
4.34403e-44
4.48416e-44
4.62428e-44
4.76441e-44
5.1848e-44
8.40779e-44
3.1249e-43
1.79646e-42
1.10268e-41
6.6685e-41
3.92572e-40
2.2463e-39
1.24966e-38
6.76263e-38
3.56173e-37
1.82663e-36
9.12618e-36
4.44406e-35
2.11016e-34
9.77409e-34
4.41816e-33
1.94975e-32
8.4033e-32
3.53845e-31
1.45619e-30
5.85878e-30
2.30528e-29
8.87361e-29
3.34247e-28
1.2324e-27
4.44911e-27
1.57308e-26
5.44876e-26
1.84937e-25
6.15234e-25
2.00654e-24
6.41723e-24
2.01298e-23
6.1947e-23
1.87061e-22
5.54394e-22
1.61294e-21
4.60752e-21
1.29257e-20
3.56173e-20
9.64208e-20
2.56488e-19
6.70543e-19
1.72319e-18
4.35371e-18
1.08165e-17
2.64298e-17
6.35263e-17
1.50226e-16
3.49575e-16
8.00608e-16
1.80492e-15
4.00621e-15
8.75633e-15
1.88496e-14
3.99717e-14
8.35131e-14
1.71945e-13
3.4893e-13
6.98051e-13
1.37696e-12
2.67876e-12
5.14056e-12
9.73298e-12
1.81859e-11
3.35412e-11
