ordre_1
1.05638e-20
5.13827e-19
1.22621e-17
1.91393e-16
2.19784e-15
1.98041e-14
1.4585e-13
9.03e-13
4.79831e-12
2.22344e-11
9.09963e-11
3.32392e-10
1.09344e-09
3.26494e-09
8.91245e-09
2.23906e-08
5.21067e-08
1.13051e-07
2.30168e-07
4.42716e-07
8.10055e-07
1.41988e-06
2.40065e-06
3.94062e-06
6.31642e-06
9.93423e-06
1.53872e-05
2.35334e-05
3.55993e-05
5.33167e-05
7.91016e-05
0.000116285
0.000169405
0.00024458
0.000349955
0.000496254
0.000697426
0.000971394
0.0013409
0.00183443
0.00248721
0.00334217
0.00445092
0.0058746
0.00768447
0.00996223
0.0127999
0.0162992
0.02057
0.0257284
0.0318933
0.0391829
0.0477094
0.0575735
0.0688577
0.0816194
0.0958841
0.111638
0.128822
0.147326
0.166987
0.187585
0.208847
0.230447
0.252015
0.273148
0.293415
0.312378
0.329605
0.344684
0.357242
0.36696
0.373585
0.376942
0.376942
0.373585
0.36696
0.357242
0.344684
0.329605
0.312378
0.293415
0.273148
0.252015
0.230447
0.208847
0.187585
0.166987
0.147326
0.128822
0.111638
0.0958841
0.0816194
0.0688577
0.0575735
0.0477094
0.0391829
0.0318933
0.0257284
0.02057
0.0162992
