ordre_2
5.32493e-44
-5.60519e-45
-4.66632e-43
2.10195e-44
2.29112e-42
6.02558e-44
-9.40692e-42
-1.05378e-42
3.51292e-41
7.6665e-42
-1.2323e-40
-4.26023e-41
4.12034e-40
2.04738e-40
-1.32148e-39
-8.92928e-40
4.07254e-39
3.62086e-39
-1.20408e-38
-1.38406e-38
3.39795e-38
5.02773e-38
-9.06226e-38
-1.74386e-37
2.24154e-37
5.78882e-37
-4.94293e-37
-1.83995e-36
8.73013e-37
5.59203e-36
-6.81675e-37
-1.61952e-35
-3.67317e-36
4.44117e-35
2.65685e-35
-1.1404e-34
-1.17779e-34
2.68589e-34
4.32617e-34
-5.55332e-34
-1.41325e-33
8.90889e-34
4.20465e-33
-4.84801e-34
-1.14503e-32
-4.11727e-33
2.83031e-32
2.47354e-32
-6.17985e-32
-9.60281e-32
1.10654e-31
3.06731e-31
-1.19925e-31
-8.51577e-31
-1.67508e-31
2.06841e-30
1.6115e-30
-4.26826e-30
-6.56924e-30
6.70403e-30
2.04229e-29
-3.94142e-30
-5.28137e-29
-2.39907e-29
1.1357e-28
1.32795e-28
-1.87059e-28
-4.46354e-28
1.45331e-28
1.16865e-27
4.70585e-28
-2.44089e-27
-2.86113e-27
3.67133e-27
9.40166e-27
-1.59172e-27
-2.30598e-26
-1.38283e-26
4.25826e-26
6.48103e-26
-4.65951e-26
-1.84481e-25
-4.22197e-26
3.82145e-25
4.0908e-25
-5.17974e-25
-1.35278e-24
1.99476e-26
3.02999e-24
2.49401e-24
-4.46078e-24
-9.11552e-24
1.1277e-24
2.05067e-23
1.88393e-23
-3.00263e-23
-7.58515e-23
1.87921e-23
1.77324e-22
2.14969e-23
-1.96538e-22
