ordre_2
-1.4013e-45
-2.8026e-45
-2.8026e-45
-1.4013e-45
0
1.4013e-45
1.4013e-45
0
-1.4013e-45
-2.8026e-45
-2.8026e-45
-1.4013e-45
0
1.4013e-45
1.4013e-45
2.8026e-45
1.4013e-45
0
-1.4013e-45
-2.8026e-45
-4.2039e-45
-5.60519e-45
-5.60519e-45
-1.4013e-45
1.54143e-44
8.40779e-45
-3.36312e-44
-2.66247e-44
9.10844e-44
1.00893e-43
-2.39622e-43
-3.71344e-43
5.75934e-43
1.23314e-42
-1.28499e-42
-3.92504e-42
2.39762e-42
1.18984e-41
-2.76756e-42
-3.43556e-41
-4.37626e-42
9.40257e-41
4.67291e-41
-2.41961e-40
-2.21435e-40
5.75582e-40
8.34143e-40
-1.22295e-39
-2.76557e-39
2.1235e-39
8.34159e-39
-2.01186e-39
-2.31251e-38
-5.18828e-39
5.87505e-38
4.1331e-38
-1.34438e-37
-1.73473e-37
2.6463e-37
5.83174e-37
-3.87596e-37
-1.70371e-36
1.01885e-37
4.41492e-36
2.12298e-36
-1.00584e-35
-1.09573e-35
1.92219e-35
3.8512e-35
-2.5937e-35
-1.11367e-34
-1.39663e-36
2.75461e-34
1.70582e-34
-5.73943e-34
-7.75097e-34
9.16587e-34
2.47121e-33
-6.33281e-34
-6.39346e-33
-2.70067e-33
1.35956e-32
1.56954e-32
-2.19695e-32
-5.25928e-32
1.64379e-32
1.35415e-31
5.45089e-32
-2.73578e-31
-3.2138e-31
3.7561e-31
1.04333e-30
1.67932e-34
-2.60478e-30
-2.13459e-30
5.33241e-30
8.50279e-30
-8.97648e-30
-2.04245e-29
1.13004e-29
2.30995e-29
