ordre_1
1.4013e-45
2.8026e-45
4.2039e-45
5.60519e-45
7.00649e-45
5.04467e-44
1.17289e-42
2.50272e-41
4.65619e-40
7.65105e-39
1.12413e-37
1.49164e-36
1.80242e-35
1.9971e-34
2.0411e-33
1.93398e-32
1.70641e-31
1.4075e-30
1.08902e-29
7.92816e-29
5.4457e-28
3.53796e-27
2.17892e-26
1.2747e-25
7.09679e-25
3.76658e-24
1.90874e-23
9.24905e-23
4.29125e-22
1.90877e-21
8.14923e-21
3.3431e-20
1.31917e-19
5.01178e-19
1.83493e-18
6.47982e-18
2.20891e-17
7.27451e-17
2.31616e-16
7.13479e-16
2.12786e-15
6.14814e-15
1.72212e-14
4.67923e-14
1.23408e-13
3.16108e-13
7.86878e-13
1.90465e-12
4.48555e-12
1.02841e-11
2.29682e-11
4.99985e-11
1.06152e-10
2.19943e-10
4.45029e-10
8.79938e-10
1.70138e-09
3.2192e-09
5.96507e-09
1.08327e-08
1.92959e-08
3.37403e-08
5.79642e-08
9.79199e-08
1.62802e-07
2.66626e-07
4.30504e-07
6.85879e-07
1.07911e-06
1.67789e-06
2.5802e-06
3.92661e-06
5.91712e-06
8.83389e-06
1.30718e-05
1.91787e-05
2.79083e-05
4.0289e-05
5.77111e-05
8.20382e-05
0.000115746
0.000162091
0.000225323
0.000310931
0.000425935
0.000579235
0.000781995
0.00104808
0.00139454
0.0018421
0.0024157
0.00314503
0.00406496
0.00521602
0.00664469
0.00840358
0.0105513
0.0131524
0.0162765
0.0199973
0.0243915
