ordre_2
5.77924e-41
4.50343e-39
-3.4441e-40
-2.6699e-38
7.05274e-42
1.17644e-37
1.03301e-38
-4.55878e-37
-8.99227e-38
1.63476e-36
5.40463e-37
-5.53811e-36
-2.71629e-36
1.78797e-35
1.2183e-35
-5.51434e-35
-5.0276e-35
1.62125e-34
1.94076e-34
-4.51325e-34
-7.07394e-34
1.17347e-33
2.44722e-33
-2.77227e-33
-8.05326e-33
5.57545e-33
2.52039e-32
-7.57e-33
-7.48167e-32
-5.41382e-33
2.09427e-31
9.53452e-32
-5.46883e-31
-4.85935e-31
1.30555e-30
1.88947e-30
-2.72952e-30
-6.3449e-30
4.43432e-30
1.90859e-29
-2.61913e-30
-5.18622e-29
-1.92003e-29
1.26081e-28
1.1622e-28
-2.64819e-28
-4.44461e-28
4.32474e-28
1.38032e-27
-3.018e-28
-3.66696e-27
-1.43475e-27
8.30438e-27
8.71304e-27
-1.5096e-26
-3.11382e-26
1.68122e-26
8.71254e-26
1.75178e-26
-1.98768e-25
-1.79323e-25
3.50483e-25
6.76267e-25
-3.44432e-25
-1.84788e-24
-5.57778e-25
3.90287e-24
4.26195e-24
-5.76216e-24
-1.43135e-23
1.93444e-24
3.42336e-23
2.32583e-23
-5.84427e-23
-1.00706e-22
4.6761e-23
2.64227e-22
1.22185e-22
-4.7833e-22
-6.87083e-22
4.40462e-22
1.89146e-21
7.49583e-22
-3.40199e-21
-4.7377e-21
2.86396e-21
1.27745e-20
6.10308e-21
-2.12154e-20
-3.34432e-20
1.24506e-20
8.1136e-20
5.28085e-20
-1.07315e-19
-2.20524e-19
-3.24652e-20
4.79846e-19
5.75019e-19
-6.84816e-19
-1.38146e-18
5.25454e-19
