ordre_2
-1.4013e-45
-2.8026e-45
-2.8026e-45
-1.4013e-45
0
1.4013e-45
1.4013e-45
0
-1.4013e-45
-2.8026e-45
-2.8026e-45
-1.4013e-45
0
1.4013e-45
1.4013e-45
2.8026e-45
1.4013e-45
0
-1.4013e-45
-2.8026e-45
-4.2039e-45
-5.60519e-45
-5.60519e-45
-4.2039e-45
-2.8026e-45
-1.4013e-45
-1.4013e-45
-0
-0
-1.4013e-45
-2.8026e-45
-4.2039e-45
-5.60519e-45
-7.00649e-45
-7.00649e-45
-5.60519e-45
-4.2039e-45
-2.8026e-45
-1.4013e-45
-1.4013e-45
-2.8026e-45
-4.2039e-45
-5.60519e-45
-7.00649e-45
-7.00649e-45
-8.40779e-45
-9.80909e-45
-1.12104e-44
-1.26117e-44
-1.4013e-44
-1.4013e-44
-1.4013e-44
-1.26117e-44
-1.12104e-44
-9.80909e-45
-8.40779e-45
-8.40779e-45
-7.00649e-45
-5.60519e-45
-4.2039e-45
-2.8026e-45
-2.8026e-45
-4.2039e-45
-5.60519e-45
-7.00649e-45
-8.40779e-45
-9.80909e-45
-8.40779e-45
-1.4013e-45
7.00649e-45
-1.4013e-45
-2.38221e-44
-2.10195e-44
3.22299e-44
3.78351e-44
-1.09301e-43
-2.01787e-43
1.26117e-43
5.47908e-43
-6.16571e-44
-1.44474e-42
-6.30584e-43
3.28044e-42
3.32949e-42
-6.29043e-42
-1.16924e-41
8.44002e-42
3.35275e-41
1.02575e-42
-8.28574e-41
-6.04142e-41
1.77173e-40
2.78452e-40
-3.21056e-40
-9.08448e-40
4.66058e-40
2.37859e-39
-4.77194e-40
-4.81093e-39
2.48719e-40
5.07839e-39
