ordre_1
1.20096e-33
1.10057e-31
4.99037e-30
1.49273e-28
3.31343e-27
5.82129e-26
8.43139e-25
1.03543e-23
1.10054e-22
1.02841e-21
8.55393e-21
6.39654e-20
4.33594e-19
2.6828e-18
1.52411e-17
7.99063e-17
3.88334e-16
1.75626e-15
7.41719e-15
2.93437e-14
1.09054e-13
3.81714e-13
1.26137e-12
3.94375e-12
1.16908e-11
3.29234e-11
8.82489e-11
2.25557e-10
5.50718e-10
1.28679e-09
2.88252e-09
6.20186e-09
1.28403e-08
2.56317e-08
4.94322e-08
9.22969e-08
1.67209e-07
2.94584e-07
5.05868e-07
8.48688e-07
1.39423e-06
2.24774e-06
3.56348e-06
5.56573e-06
8.57807e-06
1.30636e-05
1.96796e-05
2.93503e-05
4.33634e-05
6.34946e-05
9.21685e-05
0.000132662
0.000189355
0.000268045
0.000376319
0.000524004
0.000723679
0.000991278
0.00134674
0.00181474
0.00242541
0.00321514
0.00422724
0.00551263
0.00713027
0.00914743
0.0116396
0.0146901
0.018389
0.0228317
0.028117
0.0343438
0.0416081
0.0499986
0.0595921
0.0704483
0.0826045
0.0960704
0.110822
0.1268
0.143901
0.16198
0.180848
0.200272
0.219979
0.23966
0.25898
0.277582
0.295102
0.311178
0.325463
0.337637
0.347419
0.354579
0.358946
0.360414
0.358946
0.354579
0.347419
0.337637
0.325463
