ordre_1
2.34563e-36
2.36065e-34
1.17658e-32
3.87205e-31
9.46471e-30
1.83283e-28
2.92875e-27
3.97187e-26
4.66645e-25
4.82469e-24
4.44437e-23
3.68426e-22
2.7712e-21
1.90445e-20
1.20285e-19
7.01772e-19
3.79878e-18
1.91533e-17
9.02595e-17
3.98777e-16
1.65639e-15
6.48461e-15
2.39826e-14
8.39695e-14
2.78878e-13
8.80187e-13
2.64457e-12
7.57651e-12
2.07303e-11
5.42536e-11
1.36015e-10
3.27132e-10
7.55929e-10
1.68076e-09
3.6013e-09
7.44762e-09
1.48896e-08
2.88258e-08
5.41342e-08
9.87968e-08
1.75553e-07
3.04304e-07
5.15568e-07
8.55449e-07
1.39271e-06
2.22885e-06
3.51233e-06
5.45848e-06
8.37713e-06
1.27104e-05
1.9084e-05
2.83752e-05
4.18027e-05
6.10437e-05
8.83827e-05
0.000126901
0.000180712
0.00025525
0.00035762
0.000497011
0.000685182
0.000937013
0.00127112
0.00171054
0.00228341
0.00302371
0.00397194
0.00517576
0.00669041
0.00857909
0.0109129
0.0137704
0.0172372
0.0214042
0.0263659
0.032218
0.0390542
0.0469625
0.0560208
0.0662922
0.0778199
0.0906222
0.104688
0.11997
0.136385
0.153808
0.172071
0.190965
0.210242
0.229617
0.248775
0.26738
0.285083
0.301531
0.316382
0.329315
0.340041
0.348315
0.353942
0.356789
0.356789
