ordre_2
-1.4013e-45
-2.8026e-45
-2.8026e-45
-1.4013e-45
0
1.4013e-45
1.4013e-45
0
-1.4013e-45
-2.8026e-45
-2.8026e-45
-1.4013e-45
0
1.4013e-45
1.4013e-45
2.8026e-45
1.4013e-45
0
-1.4013e-45
-2.8026e-45
-4.2039e-45
-5.60519e-45
-5.60519e-45
-4.2039e-45
-2.8026e-45
-1.4013e-45
-1.4013e-45
-0
-0
-1.4013e-45
-2.8026e-45
-4.2039e-45
-5.60519e-45
-7.00649e-45
-7.00649e-45
-9.80909e-45
-7.00649e-45
5.60519e-45
1.26117e-44
-1.68156e-44
-3.64338e-44
3.22299e-44
1.03696e-43
-6.30584e-44
-3.26503e-43
3.50325e-44
9.01035e-43
2.36819e-43
-2.3794e-42
-1.59328e-42
5.80838e-42
6.6954e-42
-1.28401e-41
-2.34213e-41
2.42228e-41
7.31001e-41
-3.16553e-41
-2.07916e-40
-1.25024e-41
5.40788e-40
2.90247e-40
-1.272e-39
-1.37936e-39
2.61314e-39
4.88538e-39
-4.23263e-39
-1.47454e-38
3.07713e-39
3.92718e-38
1.33873e-38
-9.22588e-38
-8.49318e-38
1.84786e-37
3.18042e-37
-2.7957e-37
-9.55378e-37
1.31524e-37
2.44482e-36
1.15552e-36
-5.3191e-36
-6.14445e-36
9.23092e-36
2.08777e-35
-9.40908e-36
-5.66613e-35
-1.30986e-35
1.26648e-34
1.12935e-34
-2.1925e-34
-4.17142e-34
2.01533e-34
1.16475e-33
4.36784e-34
-2.69632e-33
-3.06757e-33
5.28609e-33
1.02379e-32
-8.68065e-33
-2.31289e-32
1.07938e-32
2.55661e-32
