ordre_2
-7.22896e-28
-3.90262e-27
6.17081e-27
2.34494e-26
-2.75668e-26
-1.05359e-25
9.57989e-26
4.17258e-25
-2.72374e-25
-1.52577e-24
5.89107e-25
5.23286e-24
-5.42176e-25
-1.6888e-23
-3.40032e-24
5.10821e-23
2.7725e-23
-1.43248e-22
-1.36151e-22
3.64484e-22
5.44086e-22
-8.03783e-22
-1.8971e-21
1.35109e-21
5.89424e-21
-7.11051e-22
-1.63103e-20
-6.91847e-21
3.93885e-20
4.08581e-20
-7.82704e-20
-1.53147e-19
1.03911e-19
4.54893e-19
4.00418e-20
-1.10503e-18
-8.6688e-19
2.08659e-18
3.62243e-18
-2.32232e-18
-1.04089e-17
-2.59453e-18
2.23671e-17
2.41396e-17
-3.17158e-17
-8.19523e-17
1.82846e-18
1.86264e-16
1.61315e-16
-2.6733e-16
-6.00548e-16
2.25193e-17
1.32192e-15
1.22658e-15
-1.6166e-15
-4.20203e-15
-8.48591e-16
7.88085e-15
9.94012e-15
-5.68513e-15
-2.6292e-14
-1.69846e-14
3.40301e-14
7.15677e-14
1.3431e-14
-1.24743e-13
-1.69984e-13
4.18798e-14
3.74488e-13
3.68206e-13
-2.59799e-13
-1.00557e-12
-7.61826e-13
8.97393e-13
2.52456e-12
1.59857e-12
-2.47467e-12
-6.07733e-12
-3.62408e-12
5.85187e-12
1.41756e-11
9.10777e-12
-1.18507e-11
-3.18855e-11
-2.44625e-11
1.90069e-11
6.76907e-11
6.56461e-11
-1.59232e-11
-1.29863e-10
-1.65474e-10
-3.74359e-11
2.06226e-10
3.69536e-10
2.44039e-10
-2.12055e-10
-6.82876e-10
-7.27553e-10
-2.78221e-10
1.17064e-09
1.56462e-09
