ordre_2
-1.89231e-41
-3.43248e-41
1.6771e-40
2.11526e-40
-8.12712e-40
-9.91193e-40
3.25051e-39
4.16435e-39
-1.17017e-38
-1.64498e-38
3.91012e-38
6.22065e-38
-1.22677e-37
-2.26887e-37
3.61853e-37
8.00464e-37
-9.9591e-37
-2.7335e-36
2.50571e-36
9.02931e-36
-5.48059e-36
-2.88012e-35
8.86809e-36
8.84665e-35
-9.03505e-37
-2.60572e-34
-7.77959e-35
7.31259e-34
4.65793e-34
-1.93548e-33
-2.00652e-33
4.74757e-33
7.4129e-33
-1.04265e-32
-2.47114e-32
1.88112e-32
7.57173e-32
-1.91828e-32
-2.14177e-31
-4.3739e-32
5.56039e-31
3.76677e-31
-1.30023e-30
-1.63124e-30
2.61404e-30
5.60361e-30
-3.91716e-30
-1.66131e-29
1.18183e-30
4.33518e-29
2.11603e-29
-9.83547e-29
-1.10429e-28
1.83154e-28
3.86566e-28
-2.22877e-28
-1.09868e-27
-1.36721e-28
2.61969e-27
2.02713e-27
-5.06601e-27
-8.2945e-27
6.65871e-27
2.45265e-26
1.04869e-27
-5.77862e-26
-4.36546e-26
1.05143e-25
1.79636e-25
-1.13425e-25
-5.04164e-25
-1.19123e-25
1.07443e-24
1.10934e-24
-1.59037e-24
-3.79662e-24
5.58206e-25
9.04217e-24
6.18361e-24
-1.51352e-23
-2.65301e-23
1.11221e-23
6.82287e-23
3.46263e-23
-1.19106e-22
-1.8124e-22
9.63187e-23
4.81596e-22
2.30467e-22
-8.3088e-22
-1.24432e-21
6.09871e-22
3.10738e-21
1.82261e-21
-4.52794e-21
-9.27211e-21
9.86105e-22
2.39567e-20
1.28751e-20
-3.88903e-20
-2.1538e-20
