ordre_1
1.4013e-45
2.8026e-45
4.2039e-45
5.60519e-45
7.00649e-45
8.40779e-45
9.80909e-45
1.12104e-44
1.26117e-44
1.4013e-44
1.54143e-44
1.68156e-44
1.82169e-44
1.96182e-44
2.10195e-44
2.24208e-44
2.38221e-44
2.52234e-44
2.66247e-44
2.8026e-44
2.94273e-44
3.08286e-44
3.22299e-44
3.36312e-44
3.50325e-44
3.64338e-44
3.78351e-44
3.92364e-44
4.06377e-44
4.2039e-44
4.34403e-44
4.48416e-44
4.62428e-44
4.76441e-44
4.90454e-44
5.04467e-44
5.1848e-44
5.32493e-44
5.46506e-44
5.60519e-44
5.74532e-44
5.88545e-44
6.02558e-44
6.16571e-44
6.30584e-44
6.44597e-44
6.5861e-44
6.72623e-44
6.86636e-44
7.00649e-44
7.42688e-44
1.03696e-43
2.78858e-43
1.1827e-42
5.77475e-42
2.8522e-41
1.38766e-40
6.6178e-40
3.09145e-39
1.41471e-38
6.34361e-38
2.78792e-37
1.20119e-36
5.07507e-36
2.10318e-35
8.55095e-35
3.41161e-34
1.336e-33
5.13627e-33
1.93899e-32
7.18918e-32
2.61844e-31
9.37024e-31
3.29521e-30
1.13899e-29
3.87024e-29
1.29304e-28
4.2483e-28
1.37284e-27
4.36409e-27
1.36492e-26
4.20073e-26
1.27237e-25
3.79347e-25
1.11341e-24
3.21761e-24
9.15652e-24
2.56628e-23
7.08457e-23
1.92671e-22
5.1626e-22
1.36309e-21
3.54685e-21
9.09651e-21
2.29972e-20
5.73186e-20
1.40861e-19
3.4136e-19
8.15856e-19
1.92329e-18
4.47259e-18
