ordre_2
-1.4013e-45
-2.8026e-45
-2.8026e-45
-1.4013e-45
0
1.4013e-45
1.4013e-45
0
-1.4013e-45
-2.8026e-45
-2.8026e-45
-1.4013e-45
0
1.4013e-45
1.4013e-45
2.8026e-45
1.4013e-45
0
8.40779e-45
9.80909e-45
-8.40779e-45
-2.38221e-44
1.26117e-44
6.5861e-44
-3.22299e-44
-2.08793e-43
3.92364e-44
6.23578e-43
4.48416e-44
-1.82029e-42
-6.38992e-43
5.09933e-42
3.33509e-42
-1.36837e-41
-1.3814e-41
3.45854e-41
5.04874e-41
-8.0754e-41
-1.6971e-40
1.66277e-40
5.3284e-40
-2.64986e-40
-1.57202e-39
1.23833e-40
4.3558e-39
1.41024e-39
-1.12595e-38
-8.51872e-39
2.67273e-38
3.44666e-38
-5.62594e-38
-1.17133e-37
9.56889e-38
3.54245e-37
-8.42119e-38
-9.70029e-37
-2.54746e-37
2.39943e-36
1.87336e-36
-5.24113e-36
-7.55512e-36
9.45433e-36
2.43886e-35
-1.08111e-35
-6.78715e-35
-1.06431e-35
1.64997e-34
1.21605e-34
-3.41967e-34
-5.0509e-34
5.47551e-34
1.58221e-33
-3.80934e-34
-4.12688e-33
-1.65729e-33
9.02258e-33
9.82513e-33
-1.54743e-32
-3.38911e-32
1.46313e-32
9.11455e-32
2.73479e-32
-1.98802e-31
-2.03959e-31
3.3027e-31
7.15025e-31
-2.76196e-31
-1.85702e-30
-6.84087e-31
3.70217e-30
4.37027e-30
-4.82109e-30
-1.43876e-29
-9.97148e-31
3.61423e-29
2.98648e-29
-7.43002e-29
-1.05277e-28
1.22285e-28
2.02535e-28
-1.13938e-28
