ordre_2
5.84723e-24
-7.56814e-25
-5.17859e-23
-9.54987e-25
2.5004e-22
4.27538e-23
-9.89613e-22
-3.63202e-22
3.47981e-21
2.14178e-21
-1.11119e-20
-1.03629e-20
3.21567e-20
4.36435e-20
-8.24137e-20
-1.64076e-19
1.75439e-19
5.55677e-19
-2.45818e-19
-1.69182e-18
-1.74902e-19
4.5647e-18
2.9991e-18
-1.05247e-17
-1.42249e-17
1.8773e-17
4.88119e-17
-1.57994e-17
-1.34225e-16
-5.47114e-17
2.92499e-16
3.51261e-16
-4.39853e-16
-1.18604e-15
8.90461e-17
2.85491e-15
2.20149e-15
-4.65822e-15
-9.11739e-15
2.26117e-15
2.23982e-14
1.60727e-14
-3.34978e-14
-6.75144e-14
4.42006e-15
1.47599e-13
1.43296e-13
-1.56014e-13
-4.61869e-13
-1.84671e-13
7.27836e-13
1.18715e-12
-8.51472e-14
-2.42551e-12
-2.68894e-12
1.45166e-12
6.87752e-12
5.71209e-12
-5.72717e-12
-1.77932e-11
-1.22738e-11
1.6366e-11
4.35302e-11
2.87427e-11
-3.80201e-11
-1.01934e-10
-7.4776e-11
7.01964e-11
2.25744e-10
2.04148e-10
-8.08588e-11
-4.53992e-10
-5.37215e-10
-6.70452e-11
7.58142e-10
1.25885e-09
7.44405e-10
-8.00338e-10
-2.39855e-09
-2.57473e-09
-4.93768e-10
3.04965e-09
5.69194e-09
4.87913e-09
-1.71426e-10
-7.29448e-09
-1.20596e-08
-1.02457e-08
-7.64435e-10
1.28293e-08
2.34438e-08
2.39049e-08
1.09707e-08
-1.20567e-08
-3.63945e-08
-4.99727e-08
-4.6059e-08
-1.84595e-08
1.96839e-08
5.96892e-08
1.22319e-07
