ordre_2
-1.4013e-45
-2.8026e-45
-2.8026e-45
-1.4013e-45
0
1.4013e-45
1.4013e-45
0
-1.4013e-45
-2.8026e-45
-2.8026e-45
-1.4013e-45
-4.2039e-45
-8.40779e-45
2.8026e-45
2.10195e-44
-9.80909e-45
-7.00649e-44
2.8026e-45
2.07392e-43
1.4013e-44
-6.50202e-43
-1.96182e-43
1.92398e-42
1.03276e-42
-5.52112e-42
-4.47154e-42
1.51887e-41
1.72402e-41
-3.97058e-41
-6.15829e-41
9.68718e-41
2.06923e-40
-2.13107e-40
-6.58829e-40
3.87693e-40
1.9928e-39
-3.985e-40
-5.72019e-39
-9.73614e-40
1.55048e-38
8.60242e-39
-3.9279e-38
-3.9199e-38
9.11321e-38
1.4425e-37
-1.85245e-37
-4.68357e-37
2.9041e-37
1.38087e-36
-1.41304e-37
-3.72329e-36
-1.3901e-36
9.11446e-36
8.10374e-36
-1.9728e-35
-3.1034e-35
3.50784e-35
9.83111e-35
-3.79063e-35
-2.71874e-34
-5.20237e-35
6.61315e-34
5.03639e-34
-1.37892e-33
-2.06199e-33
2.23951e-33
6.46885e-33
-1.6642e-33
-1.70156e-32
-6.41374e-33
3.77692e-32
3.96254e-32
-6.66752e-32
-1.39536e-31
6.98161e-32
3.82837e-31
8.92408e-32
-8.55343e-31
-8.00479e-31
1.47385e-30
2.93488e-30
-1.38561e-30
-7.92498e-30
-2.49933e-30
1.67974e-29
1.80782e-29
-2.57206e-29
-6.00723e-29
1.31095e-29
1.4357e-28
8.8757e-29
-2.4845e-28
-4.40217e-28
2.26437e-28
1.33035e-27
3.10601e-28
-3.04081e-27
-1.7282e-27
4.81823e-27
2.38068e-27
