ordre_2
-1.4013e-45
-2.8026e-45
-2.8026e-45
-1.4013e-45
0
1.4013e-45
1.4013e-45
0
-1.4013e-45
-2.8026e-45
-2.8026e-45
-1.4013e-45
0
1.4013e-45
1.4013e-45
2.8026e-45
1.4013e-45
0
-1.4013e-45
-2.8026e-45
-4.2039e-45
-5.60519e-45
-5.60519e-45
-4.2039e-45
-2.8026e-45
-1.4013e-45
-1.4013e-45
-0
-0
-1.4013e-45
-2.8026e-45
-4.2039e-45
-5.60519e-45
-7.00649e-45
-7.00649e-45
-5.60519e-45
-4.2039e-45
-2.8026e-45
-1.4013e-45
-1.4013e-45
-2.8026e-45
-4.2039e-45
-5.60519e-45
-7.00649e-45
-7.00649e-45
-8.40779e-45
-9.80909e-45
-1.12104e-44
-1.26117e-44
-1.12104e-44
-4.2039e-45
9.80909e-45
4.2039e-45
-2.38221e-44
-1.26117e-44
5.1848e-44
4.06377e-44
-1.42932e-43
-2.03188e-43
2.56438e-43
6.29183e-43
-4.00771e-43
-1.84831e-42
1.87774e-43
4.91996e-42
1.86653e-42
-1.18956e-41
-1.07213e-41
2.53747e-41
4.04877e-41
-4.43847e-41
-1.26732e-40
4.64839e-41
3.47067e-40
6.98631e-41
-8.38907e-40
-6.4263e-40
1.74843e-39
2.61159e-39
-2.88034e-39
-8.21049e-39
2.40932e-39
2.18279e-38
6.79808e-39
-4.95186e-38
-4.58275e-38
9.11219e-38
1.66106e-37
-1.06892e-37
-4.71411e-37
-8.49906e-38
1.12504e-36
1.05831e-36
-2.28507e-36
-4.22426e-36
3.8906e-36
1.20598e-35
-5.34864e-36
-2.54582e-35
5.40748e-36
2.73712e-35
