ordre_2
-1.07611e-22
-7.27084e-21
2.63579e-22
4.23248e-20
5.31495e-21
-1.79872e-19
-5.97327e-20
6.54577e-19
3.91616e-19
-2.11756e-18
-1.99758e-18
6.08275e-18
8.61764e-18
-1.50196e-17
-3.24704e-17
2.87796e-17
1.0787e-16
-2.47835e-17
-3.13767e-16
-1.13551e-16
7.76793e-16
7.90717e-16
-1.51265e-15
-3.06798e-15
1.67734e-15
8.91533e-15
2.59104e-15
-1.9728e-14
-2.21104e-14
2.85633e-14
7.62242e-14
6.13681e-16
-1.73812e-13
-1.61782e-13
2.34799e-13
5.84016e-13
6.7795e-14
-1.18739e-12
-1.37441e-12
1.03838e-12
3.97288e-12
2.24973e-12
-5.51933e-12
-1.0823e-11
-1.70579e-12
1.9131e-11
2.64128e-11
-4.05954e-12
-5.49118e-11
-6.21836e-11
2.09522e-11
1.4074e-10
1.49587e-10
-4.83796e-11
-3.29395e-10
-3.73841e-10
3.89014e-11
6.90422e-10
9.34756e-10
2.26559e-10
-1.19577e-09
-2.16753e-09
-1.38916e-09
1.28743e-09
4.18431e-09
4.62234e-09
9.95694e-10
-5.37225e-09
-1.02745e-08
-9.06677e-09
-1.76144e-10
1.27741e-08
2.20789e-08
2.01356e-08
4.3967e-09
-1.99624e-08
-4.15473e-08
-4.79255e-08
-3.18762e-08
4.48588e-09
4.97918e-08
8.75298e-08
1.02367e-07
8.54857e-08
3.77948e-08
-3.20185e-08
-1.08542e-07
-1.79734e-07
-2.28671e-07
-2.61429e-07
-2.52057e-07
-2.55865e-07
-1.70093e-07
-2.11174e-07
5.02017e-08
-1.95462e-07
6.72231e-07
-2.51052e-07
2.66521e-06
-3.31e-07
8.86722e-06
