ordre_2
-1.4013e-45
-2.8026e-45
-2.8026e-45
-1.4013e-45
0
1.4013e-45
1.4013e-45
0
-1.4013e-45
-2.8026e-45
-2.8026e-45
-1.4013e-45
0
1.4013e-45
1.4013e-45
2.8026e-45
1.4013e-45
0
-1.4013e-45
-2.8026e-45
-4.2039e-45
-5.60519e-45
-5.60519e-45
-4.2039e-45
-2.8026e-45
-1.4013e-45
-1.4013e-45
-0
-0
-1.4013e-45
-2.8026e-45
-4.2039e-45
-5.60519e-45
-7.00649e-45
-7.00649e-45
-5.60519e-45
-4.2039e-45
-2.8026e-45
-1.4013e-45
-1.4013e-45
-2.8026e-45
-4.2039e-45
-5.60519e-45
-7.00649e-45
-7.00649e-45
-8.40779e-45
-9.80909e-45
-1.12104e-44
-1.26117e-44
-1.4013e-44
-1.12104e-44
-1.4013e-45
1.12104e-44
-5.60519e-45
-2.8026e-44
2.8026e-45
7.00649e-44
7.00649e-45
-2.07392e-43
-1.38729e-43
4.56823e-43
5.5071e-43
-9.61291e-43
-1.90296e-42
1.6157e-42
5.73271e-42
-1.42792e-42
-1.55796e-41
-4.09459e-42
3.80873e-41
3.00256e-41
-8.19718e-41
-1.19723e-40
1.44807e-40
3.81766e-40
-1.57322e-40
-1.05032e-39
-1.94555e-40
2.52908e-39
1.94185e-39
-5.21229e-39
-7.88059e-39
8.3841e-39
2.43723e-38
-6.30195e-39
-6.28698e-38
-2.28431e-38
1.3535e-37
1.43205e-37
-2.24227e-37
-5.14448e-37
1.79126e-37
1.47941e-36
5.35217e-37
-3.6577e-36
-3.21855e-36
7.85256e-36
9.68151e-36
-1.38325e-35
-1.76698e-35
1.35749e-35
