ordre_2
-1.4013e-45
-2.8026e-45
-2.8026e-45
-1.4013e-45
0
1.4013e-45
1.4013e-45
0
-1.4013e-45
-2.8026e-45
-2.8026e-45
-1.4013e-45
0
1.4013e-45
1.4013e-45
2.8026e-45
1.4013e-45
0
-1.4013e-45
-2.8026e-45
-4.2039e-45
-5.60519e-45
-5.60519e-45
-4.2039e-45
-2.8026e-45
-1.4013e-45
-1.4013e-45
-0
-0
-1.4013e-45
-2.8026e-45
-4.2039e-45
-5.60519e-45
-7.00649e-45
-7.00649e-45
-5.60519e-45
-4.2039e-45
-2.8026e-45
-1.4013e-45
-1.4013e-45
-2.8026e-45
-4.2039e-45
-5.60519e-45
-7.00649e-45
-7.00649e-45
-8.40779e-45
-9.80909e-45
-1.12104e-44
-8.40779e-45
2.8026e-45
9.80909e-45
-7.00649e-45
-2.52234e-44
8.40779e-45
5.74532e-44
-2.38221e-44
-1.90577e-43
-5.32493e-44
4.56823e-43
3.29305e-43
-1.06359e-42
-1.35786e-42
2.16641e-42
4.57104e-42
-3.49764e-42
-1.36066e-41
2.41584e-42
3.64394e-41
1.20904e-41
-8.7647e-41
-7.62643e-41
1.8429e-40
2.91909e-40
-3.11705e-40
-9.08556e-40
2.86502e-40
2.44798e-39
6.66118e-40
-5.75904e-39
-5.00399e-39
1.14822e-38
1.92126e-38
-1.72534e-38
-5.75994e-38
8.31276e-39
1.44618e-37
6.78348e-38
-3.01115e-37
-3.58936e-37
4.67611e-37
1.2172e-36
-2.52348e-37
-3.36213e-36
-1.67022e-36
8.01586e-36
8.44539e-36
-1.66247e-35
-2.43702e-35
2.84333e-35
4.37671e-35
-2.74133e-35
