ordre_2
8.40779e-45
6.72623e-43
-5.32493e-44
-3.9909e-42
3.78351e-44
1.76297e-41
1.21913e-42
-6.85852e-41
-1.14262e-41
2.47419e-40
7.05386e-41
-8.45465e-40
-3.60589e-40
2.7631e-39
1.64092e-39
-8.66843e-39
-6.87195e-39
2.61002e-38
2.69628e-38
-7.51515e-38
-1.00152e-37
2.05319e-37
3.54337e-37
-5.24455e-37
-1.19806e-36
1.21611e-36
3.8759e-36
-2.38427e-36
-1.19898e-35
3.02065e-36
3.53705e-35
3.48117e-36
-9.89884e-35
-4.56278e-35
2.60373e-34
2.26558e-34
-6.32932e-34
-8.78856e-34
1.37448e-33
2.97742e-33
-2.4486e-33
-9.12372e-33
2.47259e-33
2.55481e-32
5.42057e-33
-6.51016e-32
-4.61349e-32
1.47894e-31
1.95695e-31
-2.83358e-31
-6.55997e-31
3.78338e-31
1.88953e-30
8.28321e-32
-4.75769e-30
-2.93989e-30
1.02761e-29
1.34636e-29
-1.75722e-29
-4.42193e-29
1.61078e-29
1.19167e-28
3.6486e-29
-2.67711e-28
-2.64462e-28
4.72988e-28
9.57109e-28
-4.83033e-28
-2.62473e-27
-6.88198e-28
5.74033e-27
5.75006e-27
-9.32674e-27
-2.03379e-26
6.61816e-27
5.22489e-26
2.45094e-26
-1.01541e-25
-1.35403e-25
1.25505e-25
4.08072e-25
4.37e-26
-8.84712e-25
-8.25806e-25
1.29121e-24
2.93293e-24
-3.78731e-25
-6.85549e-24
-5.03093e-24
1.0759e-23
2.00242e-23
-5.39226e-24
-4.65911e-23
-3.41072e-23
6.72421e-23
1.53534e-22
-2.12184e-23
-3.96663e-22
-1.63954e-22
6.56006e-22
2.82682e-22
