u_np1_2nd_order
1.11344e-07
8.41195e-07
1.81441e-06
3.04398e-06
4.9271e-06
7.89518e-06
1.25244e-05
1.96687e-05
3.0579e-05
4.70648e-05
7.17129e-05
0.000108175
0.000161543
0.000238824
0.000349543
0.000506473
0.000726516
0.00103174
0.00145053
0.00201893
0.00278198
0.0037951
0.00512545
0.00685297
0.00907124
0.0118876
0.0154229
0.0198097
0.0251903
0.0317126
0.0395253
0.0487712
0.0595797
0.0720575
0.0862794
0.102278
0.120035
0.13947
0.160436
0.182716
0.206015
0.229972
0.254156
0.278087
0.30124
0.323072
0.343036
0.360607
0.375305
0.386714
0.394504
0.398447
0.398424
0.394439
0.386608
0.375164
0.360438
0.342846
0.32287
0.301035
0.277886
0.253967
0.2298
0.205867
0.182593
0.160341
0.139402
0.119993
0.10226
0.0862825
0.0720781
0.0596142
0.0488159
0.0395766
0.0317675
0.025246
0.0198642
0.0154745
0.0119351
0.00911398
0.0068906
0.00515791
0.00382261
0.00280489
0.0020377
0.00146566
0.00104376
0.000735927
0.000513737
0.000355073
0.000242977
0.000164621
0.000110427
7.33398e-05
4.82253e-05
3.13966e-05
2.02378e-05
1.29157e-05
8.16277e-06
5.06637e-06
3.51735e-06
