ordre_1
1.4013e-45
2.8026e-45
4.2039e-45
5.60519e-45
9.80909e-45
1.79366e-43
4.32581e-42
9.12806e-41
1.67559e-39
2.71617e-38
3.93652e-37
5.1521e-36
6.13988e-35
6.70892e-34
6.7612e-33
6.31658e-32
5.49472e-31
4.46788e-30
3.40754e-29
2.44508e-28
1.65519e-27
1.05969e-26
6.43079e-26
3.70668e-25
2.03307e-24
1.06295e-23
5.30576e-23
2.53217e-22
1.15701e-21
5.06785e-21
2.13042e-20
8.60478e-20
3.34268e-19
1.25013e-18
4.50521e-18
1.56587e-17
5.25336e-17
1.70255e-16
5.3342e-16
1.61682e-15
4.74438e-15
1.3487e-14
3.71664e-14
9.93494e-14
2.57768e-13
6.49548e-13
1.59065e-12
3.78776e-12
8.77605e-12
1.97966e-11
4.35034e-11
9.31907e-11
1.94722e-10
3.97137e-10
7.9112e-10
1.54037e-09
2.93365e-09
5.46912e-09
9.98837e-09
1.78851e-08
3.14248e-08
5.42265e-08
9.19791e-08
1.53495e-07
2.52238e-07
4.08534e-07
6.5271e-07
1.02956e-06
1.6046e-06
2.4728e-06
3.77061e-06
5.69244e-06
8.51299e-06
1.26172e-05
1.85398e-05
2.70178e-05
3.90578e-05
5.60226e-05
7.97415e-05
0.000112647
0.000157946
0.000219825
0.000303698
0.000416502
0.000567039
0.000766362
0.00102822
0.00136953
0.00181088
0.0023771
0.00309773
0.00400755
0.005147
0.00656252
0.00830672
0.0104383
0.013022
0.0161275
0.019829
0.0242036
0.0293296
