ordre_2
-1.4013e-45
-2.8026e-45
-2.8026e-45
-1.4013e-45
0
1.4013e-45
1.4013e-45
0
-1.4013e-45
-2.8026e-45
-2.8026e-45
-1.4013e-45
0
1.4013e-45
1.4013e-45
2.8026e-45
1.4013e-45
0
-1.4013e-45
-2.8026e-45
-4.2039e-45
-5.60519e-45
-5.60519e-45
-4.2039e-45
-2.8026e-45
-1.4013e-45
-1.4013e-45
-0
-0
-1.4013e-45
-2.8026e-45
-4.2039e-45
-5.60519e-45
-7.00649e-45
-7.00649e-45
-5.60519e-45
-4.2039e-45
-2.8026e-45
-1.4013e-45
-1.4013e-45
-2.8026e-45
-4.2039e-45
-5.60519e-45
-7.00649e-45
-7.00649e-45
-8.40779e-45
-9.80909e-45
-1.12104e-44
-1.26117e-44
-1.4013e-44
-1.4013e-44
-1.4013e-44
-1.26117e-44
-1.12104e-44
-9.80909e-45
-8.40779e-45
-8.40779e-45
-7.00649e-45
-5.60519e-45
-4.2039e-45
-9.80909e-45
-2.24208e-44
-2.24208e-44
0
1.4013e-44
-3.50325e-44
-8.82818e-44
2.66247e-44
2.28412e-43
3.22299e-44
-5.85743e-43
-3.83956e-43
1.2976e-42
1.62551e-42
-2.50412e-42
-5.4987e-42
3.41356e-42
1.58024e-41
-3.78351e-44
-4.00743e-41
-2.20761e-41
8.86588e-41
1.0447e-40
-1.62104e-40
-3.48315e-40
1.95483e-40
9.56753e-40
1.20939e-40
-2.22794e-39
-1.82834e-39
4.28391e-39
7.82801e-39
-6.03178e-39
-2.50032e-38
2.74682e-39
6.65194e-38
1.64458e-38
-1.46684e-37
-6.02312e-38
2.31526e-37
7.6756e-38
