ordre_2
-1.4013e-45
-2.8026e-45
-2.8026e-45
-1.4013e-45
0
1.4013e-45
1.4013e-45
0
-1.4013e-45
-2.8026e-45
-2.8026e-45
-1.4013e-45
0
1.4013e-45
1.4013e-45
2.8026e-45
1.4013e-45
0
-1.4013e-45
-2.8026e-45
-4.2039e-45
-5.60519e-45
-5.60519e-45
-5.60519e-45
-1.12104e-44
-1.26117e-44
5.60519e-45
1.96182e-44
-1.82169e-44
-5.74532e-44
4.2039e-44
1.8357e-43
-6.5861e-44
-5.5071e-43
1.4013e-44
1.56245e-42
4.44212e-43
-4.29638e-42
-2.68769e-42
1.11529e-41
1.1401e-41
-2.70212e-41
-4.14953e-41
5.92175e-41
1.36737e-40
-1.09273e-40
-4.16724e-40
1.28833e-40
1.18223e-39
1.48494e-40
-3.11544e-39
-1.75409e-39
7.53704e-39
8.06181e-39
-1.62686e-38
-2.88625e-38
2.91015e-38
8.96377e-38
-3.21215e-38
-2.49135e-37
-4.24073e-38
6.21766e-37
4.32161e-37
-1.36685e-36
-1.83508e-36
2.48625e-36
6.02341e-36
-2.93265e-36
-1.6837e-35
-2.26368e-36
4.0839e-35
2.96057e-35
-8.3973e-35
-1.23824e-34
1.32084e-34
3.85877e-34
-8.35948e-35
-9.95013e-34
-4.31756e-34
2.13494e-33
2.44483e-33
-3.53724e-33
-8.26922e-33
2.94999e-33
2.18457e-32
7.69844e-33
-4.64679e-32
-4.95551e-32
7.27594e-32
1.65269e-31
-4.01459e-32
-4.14755e-31
-2.56804e-31
8.22999e-31
1.332e-30
-1.24229e-30
-4.08749e-30
1.22681e-30
8.85909e-30
-4.49395e-31
-9.61033e-30
