ordre_2
-1.4013e-45
-2.8026e-45
-2.8026e-45
-1.4013e-45
0
1.4013e-45
1.4013e-45
0
-1.4013e-45
-2.8026e-45
-2.8026e-45
-1.4013e-45
0
1.4013e-45
1.4013e-45
2.8026e-45
4.2039e-45
7.00649e-45
-4.2039e-45
-1.96182e-44
-4.2039e-45
4.48416e-44
9.80909e-45
-1.42932e-43
-7.14662e-44
4.07778e-43
3.05483e-43
-1.13505e-42
-1.20652e-42
2.99457e-42
4.34543e-42
-7.46612e-42
-1.47809e-41
1.69627e-41
4.75825e-41
-3.3051e-41
-1.45783e-40
4.39868e-41
4.24713e-40
2.76182e-41
-1.17239e-39
-5.11837e-40
3.0416e-39
2.58635e-39
-7.30037e-39
-1.00008e-38
1.56918e-38
3.36379e-38
-2.78299e-38
-1.02375e-37
2.87893e-38
2.85458e-37
5.53177e-38
-7.27779e-37
-4.92754e-37
1.66796e-36
2.10872e-36
-3.28122e-36
-7.13334e-36
4.78302e-36
2.08545e-35
-1.1497e-36
-5.38602e-35
-2.65984e-35
1.21712e-34
1.35767e-34
-2.28648e-34
-4.72768e-34
2.93696e-34
1.35135e-33
8.54535e-35
-3.28793e-33
-2.24077e-33
6.67003e-33
9.69768e-33
-1.00531e-32
-3.00451e-32
4.6533e-33
7.54588e-32
3.94446e-32
-1.53747e-31
-2.00039e-31
2.27025e-31
6.35706e-31
-9.01019e-32
-1.56789e-30
-8.9568e-31
3.01028e-30
4.20083e-30
-3.72389e-30
-1.22679e-29
-1.62306e-30
2.7073e-29
2.82692e-29
-4.48152e-29
-1.08414e-28
4.72853e-29
2.81002e-28
-7.74727e-30
-4.78236e-28
-3.70983e-29
