ordre_1
7.50602e-35
7.17879e-33
3.39863e-31
1.06187e-29
2.46307e-28
4.52389e-27
6.85296e-26
8.80596e-25
9.7979e-24
9.58864e-23
8.35635e-22
6.55013e-21
4.65627e-20
3.02263e-19
1.80239e-18
9.92288e-18
5.06607e-17
2.40792e-16
1.06919e-15
4.44895e-15
1.73966e-14
6.40885e-14
2.22959e-13
7.34066e-13
2.29187e-12
6.79852e-12
1.91952e-11
5.1675e-11
1.32864e-10
3.26807e-10
7.70278e-10
1.74257e-09
3.79004e-09
7.93881e-09
1.60432e-08
3.13362e-08
5.92723e-08
1.08785e-07
1.9413e-07
3.3755e-07
5.73108e-07
9.52178e-07
1.55128e-06
2.48323e-06
3.91294e-06
6.0795e-06
9.3268e-06
1.41455e-05
2.12297e-05
3.1552e-05
4.6463e-05
6.78192e-05
9.81471e-05
0.00014085
0.000200465
0.000282977
0.000396196
0.000550209
0.000757891
0.00103551
0.00140335
0.00188647
0.00251537
0.0033268
0.00436439
0.00567928
0.00733055
0.00938542
0.0119192
0.0150146
0.0187611
0.023253
0.0285876
0.0348621
0.0421705
0.050599
0.060222
0.0710966
0.0832573
0.0967111
0.111433
0.127359
0.144387
0.162372
0.181123
0.200411
0.219964
0.239478
0.258621
0.277041
0.294381
0.310284
0.32441
0.336444
0.346112
0.353187
0.357501
0.358951
0.357501
0.353187
0.346112
