ordre_2
-1.4013e-45
-2.8026e-45
-2.8026e-45
-1.4013e-45
0
1.4013e-45
1.4013e-45
0
-1.4013e-45
-2.8026e-45
-2.8026e-45
-1.4013e-45
0
1.4013e-45
1.4013e-45
2.8026e-45
1.4013e-45
0
-1.4013e-45
-2.8026e-45
-4.2039e-45
-5.60519e-45
-5.60519e-45
-4.2039e-45
-2.8026e-45
-1.4013e-45
-1.4013e-45
-0
-0
-1.4013e-45
-2.8026e-45
-4.2039e-45
-5.60519e-45
-7.00649e-45
-7.00649e-45
-5.60519e-45
-4.2039e-45
-2.8026e-45
-1.4013e-45
-1.4013e-45
-2.8026e-45
-4.2039e-45
-1.4013e-45
7.00649e-45
-0
-1.82169e-44
-1.82169e-44
1.26117e-44
1.96182e-44
-5.60519e-44
-9.80909e-44
1.02295e-43
3.0268e-43
-1.48538e-43
-8.80015e-43
9.80909e-45
2.33737e-42
9.85113e-43
-5.77055e-42
-5.21563e-42
1.28177e-41
1.96756e-41
-2.42775e-41
-6.305e-41
3.24793e-41
1.79672e-40
6.01017e-42
-4.60282e-40
-2.52281e-40
1.04811e-39
1.19763e-39
-2.02883e-39
-4.13672e-39
2.86504e-39
1.20165e-38
-4.40376e-40
-3.03529e-38
-1.64455e-38
6.60653e-38
8.00915e-38
-1.16377e-37
-2.68739e-37
1.25832e-37
7.37426e-37
1.38258e-37
-1.69994e-36
-1.37938e-36
3.14782e-36
5.32942e-36
-3.68948e-36
-1.55179e-35
-2.86641e-36
3.7681e-35
3.51491e-35
-7.82799e-35
-1.34717e-34
1.38813e-34
3.55215e-34
-2.01976e-34
-6.13632e-34
1.73725e-34
