ordre_2
-2.5209e-32
1.67284e-31
2.32853e-31
-9.71198e-31
-1.22026e-30
4.12636e-30
5.43945e-30
-1.5142e-29
-2.23308e-29
5.02721e-29
8.65761e-29
-1.52962e-28
-3.19735e-28
4.24067e-28
1.1274e-27
-1.04144e-27
-3.79245e-27
2.08422e-27
1.21353e-26
-2.31666e-27
-3.67458e-26
-6.21786e-27
1.04397e-25
5.79974e-26
-2.74304e-25
-2.77366e-25
6.48895e-25
1.05774e-24
-1.30145e-24
-3.50353e-24
1.81787e-24
1.03289e-23
4.82658e-25
-2.7086e-23
-1.60205e-23
6.1696e-23
7.68263e-23
-1.13531e-22
-2.64323e-22
1.25328e-22
7.44134e-22
1.64507e-22
-1.73974e-21
-1.57018e-21
3.18927e-21
6.04116e-21
-3.42097e-21
-1.69781e-20
-4.34052e-21
3.69784e-20
3.84167e-20
-5.6692e-20
-1.33981e-19
2.35002e-20
3.26497e-19
2.16523e-19
-5.57591e-19
-9.62719e-19
4.13843e-19
2.50252e-18
1.31441e-18
-4.3042e-18
-6.80519e-18
3.01364e-18
1.74848e-17
1.01983e-17
-2.73446e-17
-4.82472e-17
9.73407e-18
1.10422e-16
9.15966e-17
-1.33766e-16
-3.262e-16
-6.95214e-17
5.86215e-16
7.67751e-16
-3.39861e-16
-1.89642e-15
-1.42672e-15
2.12483e-15
5.17942e-15
1.79004e-15
-7.90937e-15
-1.26211e-14
2.19244e-16
2.41065e-14
2.84391e-14
-1.06714e-14
-6.57505e-14
-6.10479e-14
4.438e-14
1.66955e-13
1.31573e-13
-1.37428e-13
-4.05113e-13
-2.71408e-13
3.01887e-13
9.77657e-13
8.2163e-13
-1.28792e-12
-1.69104e-12
