ordre_2
1.9811e-39
-4.32678e-39
-1.78453e-38
2.4721e-38
8.92989e-38
-1.02098e-37
-3.74691e-37
3.5849e-37
1.43774e-36
-1.1127e-36
-5.20662e-36
3.03863e-36
1.80379e-35
-6.90699e-36
-6.01287e-35
1.02416e-35
1.93175e-34
1.09576e-35
-5.97468e-34
-1.81261e-34
1.77286e-33
1.02683e-33
-5.01561e-33
-4.5223e-33
1.3388e-32
1.74634e-32
-3.31001e-32
-6.15676e-32
7.30407e-32
2.01472e-31
-1.30758e-31
-6.1557e-31
1.20086e-31
1.75435e-30
4.05133e-31
-4.62772e-30
-3.14628e-30
1.10967e-29
1.36098e-29
-2.3226e-29
-4.74849e-29
3.78778e-29
1.44169e-28
-2.44495e-29
-3.88257e-28
-1.46158e-28
9.19774e-28
8.90384e-28
-1.83619e-27
-3.32695e-27
2.66258e-27
9.95839e-27
-5.43485e-28
-2.50914e-26
-1.45656e-26
5.23622e-26
6.99467e-26
-8.10868e-26
-2.24346e-25
4.19326e-26
5.67863e-25
3.00379e-25
-1.1355e-24
-1.53463e-24
1.54574e-24
4.74923e-24
-1.89567e-26
-1.10404e-23
-8.51175e-24
1.87095e-23
3.4345e-23
-1.49987e-23
-9.00729e-23
-4.03309e-23
1.68694e-22
2.32302e-22
-1.77345e-22
-6.67205e-22
-1.9045e-22
1.29594e-21
1.56966e-21
-1.4054e-21
-4.67318e-21
-1.25986e-21
8.84057e-21
1.09589e-20
-8.35816e-21
-3.11982e-20
-1.26199e-20
5.35575e-20
7.852e-20
-3.49938e-20
-1.92027e-19
-1.2321e-19
2.45597e-19
5.49075e-19
9.08768e-20
-1.26247e-18
-1.16697e-18
1.83949e-18
1.74736e-18
