ordre_2
8.25349e-19
4.39259e-18
-6.69906e-18
-2.64035e-17
2.64783e-17
1.17484e-16
-7.01952e-17
-4.50177e-16
8.53981e-17
1.53064e-15
3.74397e-16
-4.58735e-15
-3.40011e-15
1.17017e-14
1.63631e-14
-2.30644e-14
-5.95033e-14
2.24962e-14
1.72577e-13
6.77754e-14
-3.86377e-13
-4.75545e-13
5.53539e-13
1.61777e-12
1.25573e-13
-3.64593e-12
-3.73993e-12
4.54674e-12
1.28496e-11
3.40298e-12
-2.39107e-11
-3.32985e-11
1.23158e-11
8.21921e-11
7.19063e-11
-7.62568e-11
-2.34115e-10
-1.48e-10
2.52708e-10
6.06944e-10
3.47948e-10
-6.22306e-10
-1.48344e-09
-1.00749e-09
1.11033e-09
3.33978e-09
3.11663e-09
-7.8889e-10
-6.27985e-09
-8.55995e-09
-3.6946e-09
7.34045e-09
1.76743e-08
1.82967e-08
4.58054e-09
-1.89584e-08
-3.94879e-08
-4.24783e-08
-2.03773e-08
2.18827e-08
6.78791e-08
9.66769e-08
9.20041e-08
4.90186e-08
-2.42059e-08
-1.10423e-07
-1.89772e-07
-2.45996e-07
-2.69943e-07
-2.59532e-07
-2.16654e-07
-1.42095e-07
-2.93788e-08
1.42406e-07
4.17917e-07
8.79488e-07
1.66923e-06
3.02368e-06
5.32661e-06
9.18754e-06
1.55572e-05
2.58929e-05
4.23931e-05
6.8312e-05
0.000108398
0.000169417
0.000260961
0.00039606
0.000593051
0.000874672
0.00127552
0.00182735
0.0026045
0.00360944
0.00507917
0.00669418
0.00961567
0.0113065
0.0185565
0.0150747
0.0412063
