ordre_2
-2.41234e-41
5.26874e-41
2.1726e-40
-3.01932e-40
-1.08718e-39
1.25388e-39
4.56284e-39
-4.44281e-39
-1.75217e-38
1.3995e-38
6.35548e-38
-3.92092e-38
-2.20803e-37
9.39204e-38
7.39328e-37
-1.6465e-37
-2.39095e-36
1.67474e-38
7.46461e-36
1.68465e-36
-2.2441e-35
-1.08325e-35
6.46533e-35
5.02511e-35
-1.77087e-34
-2.00741e-34
4.54972e-34
7.2818e-34
-1.06946e-33
-2.4507e-33
2.17697e-33
7.72077e-33
-3.22663e-33
-2.28124e-32
-6.43688e-35
6.29782e-32
2.64229e-32
-1.60726e-31
-1.4212e-31
3.70604e-31
5.51863e-31
-7.32212e-31
-1.81861e-30
1.04791e-30
5.31154e-30
-3.83729e-32
-1.38652e-29
-7.24663e-30
3.18744e-29
3.61408e-29
-6.12387e-29
-1.26831e-28
8.15052e-29
3.67628e-28
1.59868e-29
-9.07848e-28
-6.01716e-28
1.86652e-27
2.67273e-27
-2.84045e-27
-8.38624e-27
1.29824e-27
2.11432e-26
1.13917e-26
-4.26983e-26
-5.7275e-26
6.03728e-26
1.79022e-25
-1.06326e-26
-4.27e-25
-2.96449e-25
7.64975e-25
1.2744e-24
-7.65162e-25
-3.52141e-24
-1.06714e-24
7.12871e-24
8.23242e-24
-9.23725e-24
-2.615e-23
-1.45699e-24
5.68154e-23
5.21036e-23
-7.96036e-23
-1.83956e-22
9.64516e-24
4.08438e-22
3.51392e-22
-5.63663e-22
-1.27417e-21
4.36654e-23
2.70213e-21
2.42203e-21
-3.07229e-21
-8.32582e-21
-2.6063e-21
1.75149e-20
2.23337e-20
-2.55737e-20
-5.07504e-20
2.05679e-20
