ordre_1
1.4013e-45
2.8026e-45
4.2039e-45
5.60519e-45
7.00649e-45
8.40779e-45
9.80909e-45
1.12104e-44
1.26117e-44
1.4013e-44
1.54143e-44
1.68156e-44
1.82169e-44
1.96182e-44
2.10195e-44
2.24208e-44
2.38221e-44
2.52234e-44
2.66247e-44
2.8026e-44
2.94273e-44
3.08286e-44
3.22299e-44
3.36312e-44
3.50325e-44
3.64338e-44
3.78351e-44
3.92364e-44
4.06377e-44
4.2039e-44
4.34403e-44
4.48416e-44
4.62428e-44
4.76441e-44
4.90454e-44
5.04467e-44
5.1848e-44
5.32493e-44
5.46506e-44
5.60519e-44
5.74532e-44
5.88545e-44
6.02558e-44
6.16571e-44
6.30584e-44
6.44597e-44
6.5861e-44
6.72623e-44
6.86636e-44
7.56701e-44
1.21913e-43
3.89561e-43
1.78385e-42
8.90105e-42
4.44198e-41
2.17745e-40
1.04538e-39
4.91392e-39
2.26198e-38
1.01992e-37
4.5059e-37
1.95097e-36
8.28108e-36
3.44667e-35
1.407e-34
5.63476e-34
2.21432e-33
8.54056e-33
3.23375e-32
1.20225e-31
4.38969e-31
1.5744e-30
5.54776e-30
1.92099e-29
6.53758e-29
2.18711e-28
7.1938e-28
2.32679e-27
7.40177e-27
2.31614e-26
7.13041e-26
2.15998e-25
6.43928e-25
1.88947e-24
5.45785e-24
1.55219e-23
4.34678e-23
1.19881e-22
3.25654e-22
8.7144e-22
2.29749e-21
5.96842e-21
1.52796e-20
3.85538e-20
9.58909e-20
2.35125e-19
5.68438e-19
1.35514e-18
3.1861e-18
7.38851e-18
1.69018e-17
