ordre_1
1.4013e-45
2.8026e-45
4.2039e-45
5.60519e-45
7.00649e-45
8.40779e-45
9.80909e-45
1.12104e-44
1.26117e-44
1.4013e-44
1.54143e-44
1.68156e-44
1.82169e-44
1.96182e-44
2.10195e-44
2.24208e-44
2.38221e-44
2.52234e-44
2.66247e-44
2.8026e-44
2.94273e-44
3.08286e-44
3.78351e-44
1.14906e-43
7.86128e-43
6.30584e-42
4.96186e-41
3.75307e-40
2.72546e-39
1.90201e-38
1.27702e-37
8.25784e-37
5.14831e-36
3.09749e-35
1.80009e-34
1.01131e-33
5.49705e-33
2.89307e-32
1.47531e-31
7.2945e-31
3.49926e-30
1.62964e-29
7.3721e-29
3.24129e-28
1.3858e-27
5.76449e-27
2.33402e-26
9.20308e-26
3.53542e-25
1.32376e-24
4.83304e-24
1.72124e-23
5.98187e-23
2.0294e-22
6.72333e-22
2.17589e-21
6.88127e-21
2.12725e-20
6.43015e-20
1.90112e-19
5.49934e-19
1.55686e-18
4.31471e-18
1.17094e-17
3.11254e-17
8.10607e-17
2.06889e-16
5.17613e-16
1.26978e-15
3.05507e-15
7.21091e-15
1.67013e-14
3.79673e-14
8.47392e-14
1.85731e-13
3.99879e-13
8.45919e-13
1.75876e-12
3.59484e-12
7.22559e-12
1.42861e-11
2.77928e-11
5.32182e-11
1.00332e-10
1.86296e-10
3.40807e-10
6.14469e-10
1.09228e-09
1.91501e-09
3.31265e-09
5.65606e-09
9.53582e-09
1.58812e-08
2.61373e-08
4.25277e-08
6.84368e-08
1.08966e-07
1.71729e-07
2.6799e-07
4.14262e-07
6.34552e-07
