ordre_2
-1.4013e-45
-2.8026e-45
-2.8026e-45
-1.4013e-45
0
1.4013e-45
1.4013e-45
0
-1.4013e-45
-2.8026e-45
-2.8026e-45
-1.4013e-45
0
1.4013e-45
1.4013e-45
2.8026e-45
1.4013e-45
0
-1.4013e-45
-2.8026e-45
-4.2039e-45
-5.60519e-45
-5.60519e-45
-4.2039e-45
-2.8026e-45
-1.4013e-45
-1.4013e-45
-0
-0
-1.4013e-45
-2.8026e-45
-4.2039e-45
-5.60519e-45
-7.00649e-45
-7.00649e-45
-5.60519e-45
-4.2039e-45
-2.8026e-45
-1.4013e-45
-1.4013e-45
-2.8026e-45
-4.2039e-45
-5.60519e-45
-7.00649e-45
-7.00649e-45
-8.40779e-45
-9.80909e-45
-1.12104e-44
-1.26117e-44
-1.4013e-44
-1.4013e-44
-1.4013e-44
-1.26117e-44
-1.12104e-44
-9.80909e-45
-8.40779e-45
-8.40779e-45
-7.00649e-45
-5.60519e-45
-4.2039e-45
-2.8026e-45
-2.8026e-45
-4.2039e-45
-1.4013e-45
1.4013e-45
-1.4013e-45
-2.10195e-44
-2.52234e-44
5.60519e-45
2.94273e-44
-4.48416e-44
-1.4013e-43
8.40779e-45
3.36312e-43
1.35926e-43
-8.00141e-43
-7.77721e-43
1.6171e-42
2.83763e-42
-2.59801e-42
-8.62639e-42
1.84831e-42
2.26282e-41
7.7688e-42
-5.14949e-41
-4.81626e-41
9.64682e-41
1.75623e-40
-1.20272e-40
-5.15868e-40
-5.93198e-41
1.30937e-39
1.03629e-39
-2.93551e-39
-4.3059e-39
5.82592e-39
1.25435e-38
-1.00251e-38
-2.6799e-38
1.32337e-38
2.89811e-38
