ordre_1
1.11964e-42
1.36052e-40
8.20913e-39
3.27578e-37
9.72503e-36
2.29103e-34
4.4611e-33
7.38477e-32
1.06084e-30
1.34336e-29
1.51826e-28
1.54686e-27
1.43249e-26
1.21416e-25
9.47449e-25
6.84132e-24
4.59137e-23
2.87507e-22
1.68556e-21
9.28028e-21
4.8116e-20
2.35508e-19
1.09065e-18
4.78877e-18
1.99726e-17
7.92638e-17
2.99806e-16
1.08239e-15
3.73515e-15
1.23364e-14
3.90449e-14
1.18563e-13
3.45802e-13
9.69789e-13
2.61789e-12
6.80919e-12
1.70823e-11
4.13749e-11
9.68497e-11
2.19313e-10
4.80922e-10
1.0223e-09
2.10881e-09
4.22595e-09
8.23634e-09
1.56308e-08
2.89199e-08
5.22316e-08
9.22073e-08
1.59323e-07
2.69818e-07
4.48481e-07
7.32646e-07
1.17788e-06
1.86605e-06
2.91659e-06
4.50228e-06
6.8709e-06
1.03749e-05
1.55112e-05
2.29747e-05
3.37281e-05
4.90932e-05
7.0868e-05
0.000101475
0.000144147
0.000203154
0.000284084
0.000394172
0.00054269
0.000741399
0.00100506
0.00135198
0.00180465
0.00239035
0.00314178
0.00409766
0.00530327
0.00681082
0.0086797
0.0109764
0.0137742
0.0171523
0.0211948
0.0259891
0.0316231
0.0381832
0.0457503
0.0543964
0.0641803
0.0751431
0.0873037
0.100654
0.115157
0.130739
0.147291
0.164668
0.182683
0.201115
0.219711
0.238187
