ordre_2
-1.4013e-45
-2.8026e-45
-2.8026e-45
-1.4013e-45
0
1.4013e-45
1.4013e-45
0
-1.4013e-45
-2.8026e-45
-2.8026e-45
-1.4013e-45
0
1.4013e-45
1.4013e-45
2.8026e-45
1.4013e-45
0
-1.4013e-45
-2.8026e-45
-4.2039e-45
-5.60519e-45
-5.60519e-45
-4.2039e-45
-2.8026e-45
-1.4013e-45
-1.4013e-45
-0
-0
-1.4013e-45
-2.8026e-45
-4.2039e-45
-5.60519e-45
-7.00649e-45
-7.00649e-45
-5.60519e-45
-4.2039e-45
-2.8026e-45
-1.4013e-45
-1.4013e-45
-2.8026e-45
-4.2039e-45
-5.60519e-45
-7.00649e-45
-7.00649e-45
-8.40779e-45
-9.80909e-45
-1.12104e-44
-1.26117e-44
-1.4013e-44
-1.4013e-44
-1.4013e-44
-1.26117e-44
-1.12104e-44
-9.80909e-45
-8.40779e-45
-8.40779e-45
-7.00649e-45
-5.60519e-45
-4.2039e-45
-2.8026e-45
-2.8026e-45
-4.2039e-45
-5.60519e-45
-7.00649e-45
-8.40779e-45
-9.80909e-45
-1.12104e-44
-1.26117e-44
-1.4013e-44
-1.54143e-44
-1.4013e-44
-1.26117e-44
-1.12104e-44
-1.54143e-44
-2.24208e-44
-2.38221e-44
-4.2039e-45
9.80909e-45
-1.26117e-44
-5.04467e-44
-4.2039e-45
1.1911e-43
7.00649e-44
-2.71852e-43
-3.50325e-43
4.23192e-43
1.06218e-42
-4.07778e-43
-3.00719e-42
-1.01454e-42
7.35261e-42
7.24892e-42
-1.61724e-41
-2.69217e-41
3.17296e-41
7.5083e-41
-5.43536e-41
-1.5721e-40
7.16764e-41
1.68564e-40
