ordre_2
-1.4013e-45
-2.8026e-45
-2.8026e-45
-1.4013e-45
0
1.4013e-45
1.4013e-45
0
-1.4013e-45
-2.8026e-45
2.8026e-45
1.12104e-44
-8.40779e-45
-3.92364e-44
1.12104e-44
1.13505e-43
-3.64338e-44
-3.86758e-43
3.78351e-44
1.21352e-42
1.27518e-43
-3.71204e-42
-1.21072e-42
1.09834e-41
6.24979e-42
-3.13541e-41
-2.66121e-41
8.56964e-41
1.01695e-40
-2.21803e-40
-3.60362e-40
5.33026e-40
1.20145e-39
-1.14274e-39
-3.79446e-39
1.9622e-39
1.1374e-38
-1.4833e-39
-3.23002e-38
-7.86336e-39
8.63891e-38
5.5219e-38
-2.14985e-37
-2.37991e-37
4.85844e-37
8.49668e-37
-9.43e-37
-2.69543e-36
1.31191e-36
7.77428e-36
1.39551e-37
-2.04596e-35
-1.02304e-35
4.85662e-35
5.09113e-35
-1.0037e-34
-1.83489e-34
1.62662e-34
5.57693e-34
-1.1487e-34
-1.48402e-33
-5.34205e-34
3.45088e-33
3.32198e-33
-6.73045e-33
-1.2268e-32
9.44008e-33
3.61493e-32
-1.17933e-33
-8.97541e-32
-5.35513e-32
1.85293e-31
2.4991e-31
-2.86545e-31
-7.93548e-31
1.60208e-31
2.01289e-30
9.91854e-31
-4.10784e-30
-5.22283e-30
6.00823e-30
1.66045e-29
-2.05128e-30
-4.04432e-29
-2.51736e-29
7.57775e-29
1.14964e-28
-8.94275e-29
-3.28331e-28
-4.70922e-29
6.88872e-28
6.71416e-28
-9.5187e-28
-2.4631e-27
6.99092e-29
6.43032e-27
4.35143e-27
-1.32085e-26
-1.4169e-26
1.94373e-26
1.76236e-26
