ordre_2
-1.81066e-11
1.27658e-10
2.03579e-10
-5.56522e-10
-1.23198e-09
1.01326e-09
4.89382e-09
2.09117e-09
-1.08338e-08
-1.87945e-08
6.87348e-11
4.17271e-08
6.47842e-08
2.44481e-08
-7.968e-08
-1.92701e-07
-2.39624e-07
-1.68548e-07
3.73605e-08
3.83591e-07
9.01563e-07
1.67957e-06
2.88523e-06
4.79022e-06
7.81018e-06
1.25691e-05
1.99951e-05
3.14551e-05
4.89392e-05
7.53085e-05
0.000114623
0.000172565
0.000256984
0.000378572
0.000551688
0.000795344
0.00113435
0.00160061
0.00223451
0.0030864
0.00421799
0.00570368
0.00763158
0.010104
0.0132375
0.0171618
0.0220177
0.0279543
0.0351236
0.0436753
0.0537488
0.0654648
0.0789154
0.0941544
0.111187
0.129959
0.150353
0.172179
0.19517
0.21899
0.243231
0.267428
0.291068
0.31361
0.334503
0.353209
0.369227
0.382112
0.3915
0.397121
0.398813
0.396533
0.390353
0.380463
0.367154
0.350809
0.331885
0.310887
0.288351
0.264821
0.240823
0.216853
0.193356
0.170719
0.14926
0.129224
0.110788
0.0940573
0.0790765
0.065836
0.0542805
0.0443194
0.0358359
0.0286959
0.0227566
0.0178715
0.0139035
0.0106961
0.00821733
0.00596882
0.00545553
