ordre_2
-1.10464e-15
-1.98154e-15
9.23896e-15
1.33351e-14
-3.91397e-14
-6.7729e-14
1.20878e-13
2.90622e-13
-2.59992e-13
-1.06112e-12
1.69506e-13
3.21863e-12
1.71126e-12
-7.59209e-12
-1.04289e-11
1.11329e-11
3.58852e-11
5.17835e-12
-8.09658e-11
-9.23485e-11
8.90717e-11
3.01133e-10
1.42146e-10
-4.75312e-10
-8.62807e-10
-9.97155e-11
1.5855e-09
2.27108e-09
5.05586e-11
-4.14999e-09
-5.99479e-09
-1.36056e-09
8.4095e-09
1.51996e-08
9.77803e-09
-9.18658e-09
-3.07212e-08
-3.70172e-08
-1.60361e-08
2.78408e-08
7.3351e-08
9.3006e-08
6.80456e-08
-1.52907e-09
-9.70831e-08
-1.90187e-07
-2.54107e-07
-2.71668e-07
-2.36298e-07
-1.46733e-07
2.1644e-09
2.30206e-07
5.83786e-07
1.15047e-06
2.07965e-06
3.61388e-06
6.13665e-06
1.02436e-05
1.68461e-05
2.73189e-05
4.37045e-05
6.89915e-05
0.000107486
0.000165296
0.000250958
0.000376215
0.000556967
0.000814397
0.00117628
0.00167843
0.00236627
0.00329643
0.00453822
0.00617497
0.00830483
0.0110411
0.0145118
0.0188578
0.0242303
0.0307863
0.0386831
0.0480706
0.0590831
0.0718294
0.0863823
0.102768
0.120956
0.140851
0.162287
0.185018
0.20873
0.233023
0.257475
0.28148
0.304826
0.325905
0.347521
0.358602
0.3916
0.344465
0.52777
