ordre_2
-1.4013e-45
-2.8026e-45
-2.8026e-45
-1.4013e-45
0
1.4013e-45
1.4013e-45
0
-1.4013e-45
-2.8026e-45
-2.8026e-45
-1.4013e-45
0
1.4013e-45
1.4013e-45
2.8026e-45
1.4013e-45
0
-1.4013e-45
-2.8026e-45
-4.2039e-45
-5.60519e-45
-5.60519e-45
-4.2039e-45
-2.8026e-45
-1.4013e-45
-1.4013e-45
-0
0
-1.4013e-45
2.8026e-45
8.40779e-45
1.4013e-45
-2.10195e-44
-1.82169e-44
2.94273e-44
3.78351e-44
-9.3887e-44
-1.5134e-43
2.05991e-43
4.83448e-43
-4.1058e-43
-1.49378e-42
5.99756e-43
4.35383e-42
-1.68156e-44
-1.19517e-41
-4.61868e-42
3.07053e-41
2.49767e-41
-7.27036e-41
-9.78709e-41
1.53203e-40
3.28452e-40
-2.62648e-40
-9.90393e-40
2.41193e-40
2.72322e-39
6.54078e-40
-6.81518e-39
-5.02945e-39
1.52297e-38
2.06802e-38
-2.8788e-38
-6.80961e-38
3.81395e-38
1.94326e-37
7.52111e-39
-4.89328e-37
-2.89687e-37
1.07215e-36
1.33646e-36
-1.91966e-36
-4.45273e-36
2.15964e-36
1.23256e-35
2.09098e-36
-2.90741e-35
-2.31261e-35
5.67085e-35
9.25511e-35
-7.90887e-35
-2.76674e-34
1.29702e-35
6.77759e-34
4.08287e-34
-1.34431e-33
-1.84477e-33
1.8641e-33
5.57303e-33
-1.13595e-34
-1.32916e-32
-1.07335e-32
2.54526e-32
4.73921e-32
-3.70623e-32
-1.3887e-31
3.41681e-32
2.95267e-31
-7.9311e-33
-3.17917e-31
