ordre_2
-3.86923e-29
-7.00584e-29
3.39704e-28
4.38624e-28
-1.61311e-27
-2.09754e-27
6.23733e-27
8.97472e-27
-2.13138e-26
-3.58117e-26
6.58276e-26
1.35031e-25
-1.83033e-25
-4.82783e-25
4.43615e-25
1.63539e-24
-8.44089e-25
-5.22938e-24
6.8525e-25
1.56783e-23
4.04798e-24
-4.35689e-23
-2.98356e-23
1.09939e-22
1.33233e-22
-2.41515e-22
-4.82749e-22
4.12651e-22
1.51341e-21
-2.88598e-22
-4.15973e-21
-1.6098e-21
9.86665e-21
1.00763e-20
-1.89981e-20
-3.75561e-20
2.34168e-20
1.09213e-19
1.62611e-20
-2.56811e-19
-2.22005e-19
4.59661e-19
8.72956e-19
-4.34333e-19
-2.39693e-18
-8.65144e-19
4.88474e-18
5.98107e-18
-6.2329e-18
-1.88745e-17
-2.1397e-18
4.0449e-17
4.06843e-17
-5.26573e-17
-1.37502e-16
-1.33228e-17
2.84649e-16
3.01526e-16
-3.13159e-16
-9.46778e-16
-2.89513e-16
1.68043e-15
2.32641e-15
-1.03114e-15
-5.83487e-15
-4.14417e-15
7.25458e-15
1.62201e-14
3.58896e-15
-2.79106e-14
-3.86787e-14
9.79035e-15
8.59005e-14
8.20578e-14
-6.58615e-14
-2.33755e-13
-1.59884e-13
2.38942e-13
5.90769e-13
3.00109e-13
-6.96617e-13
-1.43013e-12
-5.90179e-13
1.78131e-12
3.37989e-12
1.34444e-12
-4.09819e-12
-7.85007e-12
-3.63235e-12
8.42244e-12
1.78051e-11
1.06448e-11
-1.46303e-11
-3.86551e-11
-3.12164e-11
1.96207e-11
7.44619e-11
8.37995e-11
1.31596e-11
-1.76907e-10
-1.42607e-10
