ordre_2
-1.41439e-15
3.06781e-15
1.27915e-14
-1.44372e-14
-6.34102e-14
3.75357e-14
2.52411e-13
-1.90915e-14
-8.45845e-13
-4.02225e-13
2.32475e-12
2.67457e-12
-4.70645e-12
-1.07932e-11
3.98867e-12
3.11258e-11
1.73102e-11
-5.99993e-11
-9.90716e-11
3.92341e-11
2.65329e-10
2.03193e-10
-3.4175e-10
-8.29215e-10
-3.0365e-10
1.28699e-09
2.26121e-09
5.3737e-10
-3.51487e-09
-5.9371e-09
-2.25942e-09
7.09963e-09
1.46811e-08
1.08821e-08
-6.89206e-09
-2.88135e-08
-3.70929e-08
-1.84766e-08
2.42239e-08
7.05482e-08
9.25458e-08
7.01459e-08
2.09118e-09
-9.34816e-08
-1.8776e-07
-2.53129e-07
-2.7154e-07
-2.35875e-07
-1.44644e-07
7.39611e-09
2.40332e-07
6.01234e-07
1.17892e-06
2.12473e-06
3.68403e-06
6.24418e-06
1.0406e-05
1.7088e-05
2.76736e-05
4.42166e-05
6.97196e-05
0.000108505
0.000166702
0.000252866
0.000378763
0.000560314
0.000818725
0.00118178
0.00168531
0.00237471
0.0033066
0.00455025
0.00618889
0.0083206
0.0110586
0.0145306
0.0188774
0.0242501
0.0308053
0.0387002
0.0480847
0.0590929
0.0718336
0.0863796
0.102757
0.120936
0.140822
0.162248
0.184971
0.208673
0.232966
0.25739
0.281468
0.304569
0.326441
0.345553
0.364549
0.372906
0.401904
0.352473
0.529427
