ordre_1
1.4013e-45
2.8026e-45
4.2039e-45
5.60519e-45
7.00649e-45
8.40779e-45
9.80909e-45
1.12104e-44
1.26117e-44
1.4013e-44
1.54143e-44
1.68156e-44
1.82169e-44
1.96182e-44
2.10195e-44
2.24208e-44
2.38221e-44
2.52234e-44
2.66247e-44
2.8026e-44
2.94273e-44
3.08286e-44
3.22299e-44
3.36312e-44
3.50325e-44
3.64338e-44
3.78351e-44
3.92364e-44
4.06377e-44
4.2039e-44
4.34403e-44
4.48416e-44
4.62428e-44
4.76441e-44
4.90454e-44
5.04467e-44
5.1848e-44
5.32493e-44
5.46506e-44
5.60519e-44
5.74532e-44
5.88545e-44
6.02558e-44
6.16571e-44
6.30584e-44
6.44597e-44
6.5861e-44
6.72623e-44
6.86636e-44
7.00649e-44
7.14662e-44
7.28675e-44
7.42688e-44
7.56701e-44
7.9874e-44
1.06499e-43
2.53635e-43
9.80909e-43
4.53881e-42
2.15099e-41
1.00842e-40
4.64292e-40
2.09681e-39
9.28807e-39
4.03614e-38
1.72099e-37
7.20217e-37
2.95879e-36
1.19351e-35
4.72811e-35
1.83988e-34
7.03423e-34
2.64272e-33
9.75834e-33
3.54216e-32
1.26417e-31
4.43671e-31
1.53148e-30
5.20022e-30
1.73726e-29
5.71097e-29
1.84765e-28
5.88384e-28
1.84457e-27
5.69356e-27
1.73057e-26
5.18047e-26
1.5275e-25
4.43696e-25
1.2698e-24
3.58083e-24
9.95147e-24
2.72583e-23
7.35988e-23
1.95909e-22
5.14164e-22
1.33064e-21
3.39613e-21
8.54908e-21
2.12283e-20
5.20021e-20
