u_np1_2nd_order
-2.42978e-09
-4.184e-09
1.50459e-08
3.60423e-08
-7.13813e-09
-1.20352e-07
-1.91822e-07
-8.86107e-08
2.36577e-07
7.69103e-07
1.53301e-06
2.65688e-06
4.38823e-06
7.10593e-06
1.13659e-05
1.79851e-05
2.81614e-05
4.36364e-05
6.69123e-05
0.000101539
0.000152489
0.000226635
0.000333351
0.000485259
0.000699113
0.000996848
0.00140677
0.00196489
0.00271631
0.00371663
0.00503333
0.00674688
0.00895153
0.0117556
0.0152808
0.0196612
0.0250403
0.0315675
0.0393928
0.0486602
0.0594997
0.0720187
0.0862915
0.10235
0.120174
0.139681
0.160722
0.183073
0.206439
0.230451
0.254678
0.278632
0.301789
0.323602
0.343524
0.361031
0.375645
0.386955
0.394633
0.398458
0.398317
0.394218
0.386285
0.374754
0.359961
0.342324
0.322325
0.300489
0.277361
0.253481
0.229367
0.205498
0.182294
0.160116
0.139248
0.119907
0.102236
0.0863104
0.0721488
0.0597177
0.0489427
0.0397177
0.0319151
0.0253936
0.0200065
0.0156077
0.0120568
0.00922245
0.00698536
0.00523914
0.00389101
0.00286152
0.00208385
0.00150269
0.00107304
0.000758738
0.000531312
0.000368202
0.000253728
0.000168269
0.000132779
