ordre_2
-1.4013e-45
-2.8026e-45
-2.8026e-45
-1.4013e-45
0
1.4013e-45
1.4013e-45
0
-1.4013e-45
-2.8026e-45
-2.8026e-45
-1.4013e-45
0
1.4013e-45
1.4013e-45
2.8026e-45
1.4013e-45
0
-1.4013e-45
-2.8026e-45
-4.2039e-45
-5.60519e-45
-7.00649e-45
-9.80909e-45
-4.2039e-45
1.54143e-44
1.12104e-44
-3.50325e-44
-3.36312e-44
9.66896e-44
1.24716e-43
-2.46629e-43
-4.40008e-43
5.70328e-43
1.42652e-42
-1.19391e-42
-4.44492e-42
1.92538e-42
1.31764e-41
-8.99634e-43
-3.71652e-41
-1.08306e-41
9.90788e-41
6.70101e-41
-2.46902e-40
-2.80013e-40
5.62106e-40
9.89454e-40
-1.1119e-39
-3.13777e-39
1.63797e-39
9.11475e-39
-3.05745e-40
-2.43498e-38
-1.04192e-38
5.93164e-38
5.56397e-38
-1.2831e-37
-2.08226e-37
2.29392e-37
6.55498e-37
-2.54372e-37
-1.81806e-36
-3.11845e-37
4.47334e-36
3.23131e-36
-9.55358e-36
-1.3513e-35
1.63791e-35
4.33198e-35
-1.57168e-35
-1.17217e-34
-3.09577e-35
2.71394e-34
2.42238e-34
-5.17044e-34
-9.16487e-34
6.80408e-34
2.66379e-33
8.37858e-35
-6.38258e-33
-4.45959e-33
1.23725e-32
1.91124e-32
-1.6679e-32
-5.68972e-32
7.69953e-34
1.33343e-31
9.09335e-32
-2.38048e-31
-3.87528e-31
2.3441e-31
1.12535e-30
3.8418e-31
-2.62078e-30
-2.85736e-30
5.06958e-30
8.91488e-30
-7.91677e-30
-1.64578e-29
7.12678e-30
