ordre_1
1.4013e-45
2.8026e-45
4.2039e-45
5.60519e-45
7.00649e-45
8.40779e-45
9.80909e-45
1.12104e-44
1.26117e-44
1.4013e-44
1.54143e-44
1.68156e-44
1.82169e-44
1.96182e-44
2.10195e-44
2.24208e-44
2.38221e-44
2.52234e-44
2.66247e-44
2.8026e-44
2.94273e-44
3.08286e-44
3.22299e-44
3.36312e-44
3.50325e-44
3.64338e-44
3.78351e-44
3.92364e-44
4.06377e-44
4.2039e-44
4.34403e-44
4.48416e-44
4.62428e-44
4.76441e-44
4.90454e-44
5.04467e-44
5.1848e-44
5.32493e-44
5.46506e-44
5.60519e-44
5.74532e-44
5.88545e-44
6.02558e-44
6.16571e-44
6.30584e-44
6.44597e-44
6.5861e-44
6.72623e-44
6.86636e-44
7.00649e-44
7.14662e-44
7.28675e-44
7.42688e-44
7.56701e-44
7.70714e-44
7.84727e-44
7.9874e-44
8.12753e-44
8.26766e-44
8.40779e-44
8.82818e-44
1.12104e-43
2.36819e-43
8.35174e-43
3.60274e-42
1.6143e-41
7.19244e-41
3.15486e-40
1.35979e-39
5.75776e-39
2.39538e-38
9.79288e-38
3.93498e-37
1.55436e-36
6.03689e-36
2.30572e-35
8.66179e-35
3.201e-34
1.16389e-33
4.16446e-33
1.46653e-32
5.08359e-32
1.73487e-31
5.82961e-31
1.92908e-30
6.28723e-30
2.01848e-29
6.38414e-29
1.98952e-28
6.1097e-28
1.84914e-27
5.51629e-27
1.62221e-26
4.70328e-26
1.34455e-25
3.79038e-25
1.05383e-24
2.88989e-24
7.81752e-24
2.0863e-23
5.49349e-23
