ordre_1
1.4013e-45
2.8026e-45
4.2039e-45
5.60519e-45
7.00649e-45
8.40779e-45
9.80909e-45
1.12104e-44
1.26117e-44
1.4013e-44
1.54143e-44
1.68156e-44
1.82169e-44
1.96182e-44
2.10195e-44
2.24208e-44
2.38221e-44
2.52234e-44
2.66247e-44
2.8026e-44
2.94273e-44
3.08286e-44
3.22299e-44
3.36312e-44
3.50325e-44
3.64338e-44
3.78351e-44
3.92364e-44
4.06377e-44
4.2039e-44
4.34403e-44
4.48416e-44
4.62428e-44
4.76441e-44
4.90454e-44
5.04467e-44
5.1848e-44
5.32493e-44
5.46506e-44
5.60519e-44
5.74532e-44
5.88545e-44
6.02558e-44
6.16571e-44
6.30584e-44
6.44597e-44
6.5861e-44
6.72623e-44
6.86636e-44
7.00649e-44
7.14662e-44
7.28675e-44
7.42688e-44
7.56701e-44
7.70714e-44
7.84727e-44
7.9874e-44
8.12753e-44
8.26766e-44
8.40779e-44
8.54792e-44
8.68805e-44
8.82818e-44
8.96831e-44
9.10844e-44
9.24857e-44
9.3887e-44
9.52883e-44
9.66896e-44
9.80909e-44
9.94922e-44
1.09301e-43
1.69557e-43
4.45613e-43
1.62971e-42
6.63655e-42
2.74388e-41
1.12449e-40
4.54311e-40
1.80748e-39
7.08029e-39
2.73097e-38
1.03736e-37
3.88103e-37
1.43031e-36
5.19325e-36
1.85794e-35
6.55031e-35
2.27608e-34
7.7958e-34
2.6323e-33
8.76321e-33
2.8767e-32
9.31278e-32
2.97349e-31
9.36486e-31
2.9096e-30
8.91879e-30
2.69753e-29
8.05112e-29
2.37149e-28
