ordre_1
5.53846e-15
1.64163e-13
2.3627e-12
2.20154e-11
1.49446e-10
7.88783e-10
3.37544e-09
1.20659e-08
3.68717e-08
9.82031e-08
2.3195e-07
4.93941e-07
9.63984e-07
1.75251e-06
3.01518e-06
4.98054e-06
7.99315e-06
1.25723e-05
1.94882e-05
2.98606e-05
4.52903e-05
6.80349e-05
0.000101242
0.00014925
0.000217972
0.000315369
0.000452033
0.00064188
0.000902968
0.00125842
0.00173745
0.00237648
0.00322027
0.00432302
0.00574933
0.00757502
0.00988752
0.0127858
0.0163797
0.0207885
0.0261383
0.032559
0.0401793
0.0491217
0.0594953
0.0713892
0.0848636
0.0999426
0.116606
0.134781
0.15434
0.175093
0.196789
0.219115
0.241705
0.264144
0.285981
0.306743
0.325952
0.343142
0.357879
0.369777
0.378517
0.38386
0.385657
0.38386
0.378517
0.369777
0.357879
0.343142
0.325952
0.306743
0.285981
0.264144
0.241705
0.219115
0.196789
0.175093
0.15434
0.134781
0.116606
0.0999426
0.0848636
0.0713892
0.0594953
0.0491217
0.0401793
0.032559
0.0261383
0.0207885
0.0163797
0.0127858
0.00988752
0.00757502
0.00574932
0.00432301
0.00322027
0.00237648
0.00173745
0.00125842
0.000902967
