ordre_1
1.4013e-45
2.8026e-45
4.2039e-45
5.60519e-45
7.00649e-45
8.40779e-45
9.80909e-45
1.12104e-44
1.26117e-44
1.68156e-44
1.13505e-43
1.59748e-42
2.21223e-41
2.8235e-40
3.328e-39
3.63981e-38
3.71014e-37
3.53839e-36
3.16824e-35
2.67152e-34
2.12727e-33
1.60355e-32
1.14688e-31
7.7985e-31
5.05099e-30
3.12145e-29
1.84348e-28
1.04196e-27
5.64399e-27
2.9335e-26
1.46473e-25
7.0336e-25
3.25154e-24
1.44846e-23
6.22341e-23
2.58118e-22
1.03426e-21
4.00674e-21
1.50182e-20
5.45013e-20
1.91621e-19
6.53131e-19
2.15942e-18
6.9295e-18
2.15942e-17
6.53841e-17
1.92456e-16
5.50978e-16
1.53493e-15
4.16299e-15
1.09972e-14
2.83086e-14
7.10416e-14
1.73883e-13
4.15284e-13
9.68214e-13
2.2046e-12
4.90471e-12
1.06665e-11
2.26861e-11
4.72096e-11
9.61709e-11
1.91875e-10
3.75125e-10
7.19036e-10
1.35201e-09
2.49523e-09
4.52272e-09
8.05588e-09
1.41099e-08
2.43169e-08
4.12626e-08
6.89857e-08
1.13713e-07
1.84926e-07
2.96904e-07
4.70921e-07
7.38358e-07
1.14508e-06
1.7575e-06
2.67103e-06
4.0215e-06
6.00078e-06
8.87772e-06
1.30259e-05
1.89602e-05
2.73848e-05
3.9254e-05
5.58509e-05
7.88859e-05
0.000110619
0.000154011
0.000212906
0.000292248
0.000398342
0.000539152
0.000724638
0.000967143
0.00128181
0.00168703
0.00220489
