ordre_2
-1.4013e-45
-2.8026e-45
-1.4013e-45
8.40779e-45
-0
-4.06377e-44
-2.8026e-45
1.48538e-43
2.24208e-44
-5.29691e-43
-1.38729e-43
1.81468e-42
7.06254e-43
-5.97934e-42
-3.25241e-42
1.89287e-41
1.37425e-41
-5.77083e-41
-5.44152e-41
1.69075e-40
2.04287e-40
-4.73357e-40
-7.31743e-40
1.25362e-39
2.51068e-39
-3.08087e-39
-8.26686e-39
6.74864e-39
2.61275e-38
-1.1802e-38
-7.91511e-38
8.74732e-39
2.29084e-37
5.22801e-38
-6.29721e-37
-3.70888e-37
1.62738e-36
1.64152e-36
-3.88144e-36
-6.0505e-36
8.22566e-36
1.9909e-35
-1.40139e-35
-5.99047e-35
1.15366e-35
1.65864e-34
4.4794e-35
-4.20226e-34
-3.17657e-34
9.54414e-34
1.30282e-33
-1.84251e-33
-4.32856e-33
2.53294e-33
1.25044e-32
1.85577e-34
-3.19008e-32
-1.81072e-32
7.08069e-32
8.61376e-32
-1.28425e-31
-2.91403e-31
1.47125e-31
8.1374e-31
1.34135e-31
-1.92467e-30
-1.54157e-30
3.72822e-30
6.16907e-30
-5.01592e-30
-1.82508e-29
-1.67067e-31
4.36952e-29
3.04665e-29
-8.28649e-29
-1.30682e-28
1.02768e-28
3.8178e-28
3.69893e-29
-8.64404e-28
-7.29356e-28
1.4522e-27
2.79035e-27
-1.18431e-27
-7.33452e-27
-3.07178e-27
1.43572e-26
1.83659e-26
-1.79013e-26
-5.49796e-26
-5.09338e-27
1.14132e-25
1.12889e-25
-1.46403e-25
-4.14073e-25
-2.58944e-26
1.04125e-24
7.1378e-25
-1.95038e-24
-1.76367e-24
1.94831e-24
