ordre_2
-1.52882e-41
1.01249e-40
1.40138e-40
-5.9351e-40
-7.25186e-40
2.56582e-39
3.18826e-39
-9.67574e-39
-1.29472e-38
3.34631e-38
4.99774e-38
-1.08185e-37
-1.85504e-37
3.28847e-37
6.65208e-37
-9.36836e-37
-2.30819e-36
2.46794e-36
7.74911e-36
-5.81836e-36
-2.514e-35
1.12329e-35
7.86371e-35
-1.17046e-35
-2.36325e-34
-3.63685e-35
6.78743e-34
3.23581e-34
-1.84772e-33
-1.55989e-33
4.70313e-33
6.12341e-33
-1.09163e-32
-2.13145e-32
2.1863e-32
6.77493e-32
-3.17402e-32
-1.98576e-31
-8.731e-34
5.35992e-31
2.48503e-31
-1.31591e-30
-1.29225e-30
2.84767e-30
4.826e-30
-4.99332e-30
-1.51749e-29
4.89163e-30
4.1798e-29
1.0468e-29
-1.00924e-28
-8.42336e-29
2.06476e-28
3.34115e-28
-3.16909e-28
-1.02701e-27
1.50022e-28
2.63284e-27
1.315e-27
-5.59329e-27
-6.89109e-27
8.96352e-27
2.27219e-26
-5.92347e-27
-5.85087e-26
-2.72367e-26
1.19254e-25
1.50831e-25
-1.69427e-25
-4.79012e-25
3.36483e-26
1.13645e-24
7.99825e-25
-1.98691e-24
-3.4007e-24
1.80629e-24
9.17277e-24
3.42581e-24
-1.77862e-23
-2.25415e-23
2.05928e-23
6.75884e-23
1.2786e-23
-1.37348e-22
-1.48899e-22
1.66217e-22
4.73444e-22
7.18084e-23
-9.59954e-22
-1.035e-21
1.10354e-21
3.16695e-21
6.95282e-22
-5.70372e-21
-7.55816e-21
4.14646e-21
2.30546e-20
1.06477e-20
-4.56201e-20
-3.71875e-20
4.60177e-20
