ordre_1
1.4013e-45
2.8026e-45
4.2039e-45
5.60519e-45
7.00649e-45
8.40779e-45
9.80909e-45
1.12104e-44
1.26117e-44
1.4013e-44
1.54143e-44
1.68156e-44
1.82169e-44
1.96182e-44
2.10195e-44
2.24208e-44
2.38221e-44
2.52234e-44
2.66247e-44
2.8026e-44
2.94273e-44
3.08286e-44
3.22299e-44
3.36312e-44
3.50325e-44
3.64338e-44
3.78351e-44
3.92364e-44
4.06377e-44
4.2039e-44
4.34403e-44
4.48416e-44
4.62428e-44
4.76441e-44
4.90454e-44
5.04467e-44
5.1848e-44
5.32493e-44
5.46506e-44
5.60519e-44
5.74532e-44
5.88545e-44
6.02558e-44
6.16571e-44
6.30584e-44
6.44597e-44
6.5861e-44
6.72623e-44
6.86636e-44
7.00649e-44
7.14662e-44
7.28675e-44
7.42688e-44
7.56701e-44
7.70714e-44
7.84727e-44
7.9874e-44
9.80909e-44
1.97583e-43
6.92241e-43
3.06744e-42
1.42288e-41
6.56158e-41
2.97661e-40
1.32558e-39
5.79367e-39
2.48551e-38
1.04684e-37
4.32949e-37
1.75865e-36
7.01769e-36
2.75148e-35
1.06018e-34
4.01529e-34
1.49505e-33
5.47355e-33
1.97077e-32
6.97956e-32
2.43173e-31
8.33618e-31
2.81223e-30
9.33754e-30
3.05194e-29
9.82076e-29
3.11172e-28
9.7096e-28
2.98406e-27
9.03394e-27
2.69442e-26
7.91825e-26
2.29309e-25
6.54479e-25
1.84122e-24
5.10624e-24
1.39616e-23
3.76404e-23
1.00072e-22
2.62395e-22
6.78628e-22
1.73137e-21
4.35789e-21
