ordre_2
-1.27704e-20
8.5332e-20
1.21181e-19
-4.78245e-19
-6.60556e-19
1.89906e-18
3.04003e-18
-6.2006e-18
-1.25697e-17
1.68242e-17
4.72502e-17
-3.48445e-17
-1.60972e-16
3.20171e-17
4.90786e-16
1.59837e-16
-1.30428e-15
-1.19151e-15
2.84694e-15
4.99258e-15
-4.23283e-15
-1.58746e-14
-5.01352e-16
3.96026e-14
3.16542e-14
-7.162e-14
-1.35049e-13
5.55429e-14
3.64566e-13
1.99743e-13
-6.44857e-13
-1.06118e-12
3.9257e-13
2.71057e-12
1.93247e-12
-3.73545e-12
-8.06555e-12
-1.11938e-12
1.5226e-11
1.96941e-11
-7.29315e-12
-4.7385e-11
-4.34227e-11
3.69617e-11
1.28637e-10
9.60797e-11
-1.11462e-10
-3.22594e-10
-2.35271e-10
2.48882e-10
7.581e-10
6.42519e-10
-3.69669e-10
-1.61976e-09
-1.78e-09
-1.18207e-11
2.86407e-09
4.4314e-09
2.39879e-09
-3.10976e-09
-8.67249e-09
-9.34984e-09
-2.35827e-09
9.91878e-09
2.01446e-08
2.00043e-08
5.77664e-09
-1.80758e-08
-3.99176e-08
-4.64259e-08
-2.96822e-08
7.98761e-09
5.4019e-08
9.04178e-08
1.00933e-07
7.72506e-08
2.16977e-08
-5.42071e-08
-1.34177e-07
-2.02467e-07
-2.47877e-07
-2.65593e-07
-2.55829e-07
-2.22424e-07
-1.65918e-07
-8.73664e-08
3.75208e-08
2.16524e-07
5.74476e-07
1.08206e-06
2.27618e-06
3.69179e-06
7.67888e-06
1.09528e-05
2.40957e-05
2.86408e-05
7.24032e-05
6.33516e-05
0.000213277
0.000100677
0.000629509
