ordre_2
8.18923e-35
-1.09066e-35
-7.30195e-34
2.05452e-35
3.58026e-33
2.31258e-34
-1.45688e-32
-2.62862e-33
5.36402e-32
1.73716e-32
-1.84268e-31
-9.17963e-32
5.97728e-31
4.23865e-31
-1.83614e-30
-1.77728e-30
5.32281e-30
6.90197e-30
-1.44097e-29
-2.50898e-29
3.56294e-29
8.58255e-29
-7.65209e-29
-2.76671e-28
1.22429e-28
8.38857e-28
-2.60552e-29
-2.37801e-27
-9.03566e-28
6.22794e-27
5.21485e-27
-1.47178e-26
-2.10025e-26
2.97719e-26
7.09156e-26
-4.37904e-26
-2.10315e-25
4.35571e-27
5.52088e-25
2.93599e-25
-1.25903e-24
-1.47982e-24
2.33642e-24
5.15535e-24
-2.71532e-24
-1.46029e-23
-2.57408e-24
3.44325e-23
2.91571e-23
-6.44526e-23
-1.15109e-22
7.51917e-23
3.29819e-22
5.88689e-23
-7.39511e-22
-6.90715e-22
1.21154e-21
2.54351e-21
-8.23571e-22
-6.51896e-21
-3.35277e-21
1.21317e-20
1.76336e-20
-1.25755e-20
-5.02205e-20
-1.51837e-20
9.81143e-20
1.20113e-19
-1.07742e-19
-3.59426e-19
-9.56481e-20
6.86404e-19
8.48952e-19
-6.58354e-19
-2.43235e-18
-9.71811e-19
4.14862e-18
6.14213e-18
-2.44947e-18
-1.51543e-17
-1.04857e-17
2.00793e-17
4.22549e-17
4.06403e-18
-8.05084e-17
-9.47215e-17
5.70725e-17
2.49313e-16
1.63921e-16
-3.0258e-16
-6.62936e-16
-1.67319e-16
1.09568e-15
1.54444e-15
-2.53472e-16
-3.05412e-15
-3.64528e-15
1.61536e-15
1.06484e-14
4.46564e-15
-1.2029e-14
