ordre_1
3.22381e-25
2.05165e-23
6.43271e-22
1.32472e-20
2.01552e-19
2.41639e-18
2.37763e-17
1.97476e-16
1.41321e-15
8.85189e-15
4.91354e-14
2.4415e-13
1.09511e-12
4.46556e-12
1.66561e-11
5.71335e-11
1.81104e-10
5.32845e-10
1.46116e-09
3.74899e-09
9.03454e-09
2.05263e-08
4.41349e-08
9.01608e-08
1.757e-07
3.27993e-07
5.89081e-07
1.02238e-06
1.72218e-06
2.82749e-06
4.54227e-06
7.16451e-06
1.11272e-05
1.7055e-05
2.58408e-05
3.87476e-05
5.75429e-05
8.46727e-05
0.000123483
0.000178503
0.000255791
0.000363363
0.000511704
0.000714368
0.000988671
0.00135647
0.001845
0.00248778
0.00332551
0.00440692
0.00578954
0.00754021
0.00973545
0.0124613
0.0158125
0.0198918
0.0248074
0.0306707
0.0375926
0.045679
0.0550259
0.0657135
0.0778
0.0913149
0.106253
0.122569
0.14017
0.158918
0.178619
0.199031
0.219864
0.240784
0.261422
0.281381
0.300254
0.317632
0.333119
0.34635
0.357003
0.364812
0.36958
0.371183
0.36958
0.364812
0.357003
0.34635
0.333119
0.317632
0.300254
0.281381
0.261422
0.240784
0.219864
0.199031
0.178619
0.158918
0.14017
0.122569
0.106253
0.0913149
0.0778
