ordre_1
1.28952e-24
7.94868e-23
2.41282e-21
4.80835e-20
7.0763e-19
8.20222e-18
7.79931e-17
6.25717e-16
4.3234e-15
2.6135e-14
1.39948e-13
6.7057e-13
2.89935e-12
1.1393e-11
4.09391e-11
1.35263e-10
4.12951e-10
1.17022e-09
3.09124e-09
7.64326e-09
1.77604e-08
3.89411e-08
8.08971e-08
1.59908e-07
3.02087e-07
5.47891e-07
9.58455e-07
1.62472e-06
2.68081e-06
4.3236e-06
6.84106e-06
1.06523e-05
1.63632e-05
2.48414e-05
3.7317e-05
5.55147e-05
8.18252e-05
0.000119526
0.000173057
0.000248373
0.000353362
0.000498357
0.000696741
0.000965634
0.00132668
0.00180689
0.00243955
0.00326515
0.00433221
0.00569813
0.00742968
0.00960338
0.0123054
0.0156309
0.0196829
0.0245705
0.0304058
0.0373009
0.0453629
0.0546894
0.0653621
0.0774407
0.0909565
0.105906
0.122244
0.139881
0.158676
0.178438
0.198923
0.21984
0.240853
0.26159
0.281653
0.300629
0.318106
0.333686
0.346998
0.357718
0.365578
0.370376
0.371989
0.370376
0.365578
0.357718
0.346998
0.333685
0.318106
0.300629
0.281653
0.26159
0.240853
0.21984
0.198923
0.178438
0.158676
0.139881
0.122244
0.105906
0.0909565
0.0774407
0.0653621
