ordre_2
-1.4013e-45
-2.8026e-45
-2.8026e-45
-1.4013e-45
0
1.4013e-45
1.4013e-45
0
-1.4013e-45
-2.8026e-45
-2.8026e-45
-1.4013e-45
0
1.4013e-45
1.4013e-45
2.8026e-45
1.4013e-45
0
-1.4013e-45
-2.8026e-45
-4.2039e-45
-5.60519e-45
-5.60519e-45
-4.2039e-45
-2.8026e-45
-1.4013e-45
-1.4013e-45
-0
-0
-1.4013e-45
-2.8026e-45
-4.2039e-45
-5.60519e-45
-7.00649e-45
-7.00649e-45
-5.60519e-45
-4.2039e-45
-2.8026e-45
-1.4013e-45
-1.4013e-45
-2.8026e-45
-4.2039e-45
-4.2039e-45
5.60519e-45
4.2039e-45
-1.12104e-44
-2.24208e-44
-0
2.66247e-44
-2.24208e-44
-1.06499e-43
1.4013e-45
2.84464e-43
1.12104e-43
-7.16064e-43
-6.1517e-43
1.63391e-42
2.33596e-42
-3.30706e-42
-7.67771e-42
5.19742e-42
2.25987e-41
-2.94833e-42
-6.0452e-41
-2.17439e-41
1.46182e-40
1.29421e-40
-3.11422e-40
-4.92831e-40
5.41777e-40
1.54487e-39
-5.55424e-40
-4.22148e-39
-9.04551e-40
1.01418e-38
7.97001e-39
-2.08742e-38
-3.19746e-38
3.33705e-38
9.93903e-38
-2.36561e-38
-2.60924e-37
-9.85816e-38
5.82975e-37
5.92721e-37
-1.05069e-36
-2.06549e-36
1.17742e-36
5.63868e-36
1.17115e-36
-1.26637e-35
-1.26791e-35
2.27922e-35
5.02772e-35
-2.86894e-35
-1.47744e-34
9.1892e-36
3.43713e-34
5.84273e-35
-5.5768e-34
-9.98181e-35
