ordre_1
1.4013e-45
2.8026e-45
4.2039e-45
5.60519e-45
7.00649e-45
8.40779e-45
9.80909e-45
1.12104e-44
1.26117e-44
1.4013e-44
1.54143e-44
1.68156e-44
1.82169e-44
6.16571e-44
6.20775e-43
7.24752e-42
8.008e-41
8.2937e-40
8.06884e-39
7.39608e-38
6.40488e-37
5.2531e-36
4.08971e-35
3.0285e-34
2.13715e-33
1.43966e-32
9.27227e-32
5.71806e-31
3.38091e-30
1.91905e-29
1.04693e-28
5.49536e-28
2.77824e-27
1.35411e-26
6.36857e-26
2.89267e-25
1.26992e-24
5.3926e-24
2.21657e-23
8.82509e-23
3.40559e-22
1.27459e-21
4.62922e-21
1.63248e-20
5.59277e-20
1.86238e-19
6.03096e-19
1.90017e-18
5.82751e-18
1.74043e-17
5.06407e-17
1.43614e-16
3.97122e-16
1.07117e-15
2.81951e-15
7.24494e-15
1.81807e-14
4.45726e-14
1.06799e-13
2.50195e-13
5.73273e-13
1.28524e-12
2.82041e-12
6.06061e-12
1.27577e-11
2.63179e-11
5.32277e-11
1.05589e-10
2.05533e-10
3.92761e-10
7.37161e-10
1.35955e-09
2.46516e-09
4.39681e-09
7.71803e-09
1.3341e-08
2.27213e-08
3.81491e-08
6.31822e-08
1.03281e-07
1.66728e-07
2.65958e-07
4.19442e-07
6.54368e-07
1.01038e-06
1.5448e-06
2.33979e-06
3.51218e-06
5.22675e-06
7.71403e-06
1.1294e-05
1.64074e-05
2.3656e-05
3.38554e-05
4.81014e-05
6.78545e-05
9.50447e-05
0.000132201
0.000182608
0.000250496
0.000341263
