ordre_1
-1.1163e-07
-1.83129e-07
-7.14872e-08
1.11866e-07
1.85472e-07
8.63791e-08
-4.34549e-08
5.7721e-08
6.14329e-07
1.74056e-06
3.51034e-06
6.09913e-06
9.89827e-06
1.55744e-05
2.41193e-05
3.69425e-05
5.60294e-05
8.41647e-05
0.000125222
0.000184531
0.000269336
0.000389367
0.000557522
0.000790685
0.00111067
0.00154527
0.00212944
0.00290648
0.00392923
0.00526125
0.00697768
0.00916589
0.0119256
0.0153683
0.0196161
0.0247995
0.0310538
0.038515
0.0473137
0.0575687
0.0693791
0.0828159
0.0979135
0.114661
0.132993
0.152788
0.173857
0.195947
0.21874
0.241859
0.264875
0.287318
0.308695
0.328505
0.346256
0.36149
0.373801
0.382851
0.388385
0.390248
0.388385
0.382851
0.373801
0.36149
0.346256
0.328504
0.308695
0.287318
0.264875
0.241859
0.21874
0.195947
0.173857
0.152788
0.132993
0.114661
0.0979135
0.0828159
0.0693791
0.0575687
0.0473137
0.038515
0.0310538
0.0247995
0.0196161
0.0153683
0.0119256
0.00916589
0.00697768
0.00526125
0.00392923
0.00290647
0.00212944
0.00154527
0.00111067
0.000790685
0.000557521
0.000389366
0.000269336
0.00018453
0.000125222
