ordre_2
1.08881e-42
-7.20688e-42
-9.97304e-42
4.22856e-41
5.15426e-41
-1.83074e-40
-2.26311e-40
6.91926e-40
9.17947e-40
-2.40082e-39
-3.54079e-39
7.79801e-39
1.3142e-38
-2.38622e-38
-4.71665e-38
6.86495e-38
1.63975e-37
-1.83617e-37
-5.52243e-37
4.44403e-37
1.79993e-36
-9.0809e-37
-5.66625e-36
1.19944e-36
1.71759e-35
1.43341e-36
-4.99027e-35
-1.96748e-35
1.37995e-34
1.02301e-34
-3.59112e-34
-4.1698e-34
8.62172e-34
1.49169e-33
-1.83358e-33
-4.8606e-33
3.09674e-33
1.46228e-32
-2.25222e-33
-4.0692e-32
-1.19946e-32
1.03937e-31
8.03418e-32
-2.38504e-31
-3.28244e-31
4.66339e-31
1.09582e-30
-6.54123e-31
-3.18879e-30
-9.46858e-33
8.19966e-30
4.55587e-30
-1.83402e-29
-2.20489e-29
3.35011e-29
7.52355e-29
-3.86638e-29
-2.11033e-28
-3.48311e-29
4.99165e-28
4.04215e-28
-9.59779e-28
-1.61531e-27
1.2519e-27
4.74643e-27
2.39816e-28
-1.11955e-26
-8.44238e-27
2.05544e-26
3.47718e-26
-2.29588e-26
-9.84201e-26
-2.0107e-26
2.13313e-25
2.09941e-25
-3.28321e-25
-7.38722e-25
1.63553e-25
1.81047e-24
1.09724e-24
-3.18231e-24
-5.09421e-24
2.84859e-24
1.37267e-23
5.43924e-24
-2.55618e-23
-3.43961e-23
2.58241e-23
9.83784e-23
3.05554e-23
-1.84328e-22
-2.27365e-22
1.71438e-22
6.35971e-22
3.08931e-22
-1.1358e-21
-1.9441e-21
1.20789e-21
5.07329e-21
-3.96246e-22
-5.84827e-21
