ordre_2
-3.33324e-21
4.2484e-22
2.94159e-20
1.2652e-21
-1.40825e-19
-3.19501e-20
5.48327e-19
2.55167e-19
-1.8733e-18
-1.44729e-18
5.69537e-18
6.72456e-18
-1.51459e-17
-2.69283e-17
3.31113e-17
9.46783e-17
-4.72372e-17
-2.92333e-16
-3.26539e-17
7.78474e-16
5.64909e-16
-1.69758e-15
-2.60085e-15
2.56172e-15
8.41796e-15
-1.51391e-16
-2.08394e-14
-1.61238e-14
3.67859e-14
6.90454e-14
-2.61927e-14
-1.82391e-13
-1.06757e-13
3.09897e-13
5.34022e-13
-1.54582e-13
-1.31102e-12
-1.01693e-12
1.70007e-12
3.94466e-12
8.15727e-13
-7.11899e-12
-9.74689e-12
2.83613e-12
2.24881e-11
2.15557e-11
-1.67126e-11
-6.16397e-11
-4.6773e-11
5.37956e-11
1.5581e-10
1.09762e-10
-1.30047e-10
-3.71489e-10
-2.89145e-10
2.32484e-10
8.23957e-10
8.01809e-10
-1.9277e-10
-1.60305e-09
-2.10094e-09
-6.33365e-10
2.35089e-09
4.6659e-09
3.74326e-09
-1.14229e-09
-7.50543e-09
-1.05887e-08
-6.468e-09
4.60389e-09
1.71181e-08
2.27551e-08
1.52929e-08
-4.89936e-09
-2.96862e-08
-4.6375e-08
-4.38335e-08
-1.83591e-08
2.37266e-08
6.80073e-08
9.7459e-08
9.88135e-08
6.7326e-08
7.66368e-09
-6.76076e-08
-1.4407e-07
-2.06115e-07
-2.48813e-07
-2.595e-07
-2.59509e-07
-2.09482e-07
-2.03889e-07
-5.08513e-08
-1.3216e-07
3.75341e-07
-6.22615e-08
1.77952e-06
3.41567e-08
6.48803e-06
1.53571e-07
2.1241e-05
