ordre_1
1.4013e-45
2.8026e-45
4.2039e-45
5.60519e-45
7.00649e-45
8.40779e-45
9.80909e-45
1.12104e-44
1.26117e-44
1.4013e-44
1.54143e-44
1.68156e-44
1.82169e-44
1.96182e-44
2.10195e-44
2.24208e-44
2.38221e-44
2.52234e-44
2.66247e-44
2.8026e-44
2.94273e-44
3.08286e-44
3.22299e-44
3.36312e-44
3.78351e-44
8.96831e-44
5.22684e-43
3.92083e-42
2.94259e-41
2.1328e-40
1.48845e-39
1.00071e-38
6.48774e-38
4.05975e-37
2.45425e-36
1.43457e-35
8.11434e-35
4.44472e-34
2.35943e-33
1.2146e-32
6.06741e-32
2.94295e-31
1.38684e-30
6.35286e-30
2.83039e-29
1.22708e-28
5.17918e-28
2.12916e-27
8.52922e-27
3.33079e-26
1.26852e-25
4.71338e-25
1.70928e-24
6.05202e-24
2.09288e-23
7.07118e-23
2.33499e-22
7.53811e-22
2.37989e-21
7.35018e-21
2.22132e-20
6.57081e-20
1.90301e-19
5.39754e-19
1.49967e-18
4.08276e-18
1.08938e-17
2.84957e-17
7.30909e-17
1.83881e-16
4.53839e-16
1.09917e-15
2.61293e-15
6.09811e-15
1.39756e-14
3.14598e-14
6.95758e-14
1.51211e-13
3.23025e-13
6.78463e-13
1.40141e-12
2.8475e-12
5.69299e-12
1.12024e-11
2.17019e-11
4.14025e-11
7.78081e-11
1.44087e-10
2.63006e-10
4.73355e-10
8.40295e-10
1.47181e-09
2.54446e-09
4.34334e-09
7.32309e-09
1.22002e-08
2.00914e-08
3.27178e-08
5.27054e-08
8.40205e-08
1.32598e-07
