ordre_1
1.4013e-45
2.8026e-45
4.2039e-45
5.60519e-45
7.00649e-45
8.40779e-45
9.80909e-45
1.12104e-44
1.26117e-44
1.4013e-44
1.54143e-44
1.68156e-44
1.82169e-44
1.96182e-44
2.10195e-44
2.24208e-44
2.38221e-44
2.52234e-44
2.66247e-44
2.8026e-44
2.94273e-44
3.08286e-44
3.22299e-44
3.36312e-44
3.50325e-44
3.64338e-44
3.78351e-44
3.92364e-44
4.06377e-44
4.2039e-44
4.34403e-44
4.48416e-44
4.62428e-44
4.76441e-44
4.90454e-44
5.04467e-44
5.1848e-44
5.32493e-44
5.46506e-44
5.60519e-44
5.74532e-44
5.88545e-44
6.02558e-44
6.16571e-44
6.30584e-44
6.44597e-44
6.5861e-44
6.72623e-44
6.86636e-44
7.00649e-44
7.14662e-44
7.28675e-44
7.42688e-44
7.56701e-44
7.70714e-44
7.84727e-44
7.9874e-44
8.12753e-44
8.26766e-44
8.40779e-44
8.54792e-44
8.68805e-44
8.82818e-44
1.03696e-43
1.86373e-43
5.77335e-43
2.35278e-42
1.03051e-41
4.52269e-41
1.95826e-40
8.33892e-40
3.49047e-39
1.43616e-38
5.80944e-38
2.31074e-37
9.03918e-37
3.47811e-36
1.31664e-35
4.90419e-35
1.7977e-34
6.48605e-34
2.30369e-33
8.05588e-33
2.77401e-32
9.40742e-32
3.14239e-31
1.03403e-30
3.35236e-30
1.07094e-29
3.37156e-29
1.04617e-28
3.19986e-28
9.64871e-28
2.86858e-27
8.40957e-27
2.4313e-26
6.93278e-26
1.94997e-25
5.41063e-25
1.48119e-24
4.00095e-24
