ordre_1
1.4013e-45
2.8026e-45
4.2039e-45
5.60519e-45
7.00649e-45
8.40779e-45
9.80909e-45
1.12104e-44
1.26117e-44
1.4013e-44
1.54143e-44
1.68156e-44
1.82169e-44
1.96182e-44
2.10195e-44
2.24208e-44
2.38221e-44
2.52234e-44
2.66247e-44
2.8026e-44
2.94273e-44
3.08286e-44
3.50325e-44
7.56701e-44
4.49817e-43
3.54529e-42
2.79629e-41
2.12462e-40
1.55038e-39
1.08728e-38
7.3361e-38
4.76743e-37
2.98705e-36
1.80616e-35
1.05492e-34
5.95658e-34
3.25418e-33
1.72139e-32
8.82307e-32
4.3849e-31
2.11436e-30
9.89781e-30
4.50087e-29
1.98925e-28
8.54967e-28
3.57514e-27
1.45523e-26
5.76855e-26
2.22786e-25
8.38653e-25
3.0784e-24
1.10227e-23
3.85156e-23
1.31379e-22
4.37636e-22
1.42411e-21
4.52858e-21
1.40769e-20
4.2787e-20
1.27207e-19
3.70023e-19
1.0534e-18
2.93579e-18
8.01204e-18
2.14174e-17
5.60931e-17
1.43975e-16
3.62251e-16
8.93698e-16
2.16242e-15
5.13299e-15
1.19561e-14
2.73343e-14
6.13532e-14
1.35235e-13
2.92805e-13
6.22899e-13
1.30234e-12
2.6768e-12
5.41021e-12
1.07559e-11
2.10395e-11
4.05055e-11
7.67749e-11
1.43314e-10
2.63552e-10
4.77638e-10
8.53375e-10
1.50365e-09
2.61383e-09
4.48435e-09
7.59594e-09
1.27085e-08
2.10092e-08
3.43325e-08
5.54823e-08
8.87013e-08
1.40348e-07
2.1986e-07
3.41126e-07
5.24407e-07
