ordre_2
2.72894e-23
4.93122e-23
-2.37153e-22
-3.13829e-22
1.10106e-21
1.52841e-21
-4.09241e-21
-6.61598e-21
1.30952e-20
2.63494e-20
-3.61988e-20
-9.73149e-20
8.19678e-20
3.32776e-19
-1.20196e-19
-1.04592e-18
-1.04842e-19
2.978e-18
1.74532e-18
-7.46862e-18
-8.80513e-18
1.5484e-17
3.26579e-17
-2.15048e-17
-9.9076e-17
-8.29449e-18
2.48002e-16
1.92132e-16
-4.82927e-16
-8.28836e-16
5.53344e-16
2.43059e-15
6.17502e-16
-5.23295e-15
-5.83414e-15
7.06921e-15
1.95546e-14
1.63715e-15
-4.22226e-14
-4.33598e-14
5.07715e-14
1.43736e-13
3.49495e-14
-2.69306e-13
-3.5326e-13
1.85703e-13
9.26617e-13
6.38004e-13
-1.15526e-12
-2.58222e-12
-6.95823e-13
4.22991e-12
6.37578e-12
-3.98406e-13
-1.25682e-11
-1.48798e-11
4.56568e-12
3.31827e-11
3.47162e-11
-1.41325e-11
-8.06932e-11
-8.38907e-11
2.63521e-11
1.81472e-10
2.08932e-10
-1.14153e-11
-3.66699e-10
-5.12817e-10
-1.4969e-10
6.1196e-10
1.15869e-09
7.81438e-10
-6.30142e-10
-2.19567e-09
-2.46144e-09
-5.32085e-10
2.87702e-09
5.4364e-09
4.58477e-09
-4.43525e-10
-7.39855e-09
-1.1759e-08
-9.35413e-09
6.03638e-10
1.40881e-08
2.36533e-08
2.22303e-08
7.33063e-09
-1.66831e-08
-3.97672e-08
-5.03211e-08
-4.05263e-08
-1.01317e-08
3.27271e-08
7.42049e-08
1.00134e-07
9.83503e-08
7.18505e-08
4.51819e-09
-2.7863e-08
-2.04187e-07
