ordre_2
-4.01614e-26
2.67156e-25
3.74577e-25
-1.5317e-24
-1.99293e-24
6.35792e-24
9.01249e-24
-2.24545e-23
-3.72837e-23
7.01315e-23
1.44e-22
-1.9315e-22
-5.21797e-22
4.48673e-22
1.77152e-21
-7.42656e-22
-5.60437e-21
-1.99553e-23
1.63523e-20
7.20055e-21
-4.31936e-20
-4.08225e-20
9.95153e-20
1.63344e-19
-1.821e-19
-5.391e-19
1.72688e-19
1.51712e-18
4.82723e-19
-3.59369e-18
-3.56977e-18
6.66027e-18
1.34935e-17
-6.90931e-18
-3.80326e-17
-1.15482e-17
8.25222e-17
9.18464e-17
-1.21214e-16
-3.13377e-16
1.93554e-17
7.35136e-16
5.94339e-16
-1.12945e-15
-2.34645e-15
3.40476e-16
5.46481e-15
4.47195e-15
-7.43483e-15
-1.68909e-14
-1.2128e-15
3.42138e-14
3.79877e-14
-3.05754e-14
-1.1036e-13
-5.77638e-14
1.58189e-13
2.91763e-13
1.80008e-14
-5.50683e-13
-6.75898e-13
2.62808e-13
1.60386e-12
1.44369e-12
-1.23943e-12
-4.22247e-12
-3.01647e-12
3.88619e-12
1.04627e-11
6.62175e-12
-9.93162e-12
-2.49019e-11
-1.60837e-11
2.13782e-11
5.70408e-11
4.26671e-11
-3.66895e-11
-1.23519e-10
-1.15648e-10
3.66016e-11
2.42386e-10
2.97538e-10
5.28209e-11
-3.94584e-10
-6.80646e-10
-4.22032e-10
4.05683e-10
1.27972e-09
1.38821e-09
2.60919e-10
-1.66327e-09
-3.06323e-09
-2.5196e-09
3.62146e-10
4.20469e-09
6.55719e-09
4.87258e-09
-1.10356e-09
-7.43311e-09
-1.57801e-08
-7.01657e-09
