ordre_2
-4.14224e-42
9.04959e-42
3.73124e-41
-5.19139e-41
-1.86709e-40
2.16026e-40
7.83668e-40
-7.67944e-40
-3.01015e-39
2.43183e-39
1.09246e-38
-6.87438e-39
-3.79922e-38
1.6757e-38
1.27412e-37
-3.0843e-38
-4.13e-37
1.2604e-38
1.29365e-36
2.55071e-37
-3.90695e-36
-1.74888e-36
1.13272e-35
8.29962e-36
-3.13e-35
-3.36151e-35
8.14505e-35
1.23287e-34
-1.95334e-34
-4.19274e-34
4.12485e-34
1.33557e-33
-6.73642e-34
-3.99644e-33
3.3071e-34
1.12052e-32
3.65546e-33
-2.91841e-32
-2.24575e-32
6.93031e-32
9.16593e-32
-1.43986e-31
-3.12229e-31
2.3314e-31
9.39375e-31
-1.45012e-31
-2.53295e-30
-9.35219e-31
6.07325e-30
5.68096e-30
-1.24847e-29
-2.14823e-29
1.95748e-29
6.56938e-29
-1.0799e-29
-1.71262e-28
-7.67922e-29
3.7851e-28
4.26591e-28
-6.61858e-28
-1.47238e-27
6.54029e-28
4.01217e-27
1.11376e-27
-8.90653e-27
-8.82255e-27
1.50916e-26
3.16756e-26
-1.29648e-26
-8.40743e-26
-3.15158e-26
1.7289e-25
2.03795e-25
-2.44683e-25
-6.58955e-25
4.6459e-26
1.54286e-24
1.12842e-24
-2.58402e-24
-4.65929e-24
1.95819e-24
1.20564e-23
5.80157e-24
-2.17644e-23
-3.15585e-23
2.02668e-23
8.71491e-23
3.33446e-23
-1.60802e-22
-2.15877e-22
1.53029e-22
5.89284e-22
2.27429e-22
-9.82819e-22
-1.53152e-21
5.48482e-22
4.37721e-21
2.36511e-21
-8.4598e-21
-7.35104e-21
8.46099e-21
