ordre_1
4.58131e-39
5.02297e-37
2.72947e-35
9.80064e-34
2.61587e-32
5.5356e-31
9.67395e-30
1.43596e-28
1.84802e-27
2.09467e-26
2.11708e-25
1.92714e-24
1.59303e-23
1.20414e-22
8.37196e-22
5.38117e-21
3.21176e-20
1.78694e-19
9.29973e-19
4.54104e-18
2.08623e-17
9.04009e-17
3.70318e-16
1.43704e-15
5.29285e-15
1.85356e-14
6.18213e-14
1.9668e-13
5.97736e-13
1.73778e-12
4.83946e-12
1.29265e-11
3.31583e-11
8.17851e-11
1.94206e-10
4.44523e-10
9.82006e-10
2.09641e-09
4.33063e-09
8.66816e-09
1.68351e-08
3.17725e-08
5.83575e-08
1.04481e-07
1.82633e-07
3.12209e-07
5.22833e-07
8.59119e-07
1.38746e-06
2.20565e-06
3.45642e-06
5.34626e-06
8.17155e-06
1.23541e-05
1.84889e-05
2.74084e-05
4.02659e-05
5.86449e-05
8.46979e-05
0.000121323
0.000172381
0.000242969
0.000339739
0.000471287
0.000648607
0.000885597
0.00119965
0.00161226
0.00214973
0.0028438
0.00373234
0.00485996
0.00627846
0.0080472
0.0102331
0.0129104
0.0161602
0.020069
0.0247274
0.0302277
0.0366612
0.0441147
0.0526667
0.0623828
0.0733112
0.0854778
0.0988813
0.113489
0.129232
0.146005
0.16366
0.182011
0.200832
0.219861
0.238805
0.257347
0.275154
0.291887
0.307209
0.3208
0.332366
