ordre_1
1.4013e-45
2.8026e-45
4.2039e-45
5.60519e-45
7.00649e-45
8.40779e-45
9.80909e-45
1.12104e-44
1.26117e-44
1.4013e-44
1.54143e-44
1.68156e-44
1.82169e-44
1.96182e-44
2.10195e-44
2.24208e-44
2.38221e-44
2.52234e-44
2.66247e-44
2.8026e-44
2.94273e-44
3.08286e-44
3.22299e-44
3.36312e-44
3.50325e-44
3.64338e-44
3.78351e-44
3.92364e-44
4.06377e-44
4.2039e-44
4.34403e-44
4.48416e-44
4.62428e-44
4.76441e-44
4.90454e-44
5.04467e-44
5.1848e-44
5.60519e-44
9.3887e-44
3.36312e-43
1.8343e-42
1.07227e-41
6.19864e-41
3.49596e-40
1.92005e-39
1.02707e-38
5.35319e-38
2.71986e-37
1.3477e-36
6.51532e-36
3.07433e-35
1.41647e-34
6.37479e-34
2.8034e-33
1.20508e-32
5.06525e-32
2.08248e-31
8.37701e-31
3.29805e-30
1.27119e-29
4.79808e-29
1.77398e-28
6.42637e-28
2.28155e-27
7.94049e-27
2.7097e-26
9.06888e-26
2.97742e-25
9.59132e-25
3.03221e-24
9.40963e-24
2.86687e-23
8.57729e-23
2.52049e-22
7.27599e-22
2.06373e-21
5.7524e-21
1.576e-20
4.24472e-20
1.1241e-19
2.92751e-19
7.49898e-19
1.88968e-18
4.68519e-18
1.14312e-17
2.74508e-17
6.48908e-17
1.51025e-16
3.46118e-16
7.81227e-16
1.73692e-15
3.80456e-15
8.21148e-15
1.74665e-14
3.66208e-14
7.56949e-14
1.54275e-13
3.10095e-13
6.1481e-13
1.20259e-12
2.32115e-12
