ordre_2
-4.89202e-13
5.31099e-14
4.17434e-12
1.1589e-12
-1.81378e-11
-1.37397e-11
5.62213e-11
8.21794e-11
-1.12518e-10
-3.29273e-10
2.23445e-11
8.8815e-10
8.41278e-10
-1.2418e-09
-3.371e-09
-1.28051e-09
5.6437e-09
1.01494e-08
2.74874e-09
-1.57084e-08
-2.87988e-08
-1.65145e-08
2.38588e-08
6.82526e-08
7.91988e-08
3.25592e-08
-6.37894e-08
-1.72854e-07
-2.48364e-07
-2.55332e-07
-1.77687e-07
-1.03041e-08
2.58403e-07
6.65841e-07
1.29353e-06
2.28682e-06
3.88201e-06
6.44764e-06
1.05471e-05
1.70303e-05
2.71635e-05
4.28098e-05
6.66735e-05
0.000102626
0.000156133
0.000234796
0.000349043
0.000512965
0.000745328
0.00107074
0.001521
0.0021365
0.00296778
0.004077
0.00553926
0.00744369
0.00989401
0.0130085
0.0169187
0.021768
0.0277076
0.0348919
0.0434727
0.053591
0.0653684
0.0788971
0.0942296
0.111369
0.130258
0.150774
0.172719
0.195824
0.219743
0.244062
0.268309
0.291967
0.314491
0.335328
0.353943
0.369835
0.382566
0.391778
0.39721
0.39871
0.396243
0.389891
0.379851
0.366422
0.349991
0.331017
0.310005
0.28749
0.264012
0.240088
0.216225
0.192798
0.170427
0.14852
0.13069
0.104655
0.116057
