ordre_1
1.4013e-45
2.8026e-45
4.2039e-45
5.60519e-45
7.00649e-45
8.40779e-45
9.80909e-45
1.12104e-44
1.26117e-44
1.4013e-44
1.54143e-44
1.68156e-44
1.82169e-44
1.96182e-44
2.10195e-44
2.24208e-44
2.38221e-44
2.8026e-44
7.14662e-44
5.26888e-43
4.90875e-42
4.47519e-41
3.888e-40
3.21566e-39
2.53596e-38
1.91018e-37
1.37642e-36
9.50188e-36
6.29268e-35
4.0029e-34
2.44871e-33
1.44211e-32
8.18464e-32
4.48084e-31
2.36848e-30
1.20976e-29
5.97576e-29
2.85681e-28
1.32274e-27
5.93564e-27
2.58309e-26
1.09083e-25
4.4727e-25
1.78165e-24
6.89834e-24
2.5975e-23
9.51632e-23
3.39379e-22
1.17869e-21
3.98839e-21
1.31541e-20
4.23023e-20
1.32701e-19
4.06213e-19
1.21384e-18
3.54203e-18
1.00966e-17
2.81238e-17
7.65765e-17
2.03881e-16
5.30957e-16
1.35293e-15
3.37414e-15
8.23862e-15
1.97007e-14
4.61508e-14
1.05945e-13
2.38404e-13
5.26041e-13
1.1385e-12
2.41764e-12
5.03889e-12
1.03112e-11
2.07235e-11
4.09208e-11
7.94163e-11
1.51538e-10
2.84409e-10
5.25228e-10
9.54795e-10
1.70928e-09
3.0147e-09
5.24077e-09
8.9839e-09
1.51934e-08
2.53612e-08
4.18038e-08
6.80774e-08
1.09581e-07
1.7443e-07
2.747e-07
4.28195e-07
6.60933e-07
1.01061e-06
1.53137e-06
2.30041e-06
3.42686e-06
5.06384e-06
7.42445e-06
1.08031e-05
1.56033e-05
