ordre_2
2.01027e-18
-4.37075e-18
-1.81504e-17
2.21948e-17
9.04863e-17
-7.1305e-17
-3.70423e-16
1.4073e-16
1.33205e-15
5.94551e-17
-4.238e-15
-2.16908e-15
1.16703e-14
1.26592e-14
-2.61173e-14
-5.13e-14
3.8413e-14
1.63364e-13
1.52871e-14
-4.0893e-13
-3.55949e-13
7.25539e-13
1.47569e-12
-4.48005e-13
-3.87079e-12
-2.5795e-12
6.29982e-12
1.20217e-11
-1.51997e-12
-2.7565e-11
-2.66185e-11
2.80369e-11
8.67364e-11
4.4603e-11
-1.19469e-10
-2.33792e-10
-6.20613e-11
3.64986e-10
5.92981e-10
1.18204e-10
-9.14833e-10
-1.47928e-09
-4.80671e-10
1.86993e-09
3.55733e-09
2.16011e-09
-2.60814e-09
-7.53437e-09
-7.61401e-09
-2.14493e-10
1.14934e-08
1.91817e-08
1.46019e-08
-3.82743e-09
-2.79377e-08
-4.30775e-08
-3.6303e-08
-4.62849e-09
4.17246e-08
8.30921e-08
9.90513e-08
7.7378e-08
1.89451e-08
-6.32114e-08
-1.49404e-07
-2.20295e-07
-2.62271e-07
-2.6941e-07
-2.4185e-07
-1.81476e-07
-8.60414e-08
5.76844e-08
2.82179e-07
6.50602e-07
1.27447e-06
2.34165e-06
4.15978e-06
7.22144e-06
1.23001e-05
2.05891e-05
3.38997e-05
5.49342e-05
8.76582e-05
0.000137784
0.000213416
0.000325806
0.000490449
0.000727949
0.00106626
0.00153977
0.00219775
0.00308719
0.00430587
0.00586486
0.00805995
0.0104937
0.0146307
0.0171891
0.0270324
0.0224305
0.0579663
