ordre_2
-1.4013e-45
-2.8026e-45
-2.8026e-45
-1.4013e-45
0
1.4013e-45
1.4013e-45
0
-1.4013e-45
-2.8026e-45
-2.8026e-45
-1.4013e-45
0
1.4013e-45
1.4013e-45
2.8026e-45
1.4013e-45
0
-1.4013e-45
-2.8026e-45
-4.2039e-45
-5.60519e-45
-5.60519e-45
-4.2039e-45
-2.8026e-45
-1.4013e-45
-1.4013e-45
-0
-0
-1.4013e-45
-2.8026e-45
-4.2039e-45
-5.60519e-45
-7.00649e-45
-7.00649e-45
-5.60519e-45
-4.2039e-45
-4.2039e-45
-9.80909e-45
-1.68156e-44
-7.00649e-45
1.12104e-44
1.4013e-45
-4.62428e-44
-2.38221e-44
1.17709e-43
1.05097e-43
-2.90069e-43
-4.09179e-43
6.1517e-43
1.34945e-42
-1.12664e-42
-4.11141e-42
1.2948e-42
1.15663e-41
1.55684e-42
-3.00971e-41
-1.76185e-41
7.15657e-41
7.95713e-41
-1.50565e-40
-2.80135e-40
2.57169e-40
8.548e-40
-2.40547e-40
-2.32998e-39
-5.74706e-40
5.68254e-39
4.46216e-39
-1.21155e-38
-1.78884e-38
2.09254e-38
5.67628e-38
-2.08759e-38
-1.54223e-37
-3.6422e-38
3.63079e-37
3.04831e-37
-7.17641e-37
-1.18911e-36
1.04507e-36
3.57818e-36
-3.55041e-37
-8.99012e-36
-4.71474e-36
1.87578e-35
2.30408e-35
-2.94148e-35
-7.34873e-35
1.69346e-35
1.86394e-34
1.05162e-34
-3.8807e-34
-5.72735e-34
6.44238e-34
1.87987e-33
-7.6694e-34
-4.62375e-33
4.57779e-34
7.71807e-33
6.38386e-35
