ordre_2
-6.7414e-33
1.47147e-32
6.07406e-32
-8.29041e-32
-3.03934e-31
3.33527e-31
1.27346e-30
-1.12014e-30
-4.86579e-30
3.21989e-30
1.74672e-29
-7.5754e-30
-5.95987e-29
1.14625e-29
1.93954e-28
1.27849e-29
-6.01249e-28
-2.09411e-28
1.7662e-27
1.18193e-27
-4.86756e-27
-5.14614e-27
1.23588e-26
1.94567e-26
-2.78743e-26
-6.63732e-26
5.09123e-26
2.07054e-25
-4.91809e-26
-5.91106e-25
-1.44569e-25
1.52842e-24
1.15107e-24
-3.48204e-24
-4.87956e-24
6.50795e-24
1.63332e-23
-7.58124e-24
-4.6419e-23
-8.24153e-24
1.12775e-22
9.08623e-23
-2.24698e-22
-3.71604e-22
3.09609e-22
1.12107e-21
1.51069e-23
-2.70661e-21
-1.96616e-21
5.04997e-21
8.40521e-21
-5.61858e-21
-2.40297e-20
-5.54753e-21
5.13515e-20
5.39443e-20
-7.37204e-20
-1.83719e-19
1.27391e-20
4.23978e-19
3.37415e-19
-6.4657e-19
-1.31863e-18
2.3323e-19
3.08887e-18
2.34562e-18
-4.46377e-18
-9.25066e-18
6.37684e-19
2.01973e-17
1.84892e-17
-2.3868e-17
-6.24199e-17
-1.41323e-17
1.13676e-16
1.47e-16
-7.6251e-17
-3.77523e-16
-2.52259e-16
4.78987e-16
1.02463e-15
1.90433e-16
-1.79332e-15
-2.39468e-15
7.39818e-16
5.45746e-15
4.92555e-15
-4.6042e-15
-1.47383e-14
-8.94637e-15
1.66514e-14
3.7043e-14
1.4604e-14
-5.07686e-14
-8.71001e-14
-1.97941e-14
1.22284e-13
2.27219e-13
3.8838e-14
-4.51089e-13
-2.3144e-13
