ordre_2
5.38577e-22
2.88716e-21
-4.4853e-21
-1.73531e-20
1.89104e-20
7.76701e-20
-5.84439e-20
-3.03461e-19
1.26781e-19
1.07669e-18
-7.16331e-20
-3.49394e-18
-1.09928e-18
1.02779e-17
7.75629e-18
-2.67166e-17
-3.54313e-17
5.777e-17
1.30156e-16
-8.54418e-17
-4.02943e-16
-1.99366e-17
1.04692e-15
7.48126e-16
-2.16115e-15
-3.43105e-15
2.84631e-15
1.06006e-14
1.43111e-15
-2.42283e-14
-2.3573e-14
3.64009e-14
8.63977e-14
-5.00711e-15
-1.99166e-13
-1.77533e-13
2.65686e-13
6.49115e-13
8.754e-14
-1.28656e-12
-1.54321e-12
1.00266e-12
4.26382e-12
2.74702e-12
-5.3998e-12
-1.17108e-11
-3.28716e-12
1.86918e-11
2.91514e-11
9.22542e-13
-5.33041e-11
-7.0112e-11
5.98989e-12
1.34516e-10
1.69839e-10
-6.18985e-12
-3.04898e-10
-4.16071e-10
-7.02045e-11
6.00694e-10
9.91736e-10
4.72454e-10
-9.10626e-10
-2.13773e-09
-1.82016e-09
5.48491e-10
3.69293e-09
5.00669e-09
2.40259e-09
-3.6399e-09
-9.53631e-09
-1.04382e-08
-3.60437e-09
8.90898e-09
2.03487e-08
2.26165e-08
1.11776e-08
-1.13777e-08
-3.5435e-08
-4.84107e-08
-4.07964e-08
-1.11769e-08
3.23556e-08
7.48204e-08
1.0015e-07
9.65613e-08
6.15042e-08
-2.27224e-10
-7.39851e-08
-1.49932e-07
-2.05785e-07
-2.52443e-07
-2.49827e-07
-2.71347e-07
-1.85414e-07
-2.47773e-07
1.09188e-09
-2.50236e-07
4.57507e-07
-2.79263e-07
1.72449e-06
