ordre_2
-2.8026e-45
-2.8026e-43
2.24208e-44
1.65633e-42
-1.68156e-44
-7.31478e-42
-4.91856e-43
2.8473e-41
4.66773e-42
-1.02764e-40
-2.88892e-41
3.51413e-40
1.47907e-40
-1.14966e-39
-6.7399e-40
3.61187e-39
2.82628e-39
-1.08965e-38
-1.1105e-38
3.14609e-38
4.1316e-38
-8.62892e-38
-1.46456e-37
2.21708e-37
4.96316e-37
-5.19116e-37
-1.61007e-36
1.03801e-36
4.99743e-36
-1.40722e-36
-1.48048e-35
-9.91238e-37
4.16563e-35
1.77115e-35
-1.10359e-34
-9.11196e-35
2.71021e-34
3.59328e-34
-5.98266e-34
-1.2316e-33
1.10178e-33
3.81384e-33
-1.26693e-33
-1.07991e-32
-1.64209e-33
2.78914e-32
1.78392e-32
-6.45576e-32
-7.9172e-32
1.27689e-31
2.72014e-31
-1.85343e-31
-7.99532e-31
3.5025e-32
2.05711e-30
1.07962e-30
-4.57335e-30
-5.39698e-30
8.23898e-30
1.84379e-29
-9.14136e-30
-5.12723e-29
-9.88341e-30
1.19343e-28
1.01642e-28
-2.2313e-28
-3.949e-28
2.70733e-28
1.13322e-27
1.39175e-28
-2.59937e-27
-2.17873e-27
4.56666e-27
8.44875e-27
-4.45953e-27
-2.30235e-26
-7.02296e-27
4.78839e-26
5.3125e-26
-6.84095e-26
-1.75216e-25
1.60166e-26
4.09352e-25
2.97525e-25
-6.73689e-25
-1.23005e-24
4.70468e-25
3.14834e-24
1.61749e-24
-5.56319e-24
-8.18998e-24
4.73506e-24
2.14118e-23
1.08132e-23
-3.65887e-23
-6.46855e-23
3.16023e-23
1.83494e-22
2.4714e-23
-3.18995e-22
-7.39078e-23
