ordre_2
-2.60728e-26
-1.40559e-25
2.21475e-25
8.44634e-25
-9.78373e-25
-3.79263e-24
3.32781e-24
1.49861e-23
-9.0612e-24
-5.45183e-23
1.74698e-23
1.85226e-22
-3.41341e-24
-5.88559e-22
-1.82825e-22
1.73731e-21
1.19322e-21
-4.68916e-21
-5.41536e-21
1.12026e-20
2.04768e-20
-2.1897e-20
-6.76714e-20
2.57127e-20
1.97535e-19
3.91543e-20
-5.03186e-19
-3.98073e-19
1.06993e-18
1.69413e-18
-1.64329e-18
-5.36971e-18
4.66495e-19
1.36432e-17
8.62e-18
-2.68807e-17
-4.09935e-17
3.26816e-17
1.22783e-16
2.21288e-17
-2.67302e-16
-2.75397e-16
3.74597e-16
9.50817e-16
6.40066e-18
-2.10925e-15
-1.96416e-15
2.76209e-15
6.90203e-15
7.90304e-16
-1.39182e-14
-1.56836e-14
1.30939e-14
4.61632e-14
2.17619e-14
-7.08932e-14
-1.21083e-13
8.71848e-15
2.50606e-13
2.66921e-13
-1.83375e-13
-7.31146e-13
-5.09976e-13
7.84628e-13
1.91353e-12
8.73217e-13
-2.47418e-12
-4.71396e-12
-1.46251e-12
6.6647e-12
1.1284e-11
2.94373e-12
-1.60281e-11
-2.66682e-11
-8.32894e-12
3.45194e-11
6.20247e-11
2.83016e-11
-6.41649e-11
-1.38666e-10
-9.38329e-11
9.05055e-11
2.85159e-10
2.76903e-10
-4.08931e-11
-4.99749e-10
-6.96677e-10
-2.9287e-10
6.20503e-10
1.41718e-09
1.29267e-09
-7.42978e-11
-2.04898e-09
-3.18953e-09
-2.20962e-09
9.99057e-10
4.96366e-09
6.34072e-09
4.82473e-09
-2.06194e-09
-1.29215e-08
