ordre_2
-1.05605e-26
2.30291e-26
9.51931e-26
-1.26775e-25
-4.76165e-25
4.87422e-25
1.98842e-24
-1.50642e-24
-7.52712e-24
3.66381e-24
2.65181e-23
-5.34711e-24
-8.75946e-23
-9.09143e-24
2.70769e-22
1.19518e-22
-7.75983e-22
-6.49402e-22
2.02213e-21
2.72664e-21
-4.60065e-21
-9.8103e-21
8.20674e-21
3.11748e-20
-6.46097e-21
-8.77715e-20
-3.09709e-20
2.14985e-19
2.07398e-19
-4.32999e-19
-8.03382e-19
5.88297e-19
2.41568e-18
1.63632e-19
-5.87242e-18
-4.58294e-18
1.09475e-17
1.92283e-17
-1.14806e-17
-5.45302e-17
-1.65518e-17
1.13492e-16
1.32609e-16
-1.47256e-16
-4.28322e-16
-4.62191e-17
9.14164e-16
9.3796e-16
-1.13295e-15
-3.11289e-15
-5.51643e-16
6.12058e-15
7.2552e-15
-5.55317e-15
-2.08361e-14
-1.0196e-14
3.20017e-14
5.50575e-14
-4.77244e-15
-1.1553e-13
-1.196e-13
9.21984e-14
3.39487e-13
2.15795e-13
-3.98699e-13
-8.86508e-13
-3.15124e-13
1.27835e-12
2.16508e-12
3.45743e-13
-3.5262e-12
-5.13357e-12
-2.82326e-13
8.80053e-12
1.21167e-11
6.98335e-13
-2.01762e-11
-2.86768e-11
-4.84369e-12
4.20385e-11
6.71236e-11
2.47161e-11
-7.60402e-11
-1.50375e-10
-9.48433e-11
1.04059e-10
3.06519e-10
2.92758e-10
-4.24021e-11
-5.22895e-10
-7.36736e-10
-3.34894e-10
6.04731e-10
1.45254e-09
1.40802e-09
7.6692e-11
-2.00407e-09
-3.11609e-09
-2.84399e-09
6.47728e-10
6.24596e-09
