ordre_1
1.4013e-45
2.8026e-45
4.2039e-45
5.60519e-45
8.54792e-44
2.44106e-42
5.88868e-41
1.20992e-39
2.16066e-38
3.40664e-37
4.80125e-36
6.1097e-35
7.07801e-34
7.51693e-33
7.36155e-32
6.68196e-31
5.6463e-30
4.45898e-29
3.30223e-28
2.30044e-27
1.51159e-26
9.39192e-26
5.53022e-25
3.09232e-24
1.6451e-23
8.3408e-23
4.03662e-22
1.86748e-21
8.27013e-21
3.5102e-20
1.42965e-19
5.59346e-19
2.10444e-18
7.62122e-18
2.65915e-17
8.94693e-17
2.90522e-16
9.11183e-16
2.76239e-15
8.10094e-15
2.29968e-14
6.32381e-14
1.68563e-13
4.3582e-13
1.09368e-12
2.66561e-12
6.31396e-12
1.4544e-11
3.26008e-11
7.11565e-11
1.51334e-10
3.13828e-10
6.35016e-10
1.25468e-09
2.42248e-09
4.57412e-09
8.45334e-09
1.53033e-08
2.71617e-08
4.73077e-08
8.09295e-08
1.36109e-07
2.25259e-07
3.67196e-07
5.90109e-07
9.35783e-07
1.46553e-06
2.26851e-06
3.47318e-06
5.26314e-06
7.89852e-06
1.17449e-05
1.73115e-05
2.53023e-05
3.6681e-05
5.27567e-05
7.52907e-05
0.000106632
0.000149884
0.00020911
0.000289579
0.000398056
0.000543147
0.000735688
0.000989183
0.00132029
0.00174934
0.00230088
0.0030042
0.00389386
0.00501013
0.00639935
0.00811413
0.0102133
0.0127619
0.01583
0.0194927
0.0238278
0.0289147
0.034832
0.0416545
