ordre_2
-0
-9.80909e-45
0
5.1848e-44
-0
-2.20004e-43
-1.4013e-44
8.47786e-43
1.33123e-43
-3.06184e-42
-8.14154e-43
1.05041e-41
4.19829e-42
-3.4493e-41
-1.92272e-41
1.08944e-40
8.10441e-41
-3.31055e-40
-3.20148e-40
9.65496e-40
1.19841e-39
-2.686e-39
-4.27856e-39
7.04789e-39
1.46229e-38
-1.70714e-38
-4.79241e-38
3.64281e-38
1.5061e-37
-5.96975e-38
-4.53102e-37
2.41614e-38
1.30002e-36
3.78131e-37
-3.53353e-36
-2.34221e-36
8.99305e-36
9.93603e-36
-2.09715e-35
-3.57195e-35
4.27711e-35
1.15212e-34
-6.66371e-35
-3.40041e-34
2.71533e-35
9.21588e-34
3.5613e-34
-2.27326e-33
-2.03762e-33
4.96788e-33
7.81795e-33
-8.94617e-33
-2.49113e-32
9.93802e-33
6.93658e-32
1.24282e-32
-1.69894e-31
-1.27284e-31
3.56534e-31
5.27541e-31
-5.82472e-31
-1.66547e-30
4.36612e-31
4.39223e-30
1.66663e-30
-9.73074e-30
-1.03208e-29
1.69919e-29
3.6234e-29
-1.68809e-29
-9.86118e-29
-2.70053e-29
2.1673e-28
2.16173e-28
-3.5999e-28
-7.68529e-28
2.8807e-28
2.01095e-27
8.20636e-28
-4.05434e-27
-4.97084e-27
5.5207e-27
1.56804e-26
-2.8296e-28
-3.59758e-26
-2.83057e-26
5.88922e-26
1.1183e-25
-4.20742e-26
-2.81755e-25
-1.38093e-25
4.86588e-25
7.3068e-25
-3.61729e-25
-2.07015e-24
-1.14555e-24
4.3158e-24
5.66625e-24
-6.82914e-24
-1.18659e-23
6.07883e-24
