ordre_2
4.49554e-31
8.14341e-31
-3.9556e-30
-5.0801e-30
1.88728e-29
2.4187e-29
-7.35648e-29
-1.03125e-28
2.54608e-28
4.11005e-28
-8.02216e-28
-1.55324e-27
2.30375e-27
5.59046e-27
-5.91202e-27
-1.91664e-26
1.27598e-26
6.24429e-26
-1.8433e-26
-1.92407e-25
-1.35979e-26
5.56319e-25
2.53269e-25
-1.4894e-24
-1.33671e-24
3.60331e-24
5.32732e-24
-7.47364e-24
-1.81291e-23
1.13351e-23
5.44949e-23
-1.76924e-24
-1.45148e-22
-7.54768e-23
3.35392e-22
3.90147e-22
-6.2821e-22
-1.37732e-21
7.27881e-22
3.9228e-21
7.49456e-22
-9.20655e-21
-8.11861e-21
1.68118e-20
3.16026e-20
-1.75738e-20
-8.84691e-20
-2.47735e-20
1.89536e-19
2.05578e-19
-2.77755e-19
-6.98501e-19
6.48492e-20
1.64533e-18
1.24493e-18
-2.62915e-18
-5.07322e-18
1.34069e-18
1.23839e-17
8.35099e-18
-1.92132e-17
-3.60465e-17
6.99799e-18
8.35972e-17
6.67044e-17
-1.1004e-16
-2.49552e-16
-2.41849e-17
4.90218e-16
5.58269e-16
-4.12442e-16
-1.56796e-15
-8.55311e-16
2.20306e-15
4.11797e-15
2.29182e-16
-7.81083e-15
-9.30772e-15
4.43601e-15
2.30226e-14
1.84664e-14
-2.18476e-14
-6.08719e-14
-3.2435e-14
7.37809e-14
1.50532e-13
5.11256e-14
-2.10748e-13
-3.58714e-13
-7.66974e-14
5.41928e-13
8.39384e-13
1.45485e-13
-1.30176e-12
-1.95565e-12
-3.28678e-13
2.6556e-12
4.70278e-12
1.99539e-12
-8.21214e-12
-6.98431e-12
