ordre_1
1.4013e-45
2.8026e-45
4.2039e-45
5.60519e-45
7.00649e-45
8.40779e-45
9.80909e-45
1.12104e-44
1.26117e-44
1.4013e-44
1.54143e-44
1.96182e-44
9.10844e-44
1.0818e-42
1.33165e-41
1.53495e-40
1.65063e-39
1.66131e-38
1.57029e-37
1.39819e-36
1.17599e-35
9.36631e-35
7.08008e-34
5.08979e-33
3.4863e-32
2.27918e-31
1.42438e-30
8.52194e-30
4.88771e-29
2.69074e-28
1.42346e-27
7.24433e-27
3.5504e-26
1.67724e-25
7.6445e-25
3.36437e-24
1.4309e-23
5.88562e-23
2.34298e-22
9.033e-22
3.37494e-21
1.22276e-20
4.29843e-20
1.46697e-19
4.86306e-19
1.56676e-18
4.90812e-18
1.49576e-17
4.43654e-17
1.28133e-16
3.60498e-16
9.88461e-16
2.64249e-15
6.89041e-15
1.7532e-14
4.35463e-14
1.05627e-13
2.5031e-13
5.79745e-13
1.31287e-12
2.90813e-12
6.30359e-12
1.3376e-11
2.77982e-11
5.6604e-11
1.12983e-10
2.21164e-10
4.24777e-10
8.00877e-10
1.48303e-09
2.69864e-09
4.82822e-09
8.49806e-09
1.4723e-08
2.5123e-08
4.22483e-08
7.00608e-08
1.1464e-07
1.85205e-07
2.95592e-07
4.66345e-07
7.27688e-07
1.12367e-06
1.71794e-06
2.60167e-06
3.90446e-06
5.80894e-06
8.57046e-06
1.25432e-05
1.82146e-05
2.62497e-05
3.75487e-05
5.33202e-05
7.51729e-05
0.00010523
0.00014627
0.000201898
0.000276745
0.000376717
0.000509267
0.000683716
