ordre_1
1.4013e-45
2.8026e-45
4.2039e-45
5.60519e-45
7.00649e-45
8.40779e-45
9.80909e-45
1.12104e-44
1.26117e-44
1.4013e-44
1.54143e-44
1.68156e-44
1.82169e-44
1.96182e-44
2.10195e-44
2.24208e-44
2.38221e-44
2.52234e-44
2.66247e-44
2.8026e-44
2.94273e-44
3.08286e-44
3.22299e-44
3.36312e-44
3.50325e-44
3.64338e-44
3.78351e-44
3.92364e-44
4.06377e-44
4.2039e-44
4.34403e-44
4.48416e-44
4.62428e-44
4.76441e-44
4.90454e-44
5.04467e-44
5.1848e-44
5.32493e-44
5.46506e-44
5.60519e-44
5.74532e-44
5.88545e-44
6.02558e-44
6.16571e-44
6.30584e-44
6.44597e-44
6.5861e-44
6.72623e-44
6.86636e-44
7.28675e-44
9.94922e-44
2.55036e-43
1.08601e-42
5.34175e-42
2.66597e-41
1.31083e-40
6.31561e-40
2.97965e-39
1.37668e-38
6.23058e-38
2.76291e-37
1.20078e-36
5.11602e-36
2.13739e-35
8.75835e-35
3.52088e-34
1.3889e-33
5.37744e-33
2.04391e-32
7.62811e-32
2.79597e-31
1.00668e-30
3.56108e-30
1.23788e-29
4.22929e-29
1.42043e-28
4.69046e-28
1.52308e-27
4.86428e-27
1.52816e-26
4.72328e-26
1.43651e-25
4.29963e-25
1.2667e-24
3.67366e-24
1.04899e-23
2.94948e-23
8.16747e-23
2.22768e-22
5.98547e-22
1.58446e-21
4.13296e-21
1.0624e-20
2.69167e-20
6.72223e-20
1.65508e-19
4.01781e-19
9.61791e-19
2.27062e-18
5.2873e-18
1.21451e-17
