ordre_2
-1.4013e-45
-2.8026e-45
-2.8026e-45
-1.4013e-45
0
1.4013e-45
1.4013e-45
0
-1.4013e-45
-2.8026e-45
-2.8026e-45
-1.4013e-45
0
1.4013e-45
1.4013e-45
2.8026e-45
1.4013e-45
0
-1.4013e-45
-2.8026e-45
-4.2039e-45
-5.60519e-45
-5.60519e-45
-4.2039e-45
-2.8026e-45
-1.4013e-45
-1.4013e-45
-0
-0
-1.4013e-45
-2.8026e-45
-4.2039e-45
-5.60519e-45
-7.00649e-45
-7.00649e-45
-5.60519e-45
-4.2039e-45
-2.8026e-45
-1.4013e-45
-1.4013e-45
-2.8026e-45
-4.2039e-45
-5.60519e-45
-7.00649e-45
-7.00649e-45
-8.40779e-45
-9.80909e-45
-1.12104e-44
-1.26117e-44
-1.4013e-44
-1.4013e-44
-1.4013e-44
-1.4013e-44
-1.96182e-44
-1.96182e-44
-2.8026e-45
9.80909e-45
-1.26117e-44
-4.06377e-44
1.12104e-44
1.09301e-43
1.12104e-44
-2.98477e-43
-1.90577e-43
6.64215e-43
7.83326e-43
-1.37748e-42
-2.71572e-42
2.22666e-42
8.11912e-42
-1.64372e-42
-2.17047e-41
-7.06395e-42
5.16435e-41
4.54833e-41
-1.06403e-40
-1.73415e-40
1.72459e-40
5.34186e-40
-1.31593e-40
-1.41758e-39
-4.80949e-40
3.26012e-39
3.06167e-39
-6.23872e-39
-1.10861e-38
8.36419e-39
3.16752e-38
8.0386e-40
-7.57789e-38
-5.71311e-38
1.50795e-37
2.59859e-37
-2.32956e-37
-8.34233e-37
2.12171e-37
2.15211e-36
1.24737e-37
-4.30394e-36
-7.48283e-37
4.51556e-36
