ordre_2
2.6628e-40
4.83002e-40
-2.35886e-39
-2.97937e-39
1.14171e-38
1.39794e-38
-4.55749e-38
-5.88102e-38
1.63592e-37
2.3254e-37
-5.44351e-37
-8.79701e-37
1.69762e-36
3.207e-36
-4.9636e-36
-1.12969e-35
1.34799e-35
3.84701e-35
-3.3173e-35
-1.26534e-34
6.94542e-35
4.01188e-34
-9.83074e-35
-1.22225e-33
-7.28262e-35
3.5606e-33
1.35013e-33
-9.84414e-33
-7.24248e-33
2.55159e-32
2.98135e-32
-6.06594e-32
-1.06856e-31
1.26296e-31
3.47002e-31
-2.01858e-31
-1.03522e-30
9.27043e-32
2.83993e-30
1.06242e-30
-7.09063e-30
-6.25072e-30
1.56698e-29
2.43478e-29
-2.84851e-29
-7.83622e-29
3.18319e-29
2.19367e-28
4.0384e-29
-5.3691e-28
-4.12229e-28
1.11459e-27
1.70206e-27
-1.75492e-27
-5.32134e-27
1.00911e-27
1.37649e-26
6.43682e-27
-2.93862e-26
-3.52586e-26
4.72106e-26
1.17336e-25
-3.13604e-26
-3.02035e-25
-1.41949e-25
6.10628e-25
7.83202e-25
-8.45672e-25
-2.46364e-24
7.76701e-26
5.74825e-24
4.32649e-24
-9.71852e-24
-1.76524e-23
7.69631e-24
4.61518e-23
2.10514e-23
-8.55008e-23
-1.19481e-22
8.68516e-23
3.38969e-22
1.06438e-22
-6.46719e-22
-8.09627e-22
6.67712e-22
2.35315e-21
7.46298e-22
-4.33949e-21
-5.69975e-21
3.8699e-21
1.57074e-20
6.66588e-21
-2.55111e-20
-3.85352e-20
1.00167e-20
9.53167e-20
8.6602e-20
-1.51872e-19
-3.05036e-19
1.53385e-19
3.83911e-19
