ordre_2
-8.80662e-23
1.13326e-23
7.78902e-22
2.16419e-23
-3.74877e-21
-7.20742e-22
1.47471e-20
5.96377e-21
-5.13103e-20
-3.46269e-20
1.6097e-19
1.64969e-19
-4.52187e-19
-6.81853e-19
1.09908e-18
2.50149e-18
-2.08736e-18
-8.19638e-18
1.81023e-18
2.38229e-17
8.09519e-18
-5.99546e-17
-5.738e-17
1.22662e-16
2.28241e-16
-1.63542e-16
-6.92104e-16
-8.16547e-17
1.65519e-15
1.45001e-15
-2.87833e-15
-5.76833e-15
2.07103e-15
1.52284e-14
8.36507e-15
-2.74027e-14
-4.37281e-14
2.07304e-14
1.16312e-13
6.72468e-14
-1.85125e-13
-3.30586e-13
5.18151e-14
7.46579e-13
6.9023e-13
-7.79271e-13
-2.2627e-12
-9.86112e-13
3.36177e-12
5.85389e-12
3.97698e-13
-1.07794e-11
-1.39252e-11
3.02734e-12
2.97563e-11
3.24166e-11
-1.23019e-11
-7.4678e-11
-7.74392e-11
2.75357e-11
1.73098e-10
1.91994e-10
-2.72981e-11
-3.64159e-10
-4.77452e-10
-8.98952e-11
6.5181e-10
1.11614e-09
6.31975e-10
-8.13902e-10
-2.24745e-09
-2.22827e-09
-3.90982e-11
3.33651e-09
5.41523e-09
3.79983e-09
-1.77688e-09
-8.49555e-09
-1.16237e-08
-7.44856e-09
3.77786e-09
1.69356e-08
2.41561e-08
1.90734e-08
9.18447e-10
-2.40044e-08
-4.44304e-08
-4.91405e-08
-3.21462e-08
3.85155e-09
4.83332e-08
8.59155e-08
1.03023e-07
9.05486e-08
4.94617e-08
-1.43894e-08
-8.70866e-08
-1.55625e-07
-2.16628e-07
-2.24585e-07
-3.29875e-07
