ordre_2
-8.38842e-40
1.12426e-40
7.49095e-39
-2.89256e-40
-3.68516e-38
-1.49499e-39
1.5081e-37
2.08579e-38
-5.60219e-37
-1.44926e-37
1.95023e-36
7.87829e-37
-6.44948e-36
-3.72409e-36
2.03683e-35
1.59912e-35
-6.14389e-35
-6.37827e-35
1.76274e-34
2.3928e-34
-4.76515e-34
-8.50309e-34
1.19132e-33
2.87275e-33
-2.64787e-33
-9.23698e-33
4.70038e-33
2.823e-32
-3.68088e-33
-8.16823e-32
-1.97492e-32
2.22049e-31
1.42096e-31
-5.59208e-31
-6.23414e-31
1.26935e-30
2.2532e-30
-2.43634e-30
-7.1904e-30
3.16733e-30
2.06941e-29
1.73186e-30
-5.37322e-29
-3.20043e-29
1.23577e-28
1.48885e-28
-2.38454e-28
-5.14604e-28
3.19676e-28
1.49281e-27
6.33361e-29
-3.72239e-27
-2.41138e-27
7.79917e-27
1.08636e-26
-1.23523e-26
-3.46757e-26
7.45709e-27
8.93569e-26
4.23623e-26
-1.86311e-25
-2.31321e-25
2.81461e-25
7.51145e-25
-1.20388e-25
-1.85646e-24
-1.10184e-24
3.49623e-24
5.23109e-24
-4.02339e-24
-1.51809e-23
-2.84461e-24
3.22901e-23
3.2698e-23
-4.59708e-23
-1.1168e-22
8.81443e-24
2.56005e-22
2.00693e-22
-3.89941e-22
-7.8329e-22
1.56573e-22
1.8441e-21
1.33072e-21
-2.75245e-21
-5.39507e-21
8.16879e-22
1.2256e-20
1.00039e-20
-1.64144e-20
-3.67865e-20
-9.16589e-22
7.34413e-20
7.48866e-20
-6.57562e-20
-2.37169e-19
-1.25612e-19
4.60562e-19
6.24808e-19
-5.86084e-19
-8.45737e-19
