ordre_1
1.4013e-45
2.8026e-45
4.2039e-45
5.60519e-45
7.00649e-45
8.40779e-45
9.80909e-45
1.12104e-44
1.26117e-44
1.4013e-44
1.54143e-44
1.68156e-44
1.82169e-44
1.96182e-44
2.10195e-44
2.24208e-44
2.38221e-44
2.52234e-44
2.66247e-44
2.8026e-44
2.94273e-44
3.08286e-44
3.22299e-44
3.36312e-44
3.50325e-44
3.64338e-44
3.78351e-44
3.92364e-44
4.06377e-44
4.2039e-44
4.34403e-44
4.48416e-44
4.62428e-44
4.76441e-44
4.90454e-44
5.04467e-44
5.1848e-44
5.32493e-44
5.46506e-44
5.60519e-44
5.74532e-44
5.88545e-44
6.02558e-44
6.16571e-44
6.30584e-44
6.44597e-44
6.5861e-44
6.72623e-44
6.86636e-44
7.00649e-44
7.14662e-44
7.28675e-44
7.42688e-44
7.56701e-44
7.70714e-44
7.84727e-44
7.9874e-44
8.12753e-44
8.26766e-44
8.40779e-44
8.54792e-44
8.68805e-44
8.82818e-44
8.96831e-44
9.10844e-44
9.24857e-44
9.3887e-44
9.52883e-44
9.66896e-44
9.80909e-44
1.02295e-43
1.37327e-43
3.04082e-43
1.03416e-42
4.14644e-42
1.72192e-41
7.11705e-41
2.90234e-40
1.1656e-39
4.60848e-39
1.79386e-38
6.87533e-38
2.59499e-37
9.64662e-37
3.53243e-36
1.27435e-35
4.52981e-35
1.58673e-34
5.47787e-34
1.86407e-33
6.25327e-33
2.06822e-32
6.74503e-32
2.16928e-31
6.88087e-31
2.15284e-30
6.64462e-30
2.02331e-29
6.07903e-29
1.80231e-28
5.27343e-28
