ordre_2
-1.4013e-45
-2.8026e-45
-2.8026e-45
-1.4013e-45
0
1.4013e-45
1.4013e-45
-5.60519e-45
-1.54143e-44
9.80909e-45
4.76441e-44
-3.50325e-44
-1.73761e-43
8.82818e-44
5.81539e-43
-2.08793e-43
-1.91838e-42
3.26503e-43
6.11667e-42
1.79366e-43
-1.89287e-41
-4.62288e-42
5.67246e-41
2.72539e-41
-1.64068e-40
-1.2289e-40
4.55058e-40
4.86028e-40
-1.19874e-39
-1.76453e-39
2.94953e-39
5.99713e-39
-6.56089e-39
-1.92529e-38
1.21761e-38
5.85748e-38
-1.35435e-38
-1.68749e-37
-2.49021e-38
4.58104e-37
2.46789e-37
-1.1595e-36
-1.14578e-36
2.67882e-36
4.23959e-36
-5.38945e-36
-1.37639e-35
8.21269e-36
4.04131e-35
-2.87756e-36
-1.08063e-34
-4.48193e-35
2.60828e-34
2.47768e-34
-5.50906e-34
-9.26686e-34
9.30519e-34
2.87619e-33
-8.12916e-34
-7.77039e-33
-2.29728e-33
1.83164e-32
1.63575e-32
-3.63157e-32
-6.24052e-32
5.27132e-32
1.86757e-31
-1.45273e-32
-4.6815e-31
-2.61683e-31
9.73642e-31
1.26996e-30
-1.51971e-30
-4.07738e-30
8.97921e-31
1.03757e-29
5.0277e-30
-2.11403e-29
-2.68267e-29
3.06568e-29
8.51094e-29
-9.38131e-30
-2.05341e-28
-1.32377e-28
3.76602e-28
5.94598e-28
-4.16128e-28
-1.68272e-27
-3.37994e-28
3.49873e-27
3.5003e-27
-4.72484e-27
-1.19134e-26
-4.18491e-28
2.86816e-26
2.67563e-26
-5.36622e-26
-9.55676e-26
7.74378e-26
1.84003e-25
-6.45061e-26
