ordre_1
1.4013e-45
2.8026e-45
4.2039e-45
5.60519e-45
7.00649e-45
8.40779e-45
9.80909e-45
1.12104e-44
1.26117e-44
1.4013e-44
1.54143e-44
1.68156e-44
1.82169e-44
1.96182e-44
2.10195e-44
2.24208e-44
2.38221e-44
2.52234e-44
2.66247e-44
2.8026e-44
2.94273e-44
3.08286e-44
3.22299e-44
3.92364e-44
1.02295e-43
6.44597e-43
5.00404e-42
3.84292e-41
2.84401e-40
2.02366e-39
1.38554e-38
9.13744e-38
5.81029e-37
3.56579e-36
2.11393e-35
1.21163e-34
6.71961e-34
3.60861e-33
1.87788e-32
9.47598e-32
4.63966e-31
2.20557e-30
1.01855e-29
4.57199e-29
1.99583e-28
8.47729e-28
3.5052e-27
1.41154e-26
5.53844e-26
2.11828e-25
7.90051e-25
2.87458e-24
1.02072e-23
3.53841e-23
1.19793e-22
3.96209e-22
1.28065e-21
4.04657e-21
1.25034e-20
3.77909e-20
1.1176e-19
3.23484e-19
9.16657e-19
2.5437e-18
6.91428e-18
1.84146e-17
4.80647e-17
1.22984e-16
3.08558e-16
7.59281e-16
1.83295e-15
4.342e-15
1.00955e-14
2.30447e-14
5.16567e-14
1.13738e-13
2.46047e-13
5.23085e-13
1.09316e-12
2.24631e-12
4.5399e-12
9.02681e-12
1.76627e-11
3.40207e-11
6.45243e-11
1.2054e-10
2.21876e-10
4.02532e-10
7.2003e-10
1.27032e-09
2.21127e-09
3.79927e-09
6.4454e-09
1.08009e-08
1.78852e-08
2.9277e-08
4.73944e-08
7.59038e-08
1.20311e-07
1.88806e-07
2.93464e-07
