ordre_1
1.4013e-45
2.8026e-45
4.2039e-45
5.60519e-45
7.00649e-45
8.40779e-45
9.80909e-45
1.12104e-44
1.26117e-44
1.4013e-44
1.54143e-44
1.68156e-44
1.82169e-44
1.96182e-44
2.10195e-44
2.24208e-44
2.38221e-44
2.52234e-44
2.66247e-44
2.8026e-44
2.94273e-44
3.08286e-44
3.22299e-44
3.36312e-44
3.50325e-44
3.64338e-44
3.78351e-44
3.92364e-44
4.06377e-44
4.2039e-44
4.34403e-44
4.48416e-44
4.62428e-44
4.76441e-44
4.90454e-44
5.04467e-44
5.1848e-44
5.32493e-44
5.46506e-44
5.60519e-44
5.74532e-44
5.88545e-44
6.02558e-44
6.16571e-44
6.30584e-44
6.44597e-44
6.5861e-44
6.72623e-44
6.86636e-44
7.00649e-44
7.14662e-44
7.28675e-44
7.42688e-44
7.56701e-44
7.70714e-44
7.84727e-44
7.9874e-44
8.12753e-44
8.26766e-44
8.40779e-44
8.54792e-44
8.68805e-44
9.3887e-44
1.42932e-43
3.68541e-43
1.42372e-42
6.19794e-42
2.74066e-41
1.19899e-40
5.16098e-40
2.18347e-39
9.07883e-39
3.71054e-38
1.49088e-37
5.89014e-37
2.28856e-36
8.74631e-36
3.28843e-35
1.21653e-34
4.42889e-34
1.58699e-33
5.5979e-33
1.94407e-32
6.64811e-32
2.23894e-31
7.42686e-31
2.42686e-30
7.81302e-30
2.47846e-29
7.748e-29
2.38723e-28
7.25018e-28
2.17073e-27
6.40786e-27
1.86519e-26
5.35403e-26
1.51579e-25
4.23292e-25
1.16609e-24
3.16929e-24
8.49913e-24
