ordre_2
8.77844e-11
-1.88433e-10
-8.06054e-10
4.64373e-10
3.6578e-09
1.68766e-09
-9.63805e-09
-1.59585e-08
4.50217e-09
4.46469e-08
5.77069e-08
2.85006e-10
-1.14398e-07
-2.14365e-07
-2.1821e-07
-8.08441e-08
2.06344e-07
6.53197e-07
1.3137e-06
2.31529e-06
3.88011e-06
6.35423e-06
1.02583e-05
1.63674e-05
2.58262e-05
4.03083e-05
6.22305e-05
9.50392e-05
0.000143584
0.0002146
0.000317311
0.00046418
0.000671809
0.000962
0.00136297
0.00191069
0.00265032
0.00363767
0.00494053
0.00663991
0.00883075
0.0116222
0.0151373
0.0195113
0.024889
0.0314213
0.0392595
0.0485487
0.0594199
0.0719806
0.0863052
0.102425
0.120316
0.139896
0.161011
0.183434
0.206866
0.230934
0.255202
0.27918
0.302339
0.324131
0.34401
0.361452
0.375982
0.38719
0.394757
0.398463
0.398204
0.393993
0.385959
0.374343
0.359483
0.341802
0.321781
0.299946
0.276839
0.252998
0.228938
0.205133
0.182
0.159894
0.139098
0.119824
0.102212
0.0863387
0.0722193
0.0598206
0.0490684
0.0398576
0.0320614
0.0255398
0.0201476
0.0157399
0.0121775
0.00932992
0.00708065
0.00531528
0.00397951
0.0028312
0.00249746
