ordre_2
8.87841e-10
-1.90009e-09
-8.29172e-09
1.59379e-09
3.31095e-08
3.8214e-08
-3.518e-08
-1.54028e-07
-2.0392e-07
-8.42035e-08
2.32832e-07
7.40497e-07
1.47574e-06
2.5683e-06
4.25794e-06
6.91424e-06
1.10842e-05
1.75745e-05
2.75698e-05
4.27948e-05
6.57306e-05
9.99015e-05
0.000150249
0.000223611
0.000329327
0.000479976
0.000692277
0.000988132
0.00139583
0.00195136
0.00269984
0.00369693
0.00501019
0.00672022
0.00892144
0.0117223
0.015245
0.0196238
0.0250026
0.0315311
0.0393596
0.0486324
0.0594798
0.0720091
0.0862948
0.102369
0.120209
0.139734
0.160793
0.183163
0.206545
0.230571
0.254809
0.278769
0.301927
0.323734
0.343646
0.361137
0.37573
0.387014
0.394665
0.39846
0.398289
0.394162
0.386204
0.374652
0.359842
0.342193
0.322189
0.300353
0.27723
0.25336
0.22926
0.205406
0.18222
0.16006
0.139211
0.119886
0.10223
0.0863174
0.0721665
0.0597435
0.0489742
0.0397528
0.0319518
0.0254303
0.0200419
0.0156409
0.012087
0.00924945
0.00700897
0.00525939
0.00390807
0.00287566
0.00209539
0.00151194
0.00108046
0.000764055
0.000537598
0.000363033
0.000294487
