ordre_1
1.46602e-37
1.53405e-35
7.95262e-34
2.72309e-32
6.92817e-31
1.39695e-29
2.32514e-28
3.28573e-27
4.02397e-26
4.33843e-25
4.16901e-24
3.60659e-23
2.83208e-22
2.03265e-21
1.3413e-20
8.17894e-20
4.62908e-19
2.4412e-18
1.20371e-17
5.56645e-17
2.42092e-16
9.92688e-16
3.84654e-15
1.41145e-14
4.91404e-14
1.62621e-13
5.12403e-13
1.53971e-12
4.41896e-12
1.21308e-11
3.18976e-11
8.04507e-11
1.94893e-10
4.54099e-10
1.01903e-09
2.20551e-09
4.61042e-09
9.32223e-09
1.82604e-08
3.47059e-08
6.41087e-08
1.15291e-07
2.02214e-07
3.46535e-07
5.81293e-07
9.56185e-07
1.54509e-06
2.4567e-06
3.84957e-06
5.953e-06
9.09593e-06
1.37463e-05
2.05641e-05
3.0472e-05
4.47474e-05
6.51425e-05
9.40369e-05
0.00013463
0.00019118
0.000269296
0.000376291
0.000521596
0.000717246
0.000978428
0.0013241
0.00177763
0.00236753
0.00312812
0.00410021
0.00533167
0.00687792
0.00880212
0.0111752
0.0140754
0.0175875
0.0218016
0.0268109
0.0327097
0.0395896
0.0475366
0.0566261
0.0669188
0.0784553
0.0912516
0.105294
0.120534
0.136886
0.154225
0.172384
0.191154
0.210289
0.229507
0.248498
0.266929
0.284456
0.300734
0.315425
0.328214
0.338818
0.346995
0.352556
