ordre_2
1.38564e-13
2.47227e-13
-1.12512e-12
-1.72815e-12
4.40034e-12
8.86938e-12
-1.11032e-11
-3.62949e-11
1.05307e-11
1.15604e-10
6.26866e-11
-2.5896e-10
-4.02534e-10
2.50239e-10
1.23095e-09
7.77781e-10
-1.85927e-09
-3.95272e-09
-1.12956e-09
6.53891e-09
1.12661e-08
3.68074e-09
-1.54066e-08
-3.03682e-08
-2.14611e-08
1.62727e-08
6.30941e-08
8.42809e-08
5.30917e-08
-3.04624e-08
-1.3817e-07
-2.28464e-07
-2.65401e-07
-2.29198e-07
-1.13416e-07
8.7951e-08
3.9729e-07
8.70209e-07
1.61303e-06
2.80516e-06
4.73229e-06
7.83694e-06
1.27936e-05
2.06171e-05
3.28153e-05
5.15981e-05
8.016e-05
0.000123052
0.000186669
0.000279858
0.00041469
0.000607384
0.000879407
0.00125874
0.00178128
0.00249233
0.00344814
0.00471734
0.00638219
0.00853941
0.0113005
0.014791
0.0191494
0.0245241
0.0310691
0.0389392
0.0482823
0.0592311
0.0718939
0.0863443
0.102611
0.120667
0.140421
0.161714
0.18431
0.207898
0.232096
0.256458
0.280487
0.303646
0.325385
0.345156
0.362438
0.376762
0.387727
0.395026
0.398452
0.397914
0.393439
0.385169
0.373355
0.358344
0.340565
0.320492
0.298686
0.275546
0.252115
0.227042
0.207482
0.169963
0.199257
