ordre_1
1.4013e-45
2.8026e-45
4.2039e-45
5.60519e-45
7.00649e-45
8.40779e-45
9.80909e-45
1.12104e-44
1.26117e-44
1.4013e-44
1.54143e-44
1.68156e-44
1.82169e-44
1.96182e-44
2.10195e-44
2.24208e-44
2.38221e-44
2.52234e-44
2.66247e-44
2.8026e-44
2.94273e-44
3.08286e-44
3.22299e-44
3.36312e-44
3.50325e-44
3.64338e-44
3.78351e-44
3.92364e-44
4.06377e-44
4.2039e-44
4.34403e-44
4.48416e-44
4.62428e-44
4.76441e-44
4.90454e-44
5.04467e-44
5.1848e-44
5.32493e-44
5.46506e-44
5.60519e-44
5.74532e-44
5.88545e-44
6.02558e-44
6.16571e-44
6.30584e-44
6.44597e-44
6.5861e-44
6.72623e-44
6.86636e-44
7.00649e-44
7.14662e-44
8.12753e-44
1.41531e-43
4.62428e-43
2.10615e-42
1.03136e-41
5.03977e-41
2.41959e-40
1.13844e-39
5.24794e-39
2.37054e-38
1.04953e-37
4.55553e-37
1.93906e-36
8.09577e-36
3.3162e-35
1.33303e-34
5.25957e-34
2.03736e-33
7.74962e-33
2.8952e-32
1.06255e-31
3.83151e-31
1.35778e-30
4.72934e-30
1.61944e-29
5.45247e-29
1.80535e-28
5.87951e-28
1.88365e-27
5.93755e-27
1.84174e-26
5.62252e-26
1.68957e-25
4.99836e-25
1.45595e-24
4.17629e-24
1.17984e-23
3.2832e-23
9.00063e-23
2.43112e-22
6.47071e-22
1.69733e-21
4.38833e-21
1.11843e-20
2.81024e-20
6.96238e-20
1.701e-19
4.09859e-19
9.7409e-19
2.28376e-18
