ordre_1
1.4013e-45
2.8026e-45
4.2039e-45
5.60519e-45
7.00649e-45
8.40779e-45
9.80909e-45
1.12104e-44
1.26117e-44
1.4013e-44
1.54143e-44
1.68156e-44
1.82169e-44
1.96182e-44
2.10195e-44
2.24208e-44
2.38221e-44
2.52234e-44
2.66247e-44
2.8026e-44
2.94273e-44
3.08286e-44
4.34403e-44
1.84971e-43
1.38869e-42
1.12244e-41
8.80142e-41
6.62598e-40
4.78833e-39
3.32519e-38
2.22152e-37
1.42942e-36
8.86721e-36
5.30826e-35
3.06934e-34
1.71568e-33
9.27841e-33
4.8583e-32
2.46479e-31
1.21242e-30
5.7861e-30
2.68066e-29
1.20635e-28
5.27624e-28
2.24398e-27
9.28499e-27
3.73954e-26
1.46666e-25
5.60417e-25
2.08711e-24
7.57897e-24
2.68458e-23
9.27917e-23
3.13088e-22
1.03158e-21
3.3202e-21
1.04423e-20
3.21026e-20
9.65004e-20
2.83723e-19
8.16145e-19
2.29758e-18
6.33183e-18
1.70869e-17
4.51638e-17
1.16958e-16
2.96819e-16
7.38407e-16
1.80116e-15
4.30897e-15
1.01128e-14
2.32897e-14
5.26449e-14
1.16833e-13
2.54629e-13
5.45128e-13
1.14671e-12
2.3708e-12
4.81887e-12
9.6323e-12
1.89399e-11
3.66456e-11
6.97909e-11
1.30872e-10
2.41721e-10
4.39893e-10
7.89045e-10
1.39552e-09
2.43451e-09
4.19079e-09
7.12133e-09
1.19503e-08
1.9812e-08
3.24627e-08
5.25927e-08
8.4281e-08
1.33651e-07
2.09808e-07
3.26172e-07
5.02352e-07
7.66753e-07
