ordre_1
1.4013e-45
2.8026e-45
4.34403e-44
1.89736e-42
6.48199e-41
1.76009e-39
3.95451e-38
7.56116e-37
1.25592e-35
1.84091e-34
2.41091e-33
2.84939e-32
3.06432e-31
3.0195e-30
2.74232e-29
2.3072e-28
1.80617e-27
1.32074e-26
9.05227e-26
5.83314e-25
3.54359e-24
2.03449e-23
1.1064e-22
5.71079e-22
2.803e-21
1.3105e-20
5.84555e-20
2.49129e-19
1.01584e-18
3.96807e-18
1.48664e-17
5.34791e-17
1.84917e-16
6.15197e-16
1.9711e-15
6.08767e-15
1.81392e-14
5.21881e-14
1.45098e-13
3.90146e-13
1.01532e-12
2.55925e-12
6.25296e-12
1.48197e-11
3.40958e-11
7.62068e-11
1.65596e-10
3.50111e-10
7.2079e-10
1.44616e-09
2.83008e-09
5.40676e-09
1.00933e-08
1.84288e-08
3.29426e-08
5.77109e-08
9.9186e-08
1.67415e-07
2.77817e-07
4.53736e-07
7.30102e-07
1.15861e-06
1.81504e-06
2.8094e-06
4.30008e-06
6.51313e-06
9.7685e-06
1.45152e-05
2.13781e-05
3.12192e-05
4.52171e-05
6.4969e-05
9.26195e-05
0.000131021
0.000183934
0.000256263
0.000354351
0.000486314
0.000662431
0.000895596
0.00120181
0.0016007
0.00211612
0.00277669
0.00361636
0.00467493
0.00599842
0.0076394
0.009657
0.0121168
0.0150902
0.0186536
0.0228874
0.0278737
0.0336943
0.0404282
0.0481481
0.0569166
0.0667831
0.0777788
0.0899134
