ordre_2
-1.4013e-45
-2.8026e-45
-2.8026e-45
-1.4013e-45
0
1.4013e-45
1.4013e-45
0
-1.4013e-45
-2.8026e-45
-2.8026e-45
-1.4013e-45
0
1.4013e-45
1.4013e-45
2.8026e-45
1.4013e-45
0
-1.4013e-45
-2.8026e-45
-4.2039e-45
-5.60519e-45
-5.60519e-45
-4.2039e-45
-2.8026e-45
-1.4013e-45
-1.4013e-45
-0
-0
-1.4013e-45
-2.8026e-45
-4.2039e-45
-5.60519e-45
-7.00649e-45
-7.00649e-45
-5.60519e-45
-4.2039e-45
-2.8026e-45
-1.4013e-45
-1.4013e-45
-2.8026e-45
-4.2039e-45
-5.60519e-45
-7.00649e-45
-7.00649e-45
-8.40779e-45
-9.80909e-45
-1.12104e-44
-1.26117e-44
-1.4013e-44
-1.4013e-44
-1.4013e-44
-1.26117e-44
-1.12104e-44
-9.80909e-45
-8.40779e-45
-8.40779e-45
-7.00649e-45
-5.60519e-45
-4.2039e-45
-2.8026e-45
-2.8026e-45
-4.2039e-45
-5.60519e-45
-7.00649e-45
-1.4013e-45
5.60519e-45
-1.4013e-45
-2.38221e-44
-2.38221e-44
1.82169e-44
3.08286e-44
-7.56701e-44
-1.61149e-43
7.28675e-44
4.21791e-43
1.4013e-44
-1.08461e-42
-6.23578e-43
2.41584e-42
2.87266e-42
-4.57244e-42
-9.70679e-42
6.07883e-42
2.72749e-41
5.25487e-43
-6.58526e-41
-4.17223e-41
1.33282e-40
1.94223e-40
-2.02912e-40
-6.52264e-40
1.15122e-40
1.84372e-39
6.27288e-40
-4.53844e-39
-3.03096e-39
9.50328e-39
7.70515e-39
-1.45475e-38
-8.9003e-39
