ordre_2
9.80909e-45
-0
-8.12753e-44
1.4013e-45
3.95166e-43
1.12104e-44
-1.6199e-42
-1.75162e-43
6.06202e-42
1.28499e-42
-2.12843e-41
-7.16484e-42
7.12883e-41
3.45322e-41
-2.29153e-40
-1.50979e-40
7.08438e-40
6.13816e-40
-2.10365e-39
-2.35309e-39
5.9726e-39
8.5764e-39
-1.60686e-38
-2.98644e-38
4.02837e-38
9.96046e-38
-9.09372e-38
-3.184e-37
1.69382e-37
9.745e-37
-1.76045e-37
-2.84717e-36
-4.6465e-37
7.89677e-36
4.13922e-36
-2.05904e-35
-1.93089e-35
4.95919e-35
7.29275e-35
-1.06455e-34
-2.43403e-34
1.85805e-34
7.39051e-34
-1.72055e-34
-2.05812e-33
-4.93204e-34
5.23098e-33
3.82002e-33
-1.18886e-32
-1.59431e-32
2.28893e-32
5.32393e-32
-3.11103e-32
-1.53679e-31
-4.03512e-33
3.89844e-31
2.29708e-31
-8.54783e-31
-1.07507e-30
1.5101e-30
3.58915e-30
-1.57621e-30
-9.86156e-30
-2.27487e-30
2.27839e-29
2.02021e-29
-4.23576e-29
-7.69661e-29
5.09171e-29
2.19708e-28
2.85749e-29
-5.04657e-28
-4.22533e-28
8.94496e-28
1.64035e-27
-9.06741e-28
-4.50647e-27
-1.2434e-27
9.52588e-27
1.01225e-26
-1.4142e-26
-3.41874e-26
5.36699e-27
8.19853e-26
5.40108e-26
-1.41528e-25
-2.38536e-25
1.22641e-25
6.34919e-25
2.48976e-25
-1.17269e-24
-1.52582e-24
1.11273e-24
4.38257e-24
1.95209e-24
-8.82168e-24
-1.28243e-23
1.28881e-23
3.43397e-23
-1.27043e-23
-4.01648e-23
