ordre_2
1.11956e-24
7.8028e-23
-3.5428e-24
-4.56139e-22
-4.42759e-23
1.95561e-21
5.41357e-22
-7.23193e-21
-3.66473e-21
2.40537e-20
1.92222e-20
-7.24421e-20
-8.56812e-20
1.94605e-19
3.36842e-19
-4.44898e-19
-1.18548e-18
7.45938e-19
3.74129e-18
-2.07491e-19
-1.0476e-17
-5.20441e-18
2.5264e-17
2.89143e-17
-4.85156e-17
-1.06141e-16
5.40819e-17
3.05995e-16
8.06303e-17
-6.98919e-16
-7.20839e-16
1.13649e-15
2.6245e-15
-5.59442e-16
-6.61139e-15
-4.3448e-15
1.13555e-14
2.00002e-14
-7.19781e-15
-5.11187e-14
-3.29326e-14
7.90766e-14
1.49349e-13
-1.72275e-14
-3.32501e-13
-3.13303e-13
3.51456e-13
1.02267e-12
4.20948e-13
-1.57397e-12
-2.63461e-12
2.65594e-14
5.14845e-12
6.11849e-12
-2.35754e-12
-1.44381e-11
-1.36764e-11
9.29999e-12
3.69696e-11
3.13888e-11
-2.47512e-11
-8.88066e-11
-7.69448e-11
4.87378e-11
2.00131e-10
1.98436e-10
-5.51161e-11
-4.10628e-10
-5.06832e-10
-7.45028e-11
7.09946e-10
1.18796e-09
6.80349e-10
-8.20582e-10
-2.33276e-09
-2.39724e-09
-2.4452e-10
3.22524e-09
5.57922e-09
4.33902e-09
-1.01417e-09
-7.97275e-09
-1.19327e-08
-8.9043e-09
1.5403e-09
1.50433e-08
2.40714e-08
2.17737e-08
6.09952e-09
-1.81923e-08
-4.08628e-08
-5.04835e-08
-3.95986e-08
-8.40607e-09
3.45293e-08
7.59625e-08
9.9461e-08
1.01801e-07
5.83982e-08
3.78697e-08
-1.20321e-07
