ordre_2
-2.8026e-45
1.54143e-44
2.24208e-44
-8.96831e-44
-1.12104e-43
3.89561e-43
4.77843e-43
-1.47557e-42
-1.92398e-42
5.16098e-42
7.41287e-42
-1.69151e-41
-2.74949e-41
5.24702e-41
9.88266e-41
-1.53889e-40
-3.44795e-40
4.23785e-40
1.16828e-39
-1.07608e-39
-3.84217e-39
2.4153e-39
1.2247e-38
-4.2345e-39
-3.77504e-38
2.44735e-39
1.12144e-37
2.51464e-38
-3.19458e-37
-1.71201e-37
8.6597e-37
7.73749e-37
-2.20602e-36
-2.95631e-36
5.16328e-36
1.01743e-35
-1.05806e-35
-3.22966e-35
1.64783e-35
9.53646e-35
-5.66169e-36
-2.61822e-34
-9.76921e-35
6.62484e-34
5.60331e-34
-1.51137e-33
-2.1977e-33
2.9486e-33
7.225e-33
-4.14733e-33
-2.09588e-32
3.27662e-37
5.42437e-32
2.88785e-32
-1.23548e-31
-1.41775e-31
2.3503e-31
4.92694e-31
-3.0862e-31
-1.41852e-30
-7.14515e-32
3.49083e-30
2.31428e-30
-7.18815e-30
-1.02203e-29
1.10919e-29
3.21193e-29
-5.90643e-30
-8.1679e-29
-4.06996e-29
1.68415e-28
2.13488e-28
-2.52114e-28
-6.84657e-28
1.06109e-28
1.68837e-27
9.87052e-28
-3.2128e-27
-4.69967e-27
3.8895e-27
1.38105e-26
1.74029e-27
-3.02135e-26
-2.78991e-26
4.6287e-26
1.00876e-25
-2.25544e-26
-2.46415e-25
-1.50249e-25
4.23139e-25
6.73595e-25
-3.33571e-25
-1.73076e-24
-9.48547e-25
3.02971e-24
5.38692e-24
-3.02961e-24
-1.53054e-23
-5.5583e-25
2.67923e-23
4.17398e-24
