ordre_2
-5.04819e-29
6.64735e-30
4.48906e-28
-4.25497e-30
-2.18781e-27
-2.34724e-28
8.80855e-27
2.2485e-27
-3.18811e-26
-1.40306e-26
1.06666e-25
7.12866e-26
-3.32527e-25
-3.17037e-25
9.6246e-25
1.27473e-24
-2.54741e-24
-4.70759e-24
5.94724e-24
1.60787e-23
-1.11125e-23
-5.08228e-23
1.02767e-23
1.47877e-22
3.85824e-23
-3.90736e-22
-2.96545e-22
9.10521e-22
1.27228e-21
-1.742e-21
-4.32636e-21
2.09375e-21
1.24618e-20
2.11901e-21
-3.05109e-20
-2.47235e-20
6.05752e-20
1.01947e-19
-8.02962e-20
-3.06026e-19
-2.25552e-20
7.22634e-19
5.9085e-19
-1.27065e-18
-2.3767e-18
1.10329e-18
6.41078e-18
2.69666e-18
-1.24363e-17
-1.66645e-17
1.37005e-17
4.93268e-17
1.34701e-17
-9.66733e-17
-1.18371e-16
9.9773e-17
3.50108e-16
1.2277e-16
-6.25258e-16
-8.77967e-16
4.30651e-16
2.26611e-15
1.44513e-15
-3.14214e-15
-6.26834e-15
-3.57494e-16
1.22034e-14
1.41111e-14
-8.48364e-15
-3.72801e-14
-2.58466e-14
4.25095e-14
9.91943e-14
3.54899e-14
-1.4594e-13
-2.42281e-13
-2.14648e-14
4.23443e-13
5.64726e-13
-6.74683e-14
-1.1115e-12
-1.29847e-12
3.15731e-13
2.7204e-12
3.01914e-12
-7.63036e-13
-6.27633e-12
-7.1616e-12
1.00192e-12
1.35856e-11
1.71397e-11
1.15394e-12
-2.68159e-11
-4.03913e-11
-1.35545e-11
4.72304e-11
8.57536e-11
6.05177e-11
-5.00286e-11
-2.23895e-10
-7.81959e-11
