ordre_2
-1.4013e-45
-2.8026e-45
-2.8026e-45
-1.4013e-45
0
1.4013e-45
1.4013e-45
0
-1.4013e-45
-2.8026e-45
-2.8026e-45
-1.4013e-45
0
1.4013e-45
1.4013e-45
2.8026e-45
1.4013e-45
0
-1.4013e-45
-2.8026e-45
-4.2039e-45
-5.60519e-45
-5.60519e-45
-4.2039e-45
-2.8026e-45
-8.40779e-45
-1.54143e-44
-4.2039e-45
1.96182e-44
2.8026e-45
-6.16571e-44
-2.38221e-44
1.75162e-43
1.21913e-43
-4.59626e-43
-4.90454e-43
1.14906e-42
1.75443e-42
-2.67648e-42
-5.84622e-42
5.46086e-42
1.82295e-41
-8.57034e-42
-5.36039e-41
3.32388e-42
1.48354e-40
4.93495e-41
-3.84071e-40
-2.91184e-40
9.1603e-40
1.17314e-39
-1.94819e-39
-3.99218e-39
3.39486e-39
1.21335e-38
-3.34258e-39
-3.35139e-38
-7.28422e-39
8.40402e-38
6.04928e-38
-1.87723e-37
-2.51997e-37
3.53482e-37
8.32287e-37
-4.61938e-37
-2.37106e-36
-1.22215e-37
5.93606e-36
3.64128e-36
-1.28578e-35
-1.6536e-35
2.24746e-35
5.44452e-35
-2.32309e-35
-1.48661e-34
-3.3707e-35
3.43993e-34
2.98068e-34
-6.49029e-34
-1.14215e-33
8.28702e-34
3.31171e-33
2.02138e-34
-7.85477e-33
-5.75388e-33
1.49111e-32
2.36218e-32
-1.88879e-32
-6.75171e-32
-5.30058e-33
1.50093e-31
1.33598e-31
-2.48223e-31
-5.48374e-31
2.14576e-31
1.59161e-30
3.26113e-31
-3.62124e-30
-1.71791e-30
5.76767e-30
2.34307e-30
