ordre_1
1.4013e-45
2.8026e-45
4.2039e-45
5.60519e-45
7.00649e-45
8.40779e-45
9.80909e-45
1.12104e-44
1.26117e-44
1.4013e-44
1.54143e-44
1.68156e-44
1.82169e-44
1.96182e-44
2.10195e-44
2.24208e-44
2.38221e-44
2.52234e-44
2.66247e-44
2.8026e-44
2.94273e-44
3.08286e-44
3.22299e-44
3.36312e-44
3.50325e-44
3.64338e-44
3.78351e-44
3.92364e-44
4.06377e-44
4.2039e-44
4.34403e-44
4.48416e-44
4.62428e-44
4.76441e-44
4.90454e-44
5.04467e-44
5.1848e-44
5.32493e-44
5.46506e-44
5.60519e-44
5.74532e-44
5.88545e-44
6.02558e-44
6.16571e-44
6.30584e-44
6.44597e-44
6.5861e-44
6.72623e-44
6.86636e-44
7.00649e-44
7.14662e-44
7.28675e-44
7.42688e-44
8.12753e-44
1.24716e-43
3.50325e-43
1.48678e-42
7.06815e-42
3.38736e-41
1.59927e-40
7.40722e-40
3.36363e-39
1.49766e-38
6.53982e-38
2.80135e-37
1.17739e-36
4.85653e-36
1.96643e-35
7.81754e-35
3.05207e-34
1.17041e-33
4.4095e-33
1.63241e-32
5.93933e-32
2.1242e-31
7.46926e-31
2.58262e-30
8.78249e-30
2.93777e-29
9.66791e-29
3.1306e-28
9.97634e-28
3.12915e-27
9.66178e-27
2.93714e-26
8.79207e-26
2.59188e-25
7.52583e-25
2.15262e-24
6.06609e-24
1.68436e-23
4.60894e-23
1.24297e-22
3.30418e-22
8.65895e-22
2.23726e-21
5.69991e-21
1.43209e-20
3.54873e-20
8.67415e-20
2.09161e-19
