ordre_2
-1.4013e-45
-2.8026e-45
-2.8026e-45
-1.4013e-45
0
1.4013e-45
1.4013e-45
0
-1.4013e-45
7.00649e-45
7.00649e-45
-1.82169e-44
-2.8026e-44
4.48416e-44
8.40779e-44
-1.44334e-43
-3.0268e-43
4.07778e-43
1.03276e-42
-1.0776e-42
-3.42758e-42
2.5868e-42
1.10394e-41
-5.31372e-42
-3.45336e-41
7.34e-42
1.04597e-40
6.14469e-42
-3.05695e-40
-1.04928e-40
8.57363e-40
5.62516e-40
-2.28915e-39
-2.34181e-39
5.7414e-39
8.57069e-39
-1.31994e-38
-2.87248e-38
2.63563e-38
8.96201e-38
-3.86171e-38
-2.61743e-37
1.22412e-39
7.14494e-37
2.94524e-37
-1.80687e-36
-1.57738e-36
4.14669e-36
6.08265e-36
-8.23031e-36
-1.99606e-35
1.21923e-35
5.83421e-35
-3.10649e-36
-1.53571e-34
-7.02874e-35
3.6052e-34
3.70899e-34
-7.26139e-34
-1.34207e-33
1.10757e-33
4.02208e-33
-5.12356e-34
-1.04129e-32
-4.80001e-33
2.31518e-32
2.5839e-32
-4.16375e-32
-8.94473e-32
4.65177e-32
2.48549e-31
4.5698e-32
-5.74755e-31
-4.88096e-31
1.06324e-30
1.88859e-30
-1.26433e-30
-5.37666e-30
-7.29902e-31
1.2216e-29
1.04134e-29
-2.12024e-29
-3.98939e-29
2.01263e-29
1.08244e-28
3.41768e-29
-2.25816e-28
-2.47653e-28
3.28409e-28
8.03294e-28
-9.68506e-29
-1.84375e-27
-1.4145e-27
2.97657e-27
6.30037e-27
-2.24196e-27
-1.78021e-26
-4.23789e-27
3.64295e-26
1.57514e-26
-3.83131e-26
