ordre_2
-4.93614e-29
1.07687e-28
4.44857e-28
-5.99043e-28
-2.22565e-27
2.35144e-27
9.30951e-27
-7.55698e-27
-3.54013e-26
1.99698e-26
1.25859e-25
-3.82666e-26
-4.22315e-25
1.15251e-26
1.3385e-24
3.65904e-25
-3.98689e-24
-2.44431e-24
1.10342e-23
1.12943e-23
-2.77608e-23
-4.3782e-23
6.06076e-23
1.50086e-22
-1.00678e-22
-4.62471e-22
4.90232e-23
1.27908e-21
5.37402e-22
-3.11658e-21
-3.15132e-21
6.35316e-21
1.1915e-20
-9.14503e-21
-3.60772e-20
1.88631e-22
9.06877e-20
6.00906e-20
-1.82967e-19
-2.75157e-19
2.48365e-19
8.45159e-19
3.49764e-20
-1.98146e-18
-1.61863e-18
3.35744e-18
6.46247e-18
-2.43912e-18
-1.68206e-17
-8.7507e-18
3.035e-17
4.62441e-17
-2.61e-17
-1.25628e-16
-5.86832e-17
2.17982e-16
3.3366e-16
-1.44957e-16
-8.50925e-16
-5.38352e-16
1.24085e-15
2.38484e-15
-9.72473e-17
-4.98999e-15
-5.09459e-15
4.60921e-15
1.52314e-14
7.58932e-15
-2.16588e-14
-3.93159e-14
-2.63097e-15
7.30394e-14
9.02678e-14
-3.28293e-14
-2.10091e-13
-1.91514e-13
1.58889e-13
5.50512e-13
3.92194e-13
-5.13108e-13
-1.36232e-12
-8.21224e-13
1.37348e-12
3.25133e-12
1.86524e-12
-3.20773e-12
-7.54641e-12
-4.691e-12
6.50759e-12
1.69571e-11
1.2581e-11
-1.07596e-11
-3.60463e-11
-3.40291e-11
1.08164e-11
7.12469e-11
8.20874e-11
2.02359e-11
-1.16464e-10
-2.3785e-10
1.4664e-11
