ordre_1
1.4013e-45
2.8026e-45
4.2039e-45
5.60519e-45
7.00649e-45
8.40779e-45
9.80909e-45
1.12104e-44
1.26117e-44
1.4013e-44
1.54143e-44
1.68156e-44
1.82169e-44
1.96182e-44
2.10195e-44
2.24208e-44
2.38221e-44
2.52234e-44
2.66247e-44
2.8026e-44
2.94273e-44
3.08286e-44
3.22299e-44
3.36312e-44
3.50325e-44
3.64338e-44
3.78351e-44
3.92364e-44
4.06377e-44
4.2039e-44
4.34403e-44
4.48416e-44
4.62428e-44
4.76441e-44
4.90454e-44
5.04467e-44
5.1848e-44
5.32493e-44
5.46506e-44
5.60519e-44
5.74532e-44
5.88545e-44
6.02558e-44
6.16571e-44
6.30584e-44
6.44597e-44
6.5861e-44
6.72623e-44
7.14662e-44
1.14906e-43
3.54529e-43
1.62831e-42
8.2018e-42
4.13747e-41
2.05009e-40
9.94597e-40
4.72283e-39
2.19541e-38
9.99326e-38
4.45552e-37
1.94631e-36
8.33224e-36
3.49674e-35
1.43888e-34
5.80703e-34
2.29907e-33
8.93136e-33
3.40525e-32
1.2745e-31
4.68359e-31
1.69027e-30
5.99182e-30
2.08674e-29
7.14114e-29
2.40179e-28
7.94048e-28
2.58095e-27
8.24912e-27
2.59299e-26
8.01735e-26
2.43874e-25
7.29914e-25
2.14989e-24
6.23249e-24
1.77858e-23
4.99703e-23
1.38242e-22
3.7663e-22
1.01064e-21
2.67145e-21
6.95698e-21
1.78515e-20
4.51402e-20
1.12498e-19
2.7636e-19
6.69281e-19
1.59808e-18
3.76271e-18
8.73713e-18
2.00105e-17
4.52087e-17
