ordre_2
-1.4013e-45
-2.8026e-45
-2.8026e-45
-1.4013e-45
0
1.4013e-45
1.4013e-45
0
-1.4013e-45
-2.8026e-45
-2.8026e-45
-1.4013e-45
0
1.4013e-45
1.4013e-45
2.8026e-45
1.4013e-45
0
-1.4013e-45
-2.8026e-45
-4.2039e-45
-5.60519e-45
-5.60519e-45
-4.2039e-45
-2.8026e-45
-1.4013e-45
-1.4013e-45
-0
-0
-1.4013e-45
-2.8026e-45
-4.2039e-45
-5.60519e-45
-7.00649e-45
-7.00649e-45
-5.60519e-45
-4.2039e-45
-2.8026e-45
-1.4013e-45
-1.4013e-45
0
-1.4013e-45
-1.54143e-44
-1.96182e-44
2.8026e-45
1.96182e-44
-2.94273e-44
-7.70714e-44
4.48416e-44
2.24208e-43
-3.92364e-44
-6.34788e-43
-1.70958e-43
1.6213e-42
1.13365e-42
-3.85357e-42
-4.70136e-42
8.15836e-42
1.61191e-41
-1.41881e-41
-4.9016e-41
1.41461e-41
1.34959e-40
2.86089e-41
-3.36568e-40
-2.42072e-40
7.4643e-40
1.0059e-39
-1.39221e-39
-3.30563e-39
1.78686e-39
9.36416e-39
5.91264e-40
-2.33065e-38
-1.45449e-38
5.01681e-38
6.52205e-38
-8.69943e-38
-2.13659e-37
8.81609e-38
5.83055e-37
1.36446e-37
-1.35589e-36
-1.16359e-36
2.59659e-36
4.40638e-36
-3.46335e-36
-1.26196e-35
-2.68092e-37
2.94363e-35
2.25575e-35
-5.4729e-35
-1.00542e-34
6.95928e-35
3.15311e-34
-8.53433e-36
-7.95587e-34
-2.42044e-34
1.56359e-33
6.26988e-34
-1.62476e-33
