ordre_1
1.92154e-32
1.68405e-30
7.29944e-29
2.0862e-27
4.42253e-26
7.41694e-25
1.02497e-23
1.20041e-22
1.21619e-21
1.08278e-20
8.57642e-20
6.10438e-19
3.93665e-18
2.31616e-17
1.25064e-16
6.22917e-16
2.87471e-15
1.23404e-14
4.94486e-14
1.8554e-13
6.5377e-13
2.16897e-12
6.79175e-12
2.01186e-11
5.64988e-11
1.50732e-10
3.82796e-10
9.27223e-10
2.14639e-09
4.75777e-09
1.01192e-08
2.06937e-08
4.07775e-08
7.7601e-08
1.42952e-07
2.55531e-07
4.44326e-07
7.53449e-07
1.24906e-06
2.02925e-06
3.23818e-06
5.08597e-06
7.87672e-06
1.2047e-05
1.82185e-05
2.72685e-05
4.04233e-05
5.93797e-05
8.64625e-05
0.000124823
0.000178688
0.000253667
0.000357127
0.000498632
0.000690466
0.000948229
0.0012915
0.00174457
0.00233719
0.00310538
0.00409212
0.00534809
0.00693209
0.00891141
0.0113618
0.0143669
0.0180177
0.0224106
0.0276457
0.0338238
0.0410428
0.0493939
0.0589565
0.069793
0.0819435
0.0954202
0.110202
0.12623
0.143403
0.161577
0.180562
0.200123
0.219986
0.239837
0.259337
0.278124
0.295827
0.312079
0.326526
0.338842
0.348741
0.355989
0.360409
0.361895
0.360409
0.355989
0.348741
0.338842
0.326526
0.312079
0.295827
