ordre_2
8.33289e-17
-1.80959e-16
-7.52951e-16
8.86121e-16
3.74458e-15
-2.58937e-15
-1.514e-14
3.47157e-15
5.27682e-14
1.35308e-14
-1.57556e-13
-1.28224e-13
3.8311e-13
6.07904e-13
-6.43349e-13
-2.09574e-12
9.5593e-14
5.43911e-12
4.3103e-12
-9.53214e-12
-1.90063e-11
4.29119e-12
4.78266e-11
3.9217e-11
-6.38566e-11
-1.54411e-10
-3.89299e-11
2.75204e-10
4.08286e-10
-4.75153e-11
-8.59653e-10
-1.02235e-09
2.63283e-10
2.25004e-09
2.65454e-09
-2.30982e-10
-4.98111e-09
-7.00799e-09
-2.23479e-09
8.14314e-09
1.64905e-08
1.35389e-08
-3.65509e-09
-2.69555e-08
-4.03077e-08
-2.96979e-08
6.58012e-09
5.44601e-08
9.00343e-08
9.13542e-08
4.92003e-08
-2.88252e-08
-1.22143e-07
-2.05894e-07
-2.59582e-07
-2.71735e-07
-2.39252e-07
-1.62342e-07
-3.68978e-08
1.54403e-07
4.52395e-07
9.34792e-07
1.73567e-06
3.07535e-06
5.30632e-06
8.98246e-06
1.49603e-05
2.45431e-05
3.96823e-05
6.32528e-05
9.94247e-05
0.000154152
0.000235799
0.000355927
0.000530255
0.000779805
0.00113223
0.00162331
0.00229854
0.00321474
0.00444161
0.00606304
0.00817799
0.0109008
0.0143607
0.0187001
0.0240716
0.0306337
0.0385455
0.0479565
0.0590068
0.0717899
0.0864254
0.102795
0.121296
0.140554
0.164152
0.180914
0.222012
0.197208
0.359743
