ordre_2
-1.4013e-45
-2.8026e-45
-2.8026e-45
-1.4013e-45
0
1.4013e-45
1.4013e-45
0
-1.4013e-45
-2.8026e-45
-2.8026e-45
-1.4013e-45
0
1.4013e-45
1.4013e-45
2.8026e-45
1.4013e-45
0
-1.4013e-45
-2.8026e-45
-4.2039e-45
-5.60519e-45
-5.60519e-45
-4.2039e-45
-2.8026e-45
-1.4013e-45
-1.4013e-45
-0
-0
-1.4013e-45
-2.8026e-45
-4.2039e-45
-5.60519e-45
-7.00649e-45
-7.00649e-45
-5.60519e-45
-4.2039e-45
-2.8026e-45
-1.4013e-45
-1.4013e-45
-2.8026e-45
-4.2039e-45
-5.60519e-45
-7.00649e-45
-7.00649e-45
-8.40779e-45
-9.80909e-45
-1.12104e-44
-1.26117e-44
-1.4013e-44
-1.4013e-44
-1.54143e-44
-1.82169e-44
-1.26117e-44
5.60519e-45
7.00649e-45
-2.38221e-44
-2.8026e-44
5.1848e-44
8.96831e-44
-1.12104e-43
-3.08286e-43
1.27518e-43
8.37976e-43
3.78351e-44
-2.18743e-42
-1.15887e-42
5.10773e-42
5.52112e-42
-1.04327e-41
-1.95215e-41
1.67133e-41
5.86149e-41
-1.1642e-41
-1.55155e-40
-5.47445e-41
3.62027e-40
3.40036e-40
-7.20001e-40
-1.26535e-39
1.0822e-39
3.78996e-39
-5.13874e-40
-9.67925e-39
-4.34974e-39
2.09569e-38
2.30457e-38
-3.56019e-38
-7.82367e-38
3.12478e-38
2.15162e-37
8.12489e-38
-5.06618e-37
-5.59874e-37
1.03492e-36
1.96916e-36
-1.8219e-36
-5.02496e-36
2.65e-36
8.5576e-36
-2.28508e-36
