ordre_2
-4.89773e-39
6.55865e-40
4.37284e-38
-1.62803e-39
-2.15027e-37
-9.40561e-39
8.79322e-37
1.26509e-37
-3.26271e-36
-8.72113e-37
1.13389e-35
4.72112e-36
-3.74071e-35
-2.22438e-35
1.1773e-34
9.52097e-35
-3.53399e-34
-3.78426e-34
1.00694e-33
1.41393e-33
-2.6944e-33
-5.00038e-33
6.629e-33
1.67952e-32
-1.43141e-32
-5.36162e-32
2.36718e-32
1.62395e-31
-9.93881e-33
-4.64501e-31
-1.47678e-31
1.24353e-30
9.09751e-31
-3.06464e-30
-3.79955e-30
6.72298e-30
1.33217e-29
-1.20681e-29
-4.14287e-29
1.23664e-29
1.16079e-28
2.55427e-29
-2.91783e-28
-2.19384e-28
6.4093e-28
9.16169e-28
-1.13858e-27
-2.98763e-27
1.17248e-27
8.24986e-27
1.9835e-27
-1.94571e-26
-1.69933e-26
3.75419e-26
6.59587e-26
-4.92392e-26
-1.93648e-25
-1.03285e-26
4.61261e-25
3.43963e-25
-8.63058e-25
-1.43427e-24
1.01053e-24
4.12456e-24
6.89268e-25
-9.12004e-24
-8.55636e-24
1.4499e-23
3.10499e-23
-8.63983e-24
-7.77626e-23
-4.35084e-23
1.39968e-22
2.1419e-22
-1.33157e-22
-5.90369e-22
-2.12595e-22
1.11767e-21
1.44964e-21
-1.15414e-21
-4.19085e-21
-1.30539e-21
7.83691e-21
1.00544e-20
-7.32248e-21
-2.82466e-20
-1.15382e-20
4.82814e-20
7.15607e-20
-3.0962e-20
-1.80114e-19
-1.11718e-19
2.53313e-19
4.73069e-19
1.55271e-20
-9.62562e-19
-1.21605e-18
1.06455e-18
3.66094e-18
-2.89476e-19
-4.37796e-18
