ordre_1
1.4013e-45
2.8026e-45
4.2039e-45
5.60519e-45
7.00649e-45
8.40779e-45
9.80909e-45
1.12104e-44
1.26117e-44
1.4013e-44
1.54143e-44
1.68156e-44
1.82169e-44
1.96182e-44
2.10195e-44
2.24208e-44
2.38221e-44
2.52234e-44
2.66247e-44
2.8026e-44
2.94273e-44
3.08286e-44
3.22299e-44
3.36312e-44
3.50325e-44
3.64338e-44
3.78351e-44
3.92364e-44
4.06377e-44
4.2039e-44
4.34403e-44
4.48416e-44
4.62428e-44
4.76441e-44
4.90454e-44
5.04467e-44
5.1848e-44
5.32493e-44
5.46506e-44
5.60519e-44
5.74532e-44
5.88545e-44
6.02558e-44
6.16571e-44
6.30584e-44
6.44597e-44
6.86636e-44
1.00893e-43
2.92871e-43
1.33404e-42
6.84254e-42
3.52959e-41
1.78846e-40
8.86767e-40
4.3004e-39
2.04015e-38
9.47095e-38
4.30367e-37
1.91481e-36
8.3441e-36
3.56223e-35
1.49028e-34
6.1113e-34
2.45712e-33
9.68842e-33
3.74728e-32
1.42205e-31
5.29597e-31
1.93599e-30
6.94829e-30
2.44883e-29
8.47679e-29
2.88257e-28
9.63131e-28
3.16248e-27
1.02067e-26
3.23841e-26
1.01028e-25
3.09947e-25
9.35279e-25
2.77632e-24
8.10851e-24
2.33036e-23
6.59141e-23
1.83516e-22
5.03001e-22
1.35747e-21
3.60755e-21
9.44238e-21
2.43441e-20
6.18315e-20
1.54734e-19
3.81576e-19
9.27368e-19
2.22155e-18
5.24627e-18
1.2215e-17
2.80437e-17
6.34951e-17
1.41795e-16
3.12361e-16
