ordre_2
2.34772e-24
1.26292e-23
-1.97921e-23
-7.58981e-23
8.59077e-23
3.40432e-22
-2.82198e-22
-1.33989e-21
7.12486e-22
4.83185e-21
-1.06913e-21
-1.61543e-20
-1.78921e-21
4.99776e-20
2.39456e-20
-1.41343e-19
-1.29676e-19
3.5574e-19
5.36496e-19
-7.49056e-19
-1.87723e-18
1.07663e-18
5.69999e-18
3.55966e-19
-1.49236e-17
-1.00808e-17
3.23051e-17
4.7003e-17
-5.01122e-17
-1.52724e-16
1.47244e-17
3.85431e-16
2.56309e-16
-7.26064e-16
-1.18816e-15
7.35977e-16
3.38131e-15
1.20111e-15
-6.65844e-15
-8.6722e-15
6.95191e-15
2.5677e-14
9.21656e-15
-4.67522e-14
-6.60515e-14
3.28736e-14
1.72852e-13
1.11943e-13
-2.3811e-13
-4.86225e-13
-5.15753e-14
9.17981e-13
1.14298e-12
-4.91054e-13
-2.80149e-12
-2.37344e-12
2.50176e-12
7.54612e-12
4.64005e-12
-8.2018e-12
-1.89559e-11
-9.44742e-12
2.19014e-11
4.57964e-11
2.24114e-11
-5.00084e-11
-1.0737e-10
-6.26285e-11
9.52463e-11
2.40614e-10
1.85405e-10
-1.29903e-10
-4.94144e-10
-5.19936e-10
1.77181e-11
8.5503e-10
1.27624e-09
6.30092e-10
-9.9478e-10
-2.5284e-09
-2.49991e-09
-2.01296e-10
3.39657e-09
5.83583e-09
4.64387e-09
-7.28494e-10
-7.87109e-09
-1.22682e-08
-9.8566e-09
1.20766e-10
1.37875e-08
2.39513e-08
2.35778e-08
9.92419e-09
-1.36489e-08
-3.72445e-08
-5.10491e-08
-4.43466e-08
-1.69142e-08
1.35208e-08
9.94139e-08
